96 1749
57 57 
35 11 
62 62 
79 25 
69 22 
54 54 
85 27 
66 198 
53 53 
63 63 
50 50 
69 207 
37 37 
40 40 
67 201 
53 17 
22 6 
33 99 
49 49 
25 75 
17 51 
12 36 
45 45 
64 64 
28 8 
84 252 
23 69 
78 25 
4 0 
75 225 
17 5 
50 150 
45 135 
29 9 
91 29 
41 41 
91 273 
93 279 
36 36 
61 61 
31 93 
60 19 
58 58 
44 44 
76 24 
3 0 
42 13 
95 285 
42 42 
56 56 
48 144 
94 282 
85 255 
43 43 
31 9 
15 4 
48 48 
48 15 
60 180 
34 34 
35 35 
52 52 
15 45 
47 47 
59 19 
71 23 
75 24 
38 12 
26 78 
60 60 
18 54 
4 12 
71 213 
39 39 
55 55 
89 267 
46 14 
62 20 
51 51 
12 3 
8 24 
19 57 
38 38 
59 59 
65 21 
68 22 
73 23 
24 72 
41 13 
62 186 
59 177 
46 46 
35 105 
43 13 
52 16 
77 231 
