199 7042
103 33 
58 18 
45 14 
18 5 
79 25 
111 36 
69 207 
40 12 
178 58 
134 44 
92 276 
51 153 
151 453 
122 40 
190 62 
187 61 
143 429 
59 19 
72 23 
176 528 
122 366 
24 7 
170 56 
120 39 
60 180 
5 15 
133 43 
115 37 
191 573 
75 24 
136 44 
46 138 
16 4 
139 417 
98 294 
168 504 
154 50 
55 165 
179 537 
109 35 
105 34 
174 57 
137 45 
34 102 
96 31 
161 53 
25 7 
43 129 
63 20 
113 339 
154 462 
46 14 
101 33 
7 1 
149 49 
181 59 
196 64 
12 36 
158 52 
36 11 
76 24 
66 21 
159 52 
13 39 
162 53 
165 54 
13 3 
194 582 
50 16 
100 32 
188 62 
182 60 
20 6 
198 65 
61 19 
131 43 
143 47 
135 405 
90 29 
42 13 
183 60 
142 46 
64 20 
14 4 
87 28 
97 291 
172 56 
95 31 
125 41 
173 57 
98 32 
66 198 
102 33 
164 54 
86 28 
6 1 
115 345 
55 17 
163 53 
97 31 
83 27 
162 486 
153 459 
51 16 
129 42 
157 471 
130 42 
5 1 
168 55 
150 49 
4 0 
124 40 
20 60 
121 39 
88 28 
82 26 
178 534 
80 26 
155 51 
70 210 
81 243 
199 65 
106 34 
33 99 
145 47 
116 38 
74 222 
180 59 
21 63 
139 45 
48 144 
8 2 
169 507 
57 18 
29 9 
53 159 
32 10 
15 4 
108 35 
48 15 
171 56 
92 30 
8 24 
35 11 
177 58 
89 29 
104 34 
147 48 
47 15 
187 561 
128 42 
60 19 
160 52 
188 564 
3 0 
68 22 
158 474 
184 552 
90 270 
120 360 
78 25 
65 21 
27 81 
102 306 
86 258 
116 348 
29 87 
121 363 
104 312 
105 315 
68 204 
65 195 
156 51 
17 51 
81 26 
54 17 
52 16 
184 60 
75 225 
62 186 
10 2 
195 64 
181 543 
125 375 
30 9 
126 41 
44 14 
23 7 
117 351 
62 20 
156 468 
148 444 
6 18 
166 54 
24 72 
34 10 
9 27 
26 8 
69 22 
