83 1332
64 20 
14 4 
28 8 
58 174 
6 1 
36 11 
3 0 
44 132 
41 123 
16 4 
47 15 
57 18 
52 16 
13 3 
26 8 
72 216 
65 21 
21 6 
32 96 
37 11 
73 219 
62 20 
42 13 
46 14 
25 7 
19 57 
7 1 
49 147 
51 16 
10 2 
52 156 
43 129 
22 6 
11 3 
3 9 
82 26 
17 51 
67 21 
67 201 
60 19 
34 10 
37 111 
80 240 
12 3 
5 15 
15 4 
11 33 
66 21 
80 26 
56 18 
46 138 
24 72 
8 2 
30 9 
76 24 
53 17 
81 26 
78 25 
55 17 
30 90 
83 249 
68 22 
23 7 
5 1 
63 20 
72 23 
18 54 
43 13 
39 12 
84 27 
82 246 
77 25 
38 12 
45 135 
23 69 
48 15 
13 39 
78 234 
27 8 
40 120 
34 102 
29 87 
24 7 
