110 2261
104 312 
30 9 
97 31 
56 168 
39 117 
9 27 
108 35 
22 66 
38 12 
64 20 
89 29 
36 11 
61 19 
16 48 
53 159 
105 315 
59 19 
16 4 
11 33 
47 15 
47 141 
92 30 
74 222 
50 150 
7 1 
94 30 
98 294 
80 240 
77 231 
58 174 
88 28 
40 12 
58 18 
107 35 
76 24 
87 28 
4 0 
10 30 
55 17 
49 15 
62 20 
83 27 
50 16 
32 96 
41 123 
27 8 
38 114 
106 34 
90 29 
23 69 
9 2 
111 36 
102 306 
10 2 
26 78 
28 8 
96 31 
46 14 
25 7 
2 6 
6 1 
23 7 
14 42 
90 270 
85 27 
56 18 
37 11 
44 14 
93 30 
63 20 
100 300 
15 4 
5 1 
42 13 
79 25 
25 75 
84 27 
12 3 
98 32 
107 321 
24 72 
20 6 
69 207 
31 9 
66 21 
86 28 
18 5 
35 11 
65 195 
102 33 
94 282 
21 63 
71 23 
60 19 
21 6 
91 29 
26 8 
12 36 
8 2 
76 228 
101 33 
100 32 
68 22 
36 108 
14 4 
99 297 
33 10 
17 5 
65 21 
6 18 
