188 6308
92 276 
179 537 
80 26 
140 46 
65 65 
188 564 
92 30 
132 396 
80 80 
8 2 
178 58 
148 444 
89 29 
42 126 
78 78 
115 345 
9 27 
91 91 
102 102 
90 29 
171 513 
145 47 
175 57 
103 103 
162 486 
106 106 
71 71 
93 93 
113 113 
69 207 
138 45 
3 0 
43 13 
120 120 
125 375 
87 87 
140 420 
58 18 
119 119 
82 26 
112 112 
80 240 
66 21 
81 81 
150 450 
88 28 
47 141 
56 168 
46 138 
120 39 
150 49 
114 342 
34 102 
77 25 
120 360 
74 222 
9 2 
75 75 
72 72 
170 510 
34 10 
33 10 
62 20 
161 483 
146 438 
182 546 
114 114 
18 5 
63 189 
85 27 
10 2 
77 77 
89 89 
133 43 
117 38 
109 109 
73 73 
111 111 
13 3 
5 1 
112 336 
85 85 
90 90 
104 104 
169 507 
67 67 
64 64 
186 61 
137 45 
45 14 
85 255 
54 17 
107 321 
122 122 
82 246 
83 83 
185 555 
24 72 
51 153 
63 20 
183 549 
69 69 
91 273 
158 474 
185 61 
135 44 
92 92 
104 34 
87 261 
142 46 
36 11 
66 66 
109 327 
123 123 
20 6 
60 180 
86 258 
115 115 
93 30 
108 108 
64 192 
180 540 
98 98 
116 116 
76 76 
171 56 
28 8 
118 118 
123 369 
179 59 
97 31 
65 195 
61 183 
17 51 
101 33 
100 32 
121 39 
98 294 
101 101 
187 61 
70 70 
78 25 
93 279 
64 20 
99 99 
24 7 
94 94 
62 186 
6 18 
82 82 
151 49 
107 107 
96 96 
108 35 
113 339 
29 9 
39 117 
117 117 
130 390 
74 74 
48 144 
168 504 
184 552 
68 22 
84 84 
121 121 
100 100 
124 124 
97 97 
25 75 
10 30 
88 88 
86 86 
105 105 
33 99 
11 3 
105 315 
32 10 
47 15 
122 40 
43 129 
57 171 
109 35 
110 110 
95 95 
30 90 
79 79 
68 68 
