128 3015
41 13 
119 357 
95 285 
68 204 
42 126 
17 5 
47 141 
92 276 
74 74 
52 156 
69 207 
5 1 
106 34 
113 339 
70 210 
6 1 
52 52 
58 58 
101 33 
56 56 
130 42 
53 17 
57 57 
104 34 
91 29 
53 53 
90 29 
6 18 
112 36 
74 24 
67 67 
82 82 
79 237 
30 90 
84 84 
19 5 
83 83 
104 312 
76 76 
75 75 
73 23 
55 55 
65 65 
45 14 
69 22 
21 6 
81 26 
26 78 
67 201 
63 63 
59 177 
75 24 
73 73 
70 70 
59 59 
49 49 
48 48 
13 39 
44 14 
25 75 
100 300 
63 189 
7 21 
110 330 
77 77 
124 40 
40 120 
31 93 
44 44 
36 11 
30 9 
84 252 
51 51 
79 25 
125 41 
80 80 
123 369 
89 29 
38 114 
47 47 
46 46 
107 321 
94 282 
125 375 
29 9 
54 54 
12 36 
85 27 
60 60 
128 384 
13 3 
76 24 
50 16 
103 309 
124 372 
117 38 
108 324 
46 138 
61 61 
79 79 
8 2 
45 45 
81 81 
62 62 
39 12 
66 66 
16 48 
9 27 
25 7 
27 81 
82 26 
50 50 
3 9 
68 68 
73 219 
128 42 
123 40 
102 306 
64 64 
34 10 
69 69 
10 2 
71 71 
126 41 
72 72 
56 168 
78 78 
74 222 
