89 274
36 11 
4 12 
79 25 
70 210 
45 14 
76 228 
73 219 
59 177 
34 102 
63 20 
21 63 
74 23 
24 72 
71 22 
80 240 
82 246 
13 3 
4 0 
86 258 
41 12 
64 192 
56 168 
79 237 
88 28 
25 7 
52 156 
52 16 
50 15 
66 21 
20 60 
15 4 
39 117 
75 225 
58 18 
72 23 
47 141 
32 9 
84 27 
88 264 
71 213 
33 99 
87 28 
60 180 
81 26 
19 57 
76 24 
22 6 
29 8 
85 27 
77 24 
59 18 
37 111 
28 84 
38 114 
80 25 
41 123 
66 198 
90 29 
50 150 
54 17 
48 144 
11 2 
6 18 
37 11 
7 1 
81 243 
10 30 
57 18 
56 17 
83 249 
89 28 
2 6 
55 165 
21 6 
61 183 
13 39 
69 22 
53 16 
68 21 
74 222 
67 21 
27 8 
62 186 
43 129 
36 108 
51 153 
45 135 
64 20 
43 13 
