166 511
99 297 
101 32 
75 24 
161 52 
13 39 
128 41 
133 399 
138 414 
49 147 
55 165 
19 5 
51 16 
158 474 
73 219 
88 264 
156 51 
140 420 
86 27 
71 22 
145 47 
87 261 
23 69 
119 357 
116 37 
112 336 
55 17 
27 8 
86 258 
43 129 
6 18 
129 387 
43 13 
162 486 
71 213 
142 426 
12 3 
94 30 
117 351 
85 255 
102 33 
165 495 
54 17 
74 222 
45 135 
57 171 
148 48 
66 198 
56 17 
101 303 
5 15 
24 72 
137 411 
63 20 
154 50 
18 5 
33 10 
81 243 
109 327 
126 378 
53 159 
82 246 
32 96 
118 38 
39 12 
39 117 
162 53 
46 138 
84 252 
47 14 
138 45 
58 174 
125 40 
2 6 
105 315 
72 216 
151 453 
41 123 
111 36 
118 354 
62 19 
159 477 
8 24 
48 15 
119 38 
11 2 
144 432 
104 312 
42 126 
37 11 
136 408 
139 45 
108 324 
65 20 
67 201 
79 237 
13 3 
96 288 
9 2 
127 381 
95 285 
51 153 
150 450 
143 46 
44 132 
30 90 
10 2 
42 13 
157 51 
121 39 
139 417 
38 11 
98 31 
116 348 
20 5 
122 39 
131 42 
141 423 
102 306 
159 52 
136 44 
17 4 
132 43 
34 102 
80 25 
14 3 
35 10 
72 23 
57 18 
120 39 
113 36 
150 49 
104 33 
121 363 
77 231 
152 49 
77 24 
124 40 
29 87 
89 267 
167 54 
21 63 
18 54 
6 1 
163 53 
91 273 
94 282 
164 53 
12 36 
93 30 
65 195 
89 28 
53 16 
115 345 
76 24 
134 402 
31 9 
130 42 
25 7 
60 19 
166 54 
45 14 
108 35 
161 483 
4 0 
114 342 
84 27 
