82 252
16 4 
79 25 
65 195 
21 63 
78 234 
56 17 
12 36 
25 75 
72 216 
60 180 
69 22 
49 15 
48 15 
13 39 
67 201 
47 14 
74 23 
7 1 
6 18 
11 33 
48 144 
59 177 
67 21 
42 126 
71 213 
28 8 
8 24 
26 7 
64 192 
34 102 
31 93 
25 7 
3 9 
83 26 
18 5 
50 150 
84 27 
58 174 
37 11 
17 4 
50 15 
27 81 
28 84 
5 15 
9 2 
8 1 
14 3 
31 9 
10 30 
23 6 
57 18 
33 99 
60 19 
26 78 
70 210 
22 66 
55 17 
66 198 
75 24 
4 12 
14 42 
45 14 
64 20 
68 21 
43 13 
81 26 
81 243 
20 5 
1 3 
7 21 
5 0 
77 24 
54 162 
69 207 
15 4 
33 10 
74 222 
79 237 
66 21 
23 69 
76 24 
59 18 
