180 5800
108 35 
112 112 
180 540 
68 68 
94 94 
106 106 
96 96 
97 97 
156 468 
117 117 
40 120 
166 498 
144 432 
125 375 
175 525 
78 78 
154 50 
115 37 
81 26 
170 56 
41 123 
148 444 
130 390 
70 22 
8 2 
112 336 
105 105 
132 396 
83 27 
108 108 
172 56 
156 51 
45 135 
44 132 
119 119 
91 91 
45 14 
111 333 
83 83 
49 15 
114 114 
40 12 
54 17 
17 51 
118 118 
33 10 
60 180 
103 33 
128 42 
15 45 
29 9 
82 82 
135 405 
139 417 
141 46 
3 0 
120 360 
53 17 
162 53 
158 474 
115 115 
46 14 
150 450 
101 101 
78 25 
141 423 
69 69 
161 483 
22 6 
86 86 
79 79 
96 31 
70 210 
133 399 
101 303 
18 54 
100 100 
169 55 
38 12 
102 102 
76 76 
67 21 
84 84 
102 306 
107 107 
64 192 
64 64 
85 85 
131 393 
20 6 
177 531 
37 11 
8 24 
173 57 
36 108 
147 441 
38 114 
90 90 
120 39 
154 462 
73 219 
158 52 
76 24 
7 21 
88 88 
67 67 
65 65 
56 18 
35 11 
33 99 
120 120 
66 21 
92 92 
118 38 
110 36 
99 99 
98 98 
107 321 
32 96 
93 93 
111 111 
83 249 
72 72 
119 357 
81 81 
104 104 
143 429 
93 30 
129 42 
63 63 
148 48 
60 19 
73 73 
95 95 
26 78 
113 113 
80 80 
110 110 
116 116 
95 285 
22 66 
149 447 
77 77 
66 66 
82 246 
74 74 
75 75 
157 51 
69 22 
127 41 
87 87 
62 20 
14 42 
61 19 
87 28 
132 43 
68 22 
152 456 
138 414 
79 237 
62 62 
71 71 
64 20 
74 222 
115 345 
105 34 
91 29 
109 109 
103 103 
142 46 
12 36 
89 89 
89 29 
137 45 
70 70 
171 513 
117 351 
7 1 
99 32 
78 234 
