164 4847
90 270 
16 4 
92 92 
103 103 
112 36 
19 5 
55 17 
126 378 
111 333 
102 102 
72 72 
63 63 
41 123 
131 393 
60 60 
102 33 
116 38 
88 88 
93 93 
131 43 
105 105 
56 56 
34 10 
70 210 
69 69 
101 101 
99 32 
78 78 
31 93 
95 95 
149 447 
85 85 
83 249 
10 2 
58 58 
139 417 
21 63 
67 67 
108 324 
81 81 
61 19 
30 9 
38 12 
163 53 
72 216 
107 321 
33 10 
100 32 
144 47 
114 342 
104 312 
97 291 
120 360 
63 189 
70 70 
98 32 
136 408 
147 441 
105 34 
64 64 
74 222 
99 297 
102 306 
122 366 
118 38 
91 91 
135 405 
129 42 
93 279 
154 50 
112 336 
59 59 
22 66 
85 255 
63 20 
86 86 
61 61 
58 174 
16 48 
156 468 
74 74 
166 54 
68 68 
77 77 
89 29 
121 39 
99 99 
38 114 
98 98 
121 363 
42 13 
21 6 
82 82 
57 57 
158 474 
7 1 
8 2 
75 225 
108 108 
17 51 
107 107 
115 345 
150 49 
106 106 
75 75 
117 38 
124 40 
62 62 
97 31 
77 231 
53 159 
71 71 
94 94 
89 89 
79 79 
104 104 
135 44 
71 213 
127 41 
90 90 
67 201 
66 66 
163 489 
26 8 
67 21 
97 97 
65 65 
133 43 
5 1 
140 420 
100 100 
53 17 
75 24 
39 12 
68 204 
80 80 
44 132 
96 288 
47 15 
159 52 
76 76 
98 294 
84 84 
87 87 
94 30 
6 18 
15 4 
54 17 
143 429 
80 26 
96 96 
44 14 
96 31 
37 111 
46 14 
77 25 
23 69 
83 83 
56 18 
62 186 
12 36 
79 237 
73 73 
94 282 
