80 246
79 237 
45 135 
45 14 
59 18 
11 33 
71 213 
70 210 
5 15 
80 25 
8 24 
33 99 
31 9 
10 2 
26 78 
46 138 
69 207 
56 168 
50 150 
76 228 
61 19 
68 204 
63 20 
13 39 
75 225 
55 17 
6 18 
41 123 
54 162 
47 14 
36 11 
61 183 
33 10 
48 144 
49 15 
81 26 
28 84 
82 26 
26 7 
59 177 
52 16 
22 6 
5 0 
29 87 
25 7 
17 4 
66 21 
40 120 
51 16 
76 24 
19 5 
78 234 
64 192 
25 75 
74 23 
7 1 
54 17 
21 63 
12 36 
21 6 
19 57 
15 4 
35 105 
23 6 
4 12 
11 2 
60 19 
50 15 
10 30 
32 9 
43 129 
39 12 
80 240 
62 19 
2 6 
24 72 
56 17 
40 12 
35 10 
13 3 
47 141 
