100 308
89 267 
52 156 
82 26 
77 24 
15 4 
42 126 
34 10 
12 3 
20 5 
27 8 
43 13 
50 15 
95 30 
23 69 
14 3 
69 207 
92 29 
79 25 
76 228 
30 9 
11 33 
63 189 
84 252 
68 21 
69 22 
52 16 
4 0 
85 255 
19 5 
75 225 
28 84 
54 162 
8 24 
100 32 
9 27 
34 102 
96 31 
95 285 
32 96 
72 23 
64 192 
99 297 
49 147 
47 141 
11 2 
72 216 
17 4 
8 1 
99 32 
62 19 
67 201 
21 6 
59 18 
30 90 
55 17 
21 63 
70 22 
98 294 
37 111 
12 36 
78 234 
61 183 
13 3 
48 144 
83 26 
80 240 
76 24 
43 129 
46 14 
38 114 
39 12 
60 19 
33 10 
16 4 
84 27 
57 171 
41 123 
62 186 
42 13 
29 87 
102 33 
19 57 
36 11 
60 180 
31 93 
3 9 
47 14 
20 60 
87 261 
97 31 
17 51 
57 18 
7 1 
15 45 
51 16 
6 1 
74 222 
18 54 
74 23 
77 231 
