170 5194
46 14 
100 100 
26 8 
151 453 
17 51 
163 489 
29 9 
60 180 
106 318 
96 96 
142 426 
144 47 
27 81 
97 97 
75 75 
8 24 
127 41 
150 450 
62 20 
124 40 
52 156 
140 420 
63 63 
65 21 
104 104 
89 29 
6 1 
156 468 
24 7 
82 82 
99 99 
117 38 
62 62 
65 195 
120 360 
36 11 
88 88 
68 68 
69 69 
90 90 
51 16 
72 72 
60 60 
159 477 
63 20 
155 51 
109 109 
113 37 
167 501 
146 48 
169 55 
134 402 
66 198 
157 51 
106 106 
79 79 
38 114 
74 74 
31 9 
96 31 
67 67 
84 252 
92 92 
86 86 
21 6 
63 189 
66 66 
8 2 
65 65 
44 14 
152 456 
70 70 
86 258 
147 48 
9 27 
58 18 
119 357 
112 112 
84 84 
136 408 
73 73 
154 462 
68 204 
110 110 
108 108 
85 85 
171 56 
139 45 
120 39 
132 396 
64 64 
81 81 
16 48 
77 77 
80 80 
149 447 
10 2 
71 71 
110 330 
13 39 
137 411 
18 5 
133 399 
89 267 
83 27 
166 54 
77 25 
114 37 
139 417 
7 1 
124 372 
128 384 
116 348 
93 93 
74 24 
89 89 
150 49 
123 369 
87 87 
97 291 
147 441 
94 94 
112 36 
72 23 
108 35 
149 49 
23 7 
107 107 
14 4 
72 216 
103 103 
61 183 
7 21 
131 393 
148 48 
105 105 
85 255 
88 264 
50 16 
61 61 
77 231 
17 5 
20 6 
98 98 
103 309 
101 101 
76 76 
33 99 
152 50 
163 53 
146 438 
3 0 
18 54 
37 11 
111 111 
102 102 
78 78 
83 83 
165 495 
69 22 
107 321 
58 58 
95 95 
164 492 
91 91 
111 36 
145 47 
59 59 
100 300 
2 6 
