154 4294
78 78 
128 42 
93 93 
127 381 
90 90 
74 74 
6 18 
57 18 
69 207 
86 86 
67 67 
18 5 
25 7 
114 342 
134 44 
118 354 
94 94 
115 37 
14 4 
86 28 
96 96 
43 129 
144 432 
65 65 
44 132 
150 49 
156 51 
95 95 
144 47 
146 48 
109 35 
69 22 
39 12 
73 73 
132 43 
62 62 
62 186 
72 216 
77 77 
81 81 
66 66 
102 102 
63 63 
83 27 
145 435 
43 13 
99 99 
152 50 
91 273 
11 3 
87 87 
75 75 
53 53 
16 48 
97 97 
52 16 
94 30 
154 462 
129 387 
120 360 
56 56 
31 9 
67 21 
105 34 
70 70 
14 42 
135 405 
147 441 
56 168 
95 285 
104 34 
57 57 
75 225 
100 32 
86 258 
50 150 
53 159 
47 141 
79 79 
98 294 
18 54 
91 91 
76 76 
98 98 
85 85 
140 420 
125 41 
74 222 
39 117 
4 12 
139 45 
123 40 
61 61 
59 59 
80 80 
5 15 
138 45 
92 92 
71 71 
59 19 
64 64 
138 414 
73 219 
152 456 
77 25 
107 321 
27 81 
22 66 
15 4 
50 16 
64 192 
54 54 
22 6 
142 426 
34 102 
51 16 
71 23 
99 297 
121 363 
55 17 
100 100 
83 83 
24 72 
46 14 
60 60 
82 82 
65 195 
66 198 
63 189 
88 88 
89 89 
4 0 
101 101 
141 46 
122 40 
153 50 
84 27 
139 417 
102 306 
66 21 
69 69 
87 28 
28 8 
72 72 
93 30 
37 111 
55 55 
95 31 
58 58 
84 84 
146 438 
46 138 
27 8 
68 68 
