152 4188
125 375 
91 29 
96 96 
147 441 
32 96 
138 45 
16 4 
50 16 
3 0 
29 9 
17 5 
88 88 
66 66 
9 2 
55 17 
149 49 
113 339 
96 288 
98 98 
77 77 
153 50 
67 201 
90 270 
93 93 
97 291 
81 26 
55 55 
146 438 
126 41 
73 23 
45 14 
107 35 
56 56 
48 144 
25 75 
27 81 
82 82 
52 52 
94 94 
57 57 
109 327 
95 285 
62 62 
127 381 
64 64 
90 90 
60 60 
68 68 
99 99 
72 72 
1 3 
141 46 
78 78 
59 19 
77 25 
61 61 
89 89 
76 228 
30 90 
17 51 
126 378 
142 46 
107 321 
40 120 
73 219 
85 27 
68 22 
92 276 
70 70 
67 21 
91 91 
7 1 
121 39 
117 351 
69 69 
152 50 
61 19 
95 95 
12 3 
89 267 
69 207 
87 87 
19 5 
53 53 
97 97 
37 111 
79 79 
119 39 
59 59 
58 18 
87 261 
33 10 
100 100 
71 213 
65 65 
11 3 
103 309 
63 20 
73 73 
56 18 
75 75 
119 357 
98 294 
14 42 
80 80 
112 36 
100 300 
43 13 
86 86 
24 72 
64 20 
26 8 
96 31 
124 40 
118 38 
122 40 
92 30 
149 447 
10 2 
19 57 
85 85 
26 78 
110 330 
127 41 
102 306 
67 67 
75 225 
136 44 
63 189 
58 58 
112 336 
130 390 
76 76 
99 32 
4 12 
81 81 
83 83 
108 324 
116 348 
92 92 
47 141 
74 74 
35 105 
71 71 
3 9 
36 108 
54 54 
84 84 
105 315 
57 18 
70 22 
63 63 
