103 1997
10 30 
37 37 
22 6 
102 33 
99 32 
38 114 
52 156 
67 201 
53 53 
63 189 
94 282 
45 14 
89 267 
82 26 
9 2 
43 43 
57 57 
83 249 
55 17 
32 10 
47 47 
63 20 
39 12 
69 22 
39 39 
48 48 
75 24 
45 45 
86 258 
20 60 
66 66 
77 231 
5 1 
41 123 
56 56 
3 0 
65 21 
68 22 
36 108 
67 67 
73 219 
50 150 
59 59 
49 49 
52 52 
63 63 
38 12 
48 15 
51 16 
12 3 
71 213 
42 42 
74 24 
55 165 
15 45 
97 291 
4 12 
68 68 
55 55 
91 29 
44 44 
99 297 
78 234 
50 50 
61 61 
28 8 
74 222 
85 255 
54 54 
36 36 
76 24 
65 65 
60 60 
41 41 
96 288 
51 51 
58 58 
27 81 
57 18 
29 9 
34 102 
90 270 
49 15 
62 62 
21 6 
46 138 
8 24 
16 4 
1 3 
40 40 
84 252 
9 27 
19 57 
38 38 
46 46 
52 16 
34 10 
64 64 
33 99 
103 309 
60 19 
90 29 
26 8 
