168 5077
25 75 
34 10 
37 11 
147 441 
121 363 
88 88 
29 9 
18 54 
27 8 
5 15 
70 70 
113 37 
95 285 
8 24 
62 186 
89 89 
14 4 
158 52 
95 95 
151 49 
115 37 
82 82 
149 447 
77 231 
154 462 
31 9 
122 366 
94 282 
20 60 
92 92 
58 58 
83 27 
85 85 
105 315 
65 21 
93 30 
84 27 
35 11 
97 97 
59 19 
145 435 
108 324 
140 420 
106 106 
5 1 
80 80 
39 117 
83 83 
64 64 
94 94 
109 327 
142 46 
135 44 
70 22 
86 86 
157 51 
76 76 
65 65 
98 98 
13 3 
78 78 
102 102 
90 90 
72 72 
56 18 
71 23 
31 93 
39 12 
59 59 
44 14 
46 14 
15 45 
34 102 
158 474 
154 50 
118 354 
43 129 
15 4 
100 100 
164 492 
74 74 
124 372 
99 32 
52 16 
61 19 
112 336 
14 42 
45 135 
126 41 
134 44 
109 109 
152 456 
66 21 
161 53 
41 123 
163 489 
62 20 
75 75 
54 17 
79 79 
66 66 
81 81 
60 19 
61 61 
101 101 
91 91 
110 110 
125 375 
87 261 
35 105 
9 2 
16 48 
146 48 
10 30 
11 33 
73 23 
144 47 
79 237 
50 16 
36 11 
134 402 
62 62 
142 426 
73 73 
87 87 
123 369 
45 14 
112 112 
129 42 
69 69 
108 108 
110 36 
100 32 
90 270 
105 105 
68 68 
48 15 
111 111 
133 399 
107 107 
12 36 
168 504 
103 103 
84 84 
77 77 
58 174 
9 27 
27 81 
67 67 
104 104 
123 40 
67 21 
77 25 
151 453 
71 71 
63 63 
60 60 
155 465 
93 93 
161 483 
106 318 
96 96 
11 3 
52 156 
164 54 
20 6 
99 99 
162 486 
