162 4734
88 264 
54 162 
93 279 
32 10 
97 97 
141 46 
106 34 
77 25 
123 369 
44 132 
134 44 
71 71 
18 54 
67 67 
59 19 
69 69 
148 444 
152 50 
64 20 
90 270 
116 38 
56 168 
76 228 
163 53 
119 39 
93 93 
106 106 
100 100 
23 7 
55 17 
58 58 
103 103 
82 82 
27 8 
70 70 
99 99 
50 150 
109 35 
34 102 
58 18 
1 3 
149 447 
51 153 
76 76 
115 37 
86 86 
95 285 
132 43 
88 88 
29 87 
102 102 
8 24 
83 249 
71 213 
25 7 
6 1 
143 47 
92 92 
87 87 
96 96 
81 26 
93 30 
85 85 
20 6 
91 91 
80 240 
21 63 
61 61 
59 59 
97 291 
103 33 
100 300 
108 108 
140 46 
101 33 
85 255 
124 372 
40 120 
110 36 
55 165 
33 99 
62 62 
98 294 
56 56 
81 81 
129 387 
4 0 
65 65 
121 363 
43 13 
3 0 
68 68 
137 411 
107 107 
78 78 
57 57 
11 3 
73 219 
95 95 
69 22 
6 18 
59 177 
148 48 
139 417 
84 252 
26 8 
53 159 
122 40 
72 72 
40 12 
73 73 
92 30 
143 429 
84 27 
47 15 
89 89 
63 20 
101 101 
27 81 
33 10 
82 246 
98 98 
135 405 
83 83 
64 64 
111 333 
83 27 
60 60 
16 48 
74 74 
128 42 
94 94 
80 80 
108 324 
18 5 
104 104 
72 23 
113 37 
105 105 
75 75 
43 129 
97 31 
79 79 
126 378 
24 7 
90 90 
134 402 
84 84 
138 414 
4 12 
89 267 
63 63 
162 486 
85 27 
48 144 
77 77 
5 1 
154 50 
66 66 
137 45 
62 20 
142 426 
