148 3979
65 65 
83 83 
138 45 
121 39 
84 27 
127 381 
58 174 
76 76 
15 4 
68 204 
1 3 
39 117 
42 126 
70 22 
101 303 
93 93 
11 3 
69 22 
54 162 
126 378 
134 44 
55 165 
91 273 
128 384 
51 16 
122 366 
59 59 
67 67 
72 72 
52 52 
109 35 
66 66 
23 7 
90 90 
39 12 
75 75 
94 94 
123 40 
96 288 
64 192 
51 51 
57 171 
95 95 
52 16 
55 55 
31 9 
43 13 
79 79 
18 5 
19 57 
61 61 
13 3 
135 405 
54 54 
150 49 
92 92 
115 37 
54 17 
28 84 
87 87 
136 408 
108 35 
82 246 
24 7 
14 4 
55 17 
110 330 
63 63 
80 80 
15 45 
103 309 
84 84 
56 168 
72 216 
99 297 
69 69 
60 180 
96 96 
58 58 
85 85 
56 56 
77 77 
62 62 
81 26 
30 9 
7 1 
89 267 
53 53 
79 25 
47 141 
41 13 
115 345 
6 1 
32 96 
141 423 
78 78 
98 98 
91 91 
74 74 
61 19 
137 45 
12 3 
89 89 
71 71 
82 82 
64 64 
86 86 
17 51 
34 102 
112 336 
111 36 
65 195 
9 27 
72 23 
70 210 
98 294 
85 27 
68 68 
50 150 
57 57 
75 225 
61 183 
73 73 
78 25 
67 201 
124 40 
70 70 
62 186 
63 20 
126 41 
43 129 
81 81 
110 36 
88 88 
113 339 
2 6 
90 29 
97 97 
107 35 
60 60 
9 2 
136 44 
79 237 
21 63 
11 33 
93 30 
88 28 
60 19 
