127 2970
84 252 
110 36 
48 144 
47 15 
71 71 
49 49 
26 78 
95 285 
38 114 
51 51 
62 62 
58 58 
72 216 
102 306 
90 29 
47 141 
9 27 
15 4 
74 24 
125 41 
56 56 
49 15 
32 96 
109 35 
26 8 
19 5 
88 28 
43 129 
67 21 
97 291 
70 70 
70 22 
59 177 
118 38 
47 47 
25 75 
61 183 
105 34 
84 84 
119 357 
37 11 
75 24 
75 75 
76 76 
114 342 
117 38 
35 105 
70 210 
49 147 
74 74 
88 264 
82 82 
98 32 
61 61 
40 12 
53 17 
11 33 
83 83 
39 12 
127 381 
83 249 
113 37 
27 81 
10 2 
57 57 
7 1 
91 273 
59 59 
53 53 
64 64 
52 52 
86 28 
90 270 
78 78 
68 68 
46 46 
67 67 
55 55 
17 51 
72 72 
18 5 
52 16 
45 45 
112 336 
77 231 
45 135 
60 60 
48 48 
126 378 
69 69 
12 36 
43 13 
105 315 
94 282 
66 21 
63 63 
60 19 
57 18 
41 13 
79 79 
23 69 
44 14 
50 50 
79 237 
54 54 
112 36 
62 186 
73 73 
95 31 
68 204 
44 44 
8 2 
46 138 
14 4 
121 39 
65 65 
66 66 
13 39 
81 81 
34 102 
9 2 
50 16 
77 77 
59 19 
80 80 
40 120 
37 111 
