193 6637
151 49 
132 43 
181 543 
84 27 
181 59 
157 51 
135 44 
29 9 
139 45 
86 28 
112 36 
185 61 
98 294 
8 2 
54 17 
183 549 
72 23 
176 58 
156 51 
130 390 
174 57 
14 4 
12 3 
61 19 
34 10 
102 33 
118 354 
152 50 
116 38 
74 24 
33 10 
147 441 
185 555 
43 13 
36 108 
162 53 
36 11 
109 35 
51 16 
104 312 
173 57 
168 55 
127 381 
189 62 
147 48 
28 8 
42 126 
129 42 
171 513 
13 3 
149 49 
117 351 
137 411 
131 43 
153 459 
47 15 
21 6 
164 54 
30 9 
100 300 
101 33 
126 378 
138 414 
75 24 
24 7 
41 123 
154 462 
24 72 
106 34 
43 129 
88 264 
150 49 
97 31 
26 78 
65 21 
195 64 
73 23 
166 54 
98 32 
95 31 
184 60 
31 9 
65 195 
108 35 
45 14 
170 510 
155 51 
77 25 
51 153 
170 56 
62 20 
6 1 
129 387 
22 6 
178 58 
142 46 
53 17 
169 55 
27 81 
105 34 
136 44 
56 168 
121 39 
10 30 
68 22 
186 61 
7 1 
133 43 
119 39 
166 498 
79 237 
27 8 
108 324 
96 288 
55 17 
192 63 
128 384 
60 19 
57 18 
106 318 
131 393 
15 45 
120 360 
136 408 
123 369 
187 61 
48 15 
64 20 
58 18 
42 13 
159 52 
41 13 
9 2 
23 7 
49 147 
171 56 
50 16 
190 62 
193 579 
103 309 
5 1 
157 471 
79 25 
193 63 
191 63 
140 46 
87 261 
82 26 
153 50 
169 507 
110 36 
112 336 
121 363 
26 8 
124 372 
6 18 
143 47 
124 40 
40 12 
138 45 
111 333 
76 24 
80 26 
76 228 
91 29 
25 7 
78 234 
13 39 
56 18 
38 12 
146 438 
161 483 
100 32 
82 246 
163 53 
161 53 
160 52 
118 38 
16 48 
183 60 
16 4 
177 58 
133 399 
175 57 
113 37 
40 120 
89 29 
141 46 
64 192 
158 52 
94 282 
2 6 
81 243 
