194 6703
132 43 
76 228 
72 23 
72 216 
89 29 
126 126 
103 309 
169 507 
141 46 
123 123 
70 70 
155 51 
68 68 
109 109 
76 24 
68 204 
165 495 
29 87 
157 471 
91 91 
187 61 
149 447 
81 81 
112 112 
25 7 
156 51 
118 118 
67 67 
100 300 
192 63 
59 177 
146 48 
114 342 
66 21 
96 96 
117 117 
41 13 
77 231 
91 29 
88 88 
83 27 
179 537 
128 128 
94 94 
114 114 
131 393 
72 72 
20 60 
123 369 
160 480 
111 36 
78 234 
98 98 
121 121 
163 489 
180 59 
138 45 
50 16 
95 95 
81 243 
22 66 
49 15 
84 84 
69 69 
153 459 
107 321 
45 135 
54 17 
71 213 
57 171 
115 115 
93 279 
86 28 
104 104 
33 99 
173 57 
58 174 
38 12 
107 107 
120 120 
59 19 
178 58 
22 6 
86 86 
113 113 
139 417 
106 106 
110 110 
80 26 
177 531 
124 124 
15 4 
56 168 
126 41 
102 102 
84 252 
31 93 
151 453 
93 93 
191 63 
18 54 
82 82 
5 1 
13 39 
96 288 
80 80 
113 37 
116 38 
84 27 
89 89 
145 47 
87 87 
87 261 
106 318 
65 195 
108 108 
133 399 
127 381 
76 76 
103 103 
77 77 
79 79 
183 549 
175 525 
185 61 
78 78 
71 23 
105 105 
118 38 
62 186 
35 105 
50 150 
182 546 
26 8 
121 363 
74 74 
98 294 
66 66 
133 43 
21 63 
79 237 
62 20 
75 75 
53 17 
115 37 
101 33 
107 35 
71 71 
184 552 
111 111 
85 85 
73 73 
117 38 
34 102 
95 285 
63 20 
81 26 
32 96 
113 339 
69 207 
78 25 
188 62 
167 55 
74 24 
100 100 
46 14 
97 97 
30 9 
192 576 
103 33 
83 83 
48 144 
116 116 
102 306 
105 34 
2 6 
52 16 
60 19 
92 92 
125 125 
131 43 
87 28 
119 119 
146 438 
137 45 
150 450 
26 78 
127 127 
147 48 
90 90 
175 57 
122 122 
99 99 
101 101 
