140 3577
79 79 
78 25 
85 255 
57 57 
81 81 
57 18 
31 93 
120 360 
107 35 
118 38 
44 14 
140 420 
98 32 
56 56 
96 31 
67 67 
66 66 
69 69 
71 23 
46 14 
59 59 
123 369 
68 68 
80 80 
53 53 
51 153 
42 13 
90 90 
32 96 
82 26 
94 30 
57 171 
32 10 
79 25 
88 264 
28 8 
96 288 
43 13 
82 82 
107 321 
113 339 
50 16 
92 92 
55 55 
54 162 
81 26 
27 8 
65 65 
125 41 
63 20 
50 150 
61 61 
22 66 
82 246 
34 10 
42 126 
52 52 
77 77 
133 43 
86 86 
74 24 
29 87 
125 375 
114 37 
10 2 
78 78 
58 58 
60 19 
106 318 
109 35 
89 29 
128 384 
9 27 
84 84 
89 89 
135 405 
88 88 
87 87 
62 62 
72 72 
74 74 
76 76 
92 30 
99 297 
14 42 
75 24 
36 108 
132 43 
111 333 
119 39 
87 261 
85 85 
53 17 
75 75 
54 17 
73 73 
54 54 
112 336 
51 51 
23 7 
61 183 
71 71 
70 70 
140 46 
25 75 
64 64 
138 414 
60 60 
17 51 
109 327 
142 46 
126 378 
19 57 
116 348 
84 252 
3 9 
61 19 
76 24 
131 393 
90 29 
34 102 
48 48 
16 48 
83 27 
83 83 
63 63 
22 6 
119 357 
98 294 
49 49 
129 387 
29 9 
123 40 
110 330 
86 258 
33 99 
48 144 
91 91 
86 28 
50 50 
