174 536
76 228 
48 15 
64 192 
104 33 
158 51 
138 45 
138 414 
21 63 
81 26 
40 120 
159 477 
65 195 
120 39 
151 453 
165 495 
67 201 
125 375 
167 54 
139 417 
32 96 
72 216 
50 150 
65 20 
160 52 
121 39 
66 21 
23 69 
77 231 
150 450 
111 36 
152 456 
172 56 
110 330 
11 33 
68 21 
117 351 
101 303 
49 147 
171 56 
23 6 
79 237 
82 246 
103 33 
56 17 
174 57 
33 99 
175 57 
44 13 
96 31 
162 486 
91 29 
156 51 
62 186 
136 44 
28 8 
100 300 
124 40 
92 29 
27 81 
119 38 
1 3 
37 111 
168 504 
18 54 
80 25 
45 14 
27 8 
148 48 
168 55 
171 513 
51 16 
170 55 
47 141 
99 297 
75 24 
116 37 
73 23 
29 8 
173 56 
95 285 
68 204 
144 432 
109 35 
20 5 
176 57 
159 52 
10 2 
6 1 
93 279 
34 10 
110 35 
22 6 
87 261 
148 444 
32 9 
103 309 
67 21 
141 423 
113 339 
77 24 
131 42 
91 273 
69 22 
94 30 
57 18 
15 4 
60 180 
132 43 
117 38 
55 165 
95 30 
76 24 
107 321 
116 348 
126 41 
59 177 
26 78 
100 32 
89 267 
35 105 
79 25 
17 51 
131 393 
81 243 
154 50 
146 47 
42 13 
54 17 
64 20 
127 41 
26 7 
144 47 
127 381 
115 37 
88 28 
130 390 
135 405 
24 7 
41 123 
16 4 
8 24 
115 345 
52 156 
174 522 
124 372 
56 168 
24 72 
46 14 
134 43 
86 258 
66 198 
53 159 
45 135 
57 171 
21 6 
6 18 
140 420 
43 129 
153 459 
25 7 
39 12 
58 174 
123 369 
13 3 
87 28 
2 6 
133 399 
133 43 
63 189 
112 336 
106 318 
84 27 
141 46 
137 411 
