123 2794
52 156 
46 14 
78 78 
46 46 
50 16 
43 43 
68 204 
97 291 
103 33 
69 69 
109 35 
27 8 
37 11 
61 61 
73 73 
62 62 
80 80 
81 81 
22 6 
48 144 
72 72 
79 79 
55 55 
4 0 
5 15 
71 213 
50 50 
121 363 
49 15 
89 29 
67 67 
52 52 
91 273 
24 7 
47 47 
66 66 
74 24 
57 57 
60 180 
1 3 
32 10 
81 243 
92 30 
83 249 
77 77 
38 114 
68 68 
63 189 
64 64 
106 318 
30 90 
66 198 
24 72 
63 63 
60 60 
29 9 
57 171 
101 303 
48 15 
58 18 
80 240 
82 246 
54 54 
98 32 
65 65 
59 59 
45 45 
62 186 
33 10 
62 20 
51 51 
120 360 
88 28 
25 7 
23 7 
116 38 
75 24 
48 48 
14 42 
26 78 
91 29 
87 261 
121 39 
111 333 
30 9 
49 49 
89 267 
83 27 
21 63 
57 18 
45 14 
13 3 
120 39 
44 44 
104 34 
71 71 
110 36 
104 312 
35 105 
94 30 
17 51 
90 29 
56 56 
22 66 
6 18 
111 36 
76 76 
77 25 
53 53 
113 339 
75 75 
70 70 
34 102 
82 82 
11 33 
8 24 
58 58 
103 309 
74 74 
47 15 
3 9 
55 165 
71 23 
