119 366
90 29 
81 26 
118 354 
51 16 
46 14 
71 213 
47 141 
6 1 
48 144 
66 21 
60 180 
25 75 
16 4 
102 306 
101 32 
100 32 
59 18 
119 38 
46 138 
29 87 
71 22 
107 321 
66 198 
82 246 
24 72 
49 15 
76 228 
34 10 
119 357 
62 19 
9 2 
36 11 
24 7 
26 78 
40 12 
40 120 
28 8 
116 348 
6 18 
87 261 
85 255 
96 288 
94 30 
7 1 
107 34 
92 29 
95 285 
87 28 
72 216 
58 174 
30 90 
76 24 
7 21 
41 12 
55 17 
10 2 
37 11 
50 150 
51 153 
53 159 
8 1 
1 3 
11 2 
30 9 
38 11 
95 30 
67 201 
70 22 
62 186 
84 252 
11 33 
65 20 
29 8 
32 96 
93 30 
61 19 
13 39 
110 35 
20 60 
105 34 
3 0 
12 36 
106 34 
3 9 
104 312 
82 26 
37 111 
103 309 
57 171 
98 294 
86 258 
65 195 
42 13 
43 13 
75 225 
80 25 
25 7 
112 336 
14 3 
116 37 
81 243 
44 132 
22 6 
73 23 
35 105 
86 27 
121 39 
63 189 
97 291 
14 42 
18 5 
52 156 
118 38 
33 99 
21 63 
74 222 
34 102 
84 27 
68 21 
