111 2300
17 5 
27 81 
29 9 
10 2 
3 0 
84 252 
81 26 
84 27 
4 0 
6 1 
101 33 
48 15 
44 132 
61 183 
64 20 
61 19 
50 16 
35 11 
15 4 
16 4 
33 99 
39 117 
8 2 
94 282 
95 31 
86 28 
36 11 
96 288 
100 300 
75 24 
2 6 
36 108 
57 18 
63 189 
78 234 
67 21 
49 147 
110 330 
108 35 
24 7 
19 5 
5 1 
87 261 
1 3 
43 129 
12 3 
111 333 
53 17 
41 13 
8 24 
91 29 
75 225 
110 36 
37 11 
65 195 
11 3 
58 18 
55 17 
89 29 
97 291 
102 33 
54 17 
23 7 
7 21 
45 14 
52 16 
14 4 
104 312 
45 135 
54 162 
32 10 
20 60 
91 273 
33 10 
87 28 
77 25 
92 30 
109 327 
79 25 
62 20 
109 35 
76 24 
88 28 
11 33 
63 20 
60 19 
39 12 
93 30 
40 12 
30 9 
82 26 
100 32 
58 174 
44 14 
104 34 
31 9 
77 231 
80 240 
38 114 
105 34 
27 8 
9 2 
7 1 
24 72 
107 35 
49 15 
78 25 
46 138 
70 22 
102 306 
18 5 
