198 610
94 30 
191 573 
86 27 
111 333 
97 31 
111 36 
39 12 
39 117 
145 435 
14 42 
89 267 
166 54 
157 51 
194 63 
16 4 
139 417 
197 64 
185 555 
91 273 
145 47 
175 57 
144 47 
116 37 
80 25 
198 65 
6 18 
153 459 
193 579 
95 30 
121 39 
151 453 
81 243 
113 339 
125 375 
155 50 
59 18 
163 53 
46 14 
177 531 
156 468 
161 52 
87 261 
38 114 
83 26 
130 390 
69 207 
114 342 
17 51 
33 10 
50 150 
138 414 
40 120 
187 561 
10 2 
154 462 
170 510 
19 57 
176 57 
103 309 
5 15 
122 39 
188 564 
75 24 
140 420 
169 55 
106 318 
82 246 
129 387 
110 330 
190 62 
47 14 
69 22 
3 9 
53 16 
70 22 
130 42 
72 23 
129 42 
119 38 
92 276 
127 41 
193 63 
146 47 
137 44 
122 366 
31 9 
34 102 
54 162 
113 36 
132 396 
59 177 
23 69 
101 32 
85 255 
158 51 
164 53 
94 282 
138 45 
128 41 
4 0 
168 504 
62 186 
76 228 
180 540 
186 61 
126 41 
58 174 
28 84 
96 31 
154 50 
79 237 
156 51 
141 423 
126 378 
123 40 
65 20 
62 19 
73 219 
179 58 
33 99 
61 183 
160 480 
67 201 
52 16 
78 234 
32 96 
120 360 
42 13 
54 17 
35 10 
178 534 
121 363 
24 72 
149 447 
101 303 
183 549 
92 29 
18 5 
155 465 
20 60 
49 15 
48 15 
43 13 
27 8 
135 44 
22 66 
71 22 
143 46 
143 429 
42 126 
95 285 
164 492 
137 411 
29 8 
85 27 
106 34 
43 129 
139 45 
91 29 
165 495 
25 75 
102 306 
191 62 
84 27 
192 63 
46 138 
44 13 
77 231 
72 216 
140 45 
144 432 
41 123 
172 516 
124 40 
74 23 
110 35 
9 2 
169 507 
64 192 
182 59 
109 327 
183 60 
25 7 
17 4 
177 58 
98 31 
146 438 
133 43 
41 12 
77 24 
4 12 
26 78 
166 498 
67 21 
49 147 
21 6 
68 204 
37 11 
