157 484
17 51 
73 219 
14 3 
138 45 
134 43 
93 30 
28 84 
53 16 
28 8 
111 36 
61 19 
105 34 
44 132 
77 24 
149 447 
59 177 
35 105 
116 37 
130 390 
38 114 
139 45 
76 228 
118 38 
40 120 
78 234 
96 288 
131 42 
109 327 
58 174 
24 7 
121 39 
83 249 
83 26 
147 441 
85 27 
29 87 
66 198 
21 63 
118 354 
143 429 
57 171 
143 46 
150 49 
69 207 
96 31 
37 11 
3 0 
117 351 
8 24 
76 24 
99 32 
142 46 
126 41 
46 14 
12 3 
114 37 
56 17 
146 438 
90 29 
75 225 
142 426 
41 123 
39 117 
87 261 
74 222 
100 300 
5 15 
51 16 
80 240 
89 267 
136 44 
22 66 
14 42 
95 30 
137 411 
94 30 
125 40 
10 30 
132 43 
59 18 
69 22 
156 51 
107 321 
15 4 
135 405 
127 381 
128 384 
36 108 
141 423 
5 0 
157 51 
64 20 
43 13 
145 435 
145 47 
27 8 
62 19 
119 38 
92 276 
81 26 
130 42 
120 39 
60 180 
67 201 
9 2 
50 15 
123 40 
125 375 
121 363 
42 126 
27 81 
113 36 
90 270 
124 372 
141 46 
156 468 
26 7 
153 50 
22 6 
157 471 
16 48 
61 183 
12 36 
47 14 
93 279 
146 47 
110 330 
65 20 
106 318 
97 291 
19 57 
84 252 
57 18 
24 72 
147 48 
89 28 
79 25 
91 273 
33 99 
82 26 
52 16 
78 25 
80 25 
25 7 
21 6 
15 45 
102 33 
103 33 
60 19 
63 189 
13 39 
26 78 
114 342 
68 204 
62 186 
18 54 
18 5 
