135 3337
86 258 
81 26 
106 318 
123 40 
108 324 
74 74 
67 67 
63 63 
56 56 
65 65 
12 36 
134 402 
43 129 
85 85 
52 16 
114 37 
68 68 
72 216 
57 18 
90 90 
47 47 
48 144 
40 12 
118 38 
58 18 
136 44 
48 48 
21 63 
76 76 
63 20 
17 51 
65 21 
58 58 
84 84 
75 75 
116 38 
105 315 
54 17 
111 36 
1 3 
50 50 
59 59 
127 41 
109 327 
48 15 
66 66 
71 213 
31 93 
81 243 
86 86 
85 255 
14 4 
110 36 
70 70 
9 2 
29 9 
100 32 
94 30 
75 225 
62 20 
62 62 
119 357 
61 61 
71 71 
121 363 
129 387 
54 54 
79 79 
19 5 
47 15 
49 147 
21 6 
88 88 
78 78 
6 18 
92 30 
53 53 
60 60 
89 89 
113 37 
86 28 
26 78 
13 3 
83 83 
30 90 
72 72 
82 82 
4 12 
81 81 
73 73 
62 186 
16 4 
101 303 
51 51 
130 42 
64 64 
75 24 
127 381 
8 24 
126 41 
107 35 
77 77 
22 66 
87 87 
118 354 
76 24 
55 55 
57 57 
132 43 
27 81 
117 38 
80 80 
134 44 
52 52 
69 69 
107 321 
49 49 
76 228 
114 342 
115 345 
6 1 
25 7 
90 29 
18 5 
104 312 
95 31 
38 12 
90 270 
78 234 
130 390 
55 165 
120 360 
18 54 
95 285 
36 108 
