195 6770
115 345 
114 114 
142 426 
166 54 
153 459 
194 64 
29 87 
185 61 
191 573 
115 115 
11 3 
76 76 
24 72 
165 495 
127 41 
78 78 
125 125 
94 94 
167 501 
176 528 
50 150 
113 113 
120 120 
42 13 
119 119 
129 129 
90 90 
188 564 
117 117 
147 48 
25 75 
75 75 
158 52 
84 84 
101 101 
85 27 
130 130 
116 116 
56 168 
167 55 
103 33 
123 123 
93 93 
52 16 
80 80 
97 97 
106 106 
17 5 
145 435 
67 67 
100 100 
64 20 
82 82 
77 231 
137 411 
175 57 
121 121 
81 26 
72 72 
34 10 
16 4 
152 456 
135 44 
98 98 
73 219 
134 402 
74 74 
137 45 
39 117 
195 64 
107 107 
151 453 
109 109 
5 1 
151 49 
159 477 
73 73 
116 38 
84 252 
6 1 
43 129 
63 189 
1 3 
37 11 
47 15 
3 0 
79 237 
103 103 
95 95 
135 405 
157 471 
9 2 
85 255 
32 10 
48 15 
15 4 
88 264 
126 41 
96 96 
93 30 
111 333 
83 83 
70 70 
74 24 
131 393 
111 111 
91 273 
145 47 
186 558 
126 378 
186 61 
165 54 
127 127 
88 88 
195 585 
86 86 
13 39 
83 249 
46 138 
87 87 
82 246 
173 519 
128 384 
71 71 
176 58 
4 12 
11 33 
141 46 
148 48 
72 23 
89 89 
4 0 
174 57 
19 5 
100 300 
112 112 
189 62 
65 21 
69 22 
118 118 
85 85 
96 31 
110 110 
73 23 
91 91 
108 324 
92 276 
15 45 
7 1 
17 51 
69 69 
106 34 
124 124 
108 108 
169 55 
164 492 
99 99 
8 2 
109 35 
134 44 
92 92 
112 336 
122 122 
112 36 
155 465 
163 489 
81 81 
7 21 
26 8 
102 102 
105 105 
72 216 
70 210 
27 81 
69 207 
117 351 
190 570 
77 77 
132 43 
43 13 
154 462 
66 198 
36 11 
138 414 
128 128 
182 60 
126 126 
60 19 
79 79 
104 104 
53 17 
95 31 
68 68 
114 342 
41 123 
