189 6373
184 552 
178 58 
131 393 
164 54 
32 96 
58 174 
147 441 
116 348 
133 43 
34 10 
29 87 
66 21 
170 510 
80 240 
60 19 
105 315 
32 10 
172 516 
45 14 
20 60 
158 474 
79 25 
75 24 
53 17 
111 333 
157 51 
122 40 
164 492 
30 9 
123 369 
21 6 
20 6 
76 228 
106 34 
159 477 
181 59 
35 11 
70 22 
191 63 
10 2 
47 15 
43 13 
27 81 
14 42 
124 40 
131 43 
180 59 
179 537 
165 54 
189 62 
189 567 
27 8 
11 3 
17 51 
52 16 
152 50 
158 52 
26 8 
150 49 
113 339 
187 61 
111 36 
51 16 
61 183 
28 84 
127 41 
17 5 
84 27 
41 13 
40 12 
146 48 
87 261 
134 44 
140 46 
4 0 
94 30 
5 1 
117 38 
3 9 
69 207 
161 483 
102 33 
105 34 
159 52 
163 53 
31 9 
163 489 
129 387 
97 31 
23 7 
179 59 
123 40 
128 42 
71 213 
108 35 
152 456 
109 327 
24 7 
55 17 
141 46 
175 525 
180 540 
88 264 
14 4 
126 41 
13 39 
103 33 
3 0 
83 27 
56 18 
177 58 
130 42 
92 276 
107 35 
99 32 
77 25 
12 36 
134 402 
86 28 
118 38 
137 45 
46 138 
148 48 
60 180 
65 195 
91 29 
38 12 
102 306 
100 32 
90 29 
115 37 
109 35 
186 61 
63 20 
161 53 
37 11 
125 41 
147 48 
44 14 
6 1 
65 21 
160 52 
53 159 
144 47 
169 55 
101 33 
188 62 
153 50 
25 75 
97 291 
114 37 
64 20 
114 342 
87 28 
98 32 
43 129 
168 504 
72 23 
176 528 
68 22 
59 19 
55 165 
125 375 
168 55 
136 44 
49 147 
9 2 
138 45 
99 297 
12 3 
120 39 
182 60 
82 26 
40 120 
34 102 
121 39 
15 4 
151 49 
185 61 
93 279 
154 50 
127 381 
19 5 
169 507 
112 336 
89 29 
172 56 
16 4 
67 201 
