197 6905
127 381 
130 130 
73 23 
91 273 
76 76 
102 33 
7 21 
113 113 
117 351 
94 94 
99 99 
111 111 
197 65 
186 558 
145 47 
189 62 
70 70 
87 261 
115 37 
68 68 
149 447 
20 60 
82 82 
103 103 
101 101 
95 95 
64 192 
14 4 
133 399 
80 240 
109 109 
197 591 
122 40 
84 84 
52 16 
85 85 
117 117 
100 100 
81 26 
69 22 
41 13 
112 336 
50 16 
107 107 
124 124 
74 74 
184 552 
71 71 
80 26 
119 119 
183 549 
125 375 
72 72 
92 92 
172 56 
110 330 
60 19 
88 88 
51 16 
126 378 
139 417 
127 127 
43 13 
125 125 
163 489 
120 120 
83 83 
97 97 
129 129 
86 86 
123 123 
126 126 
185 61 
116 38 
73 73 
163 53 
79 25 
70 210 
155 465 
68 204 
156 468 
30 90 
10 2 
12 3 
37 11 
102 102 
87 87 
77 231 
25 7 
19 57 
72 216 
93 30 
112 112 
96 96 
123 40 
105 105 
141 46 
124 372 
89 89 
162 53 
8 2 
73 219 
180 540 
128 42 
114 114 
43 129 
145 435 
118 118 
168 55 
160 52 
130 390 
62 186 
119 357 
147 441 
67 67 
108 324 
34 102 
134 402 
157 51 
90 90 
77 77 
195 64 
54 17 
28 84 
110 110 
98 98 
55 17 
166 54 
79 79 
187 61 
93 93 
115 115 
95 31 
116 116 
10 30 
106 106 
81 81 
35 11 
78 234 
176 528 
64 20 
75 75 
192 63 
138 414 
84 27 
11 3 
61 19 
152 456 
142 46 
80 80 
62 20 
174 522 
32 96 
147 48 
86 28 
119 39 
169 55 
33 99 
34 10 
196 588 
69 69 
137 411 
8 24 
42 126 
49 147 
154 50 
82 246 
136 44 
78 78 
159 52 
94 282 
158 474 
91 29 
40 120 
91 91 
122 122 
11 33 
121 121 
47 141 
103 33 
89 29 
35 105 
128 384 
104 104 
140 420 
88 264 
71 213 
58 174 
63 20 
171 56 
56 18 
108 108 
128 128 
38 12 
118 354 
129 387 
22 6 
