132 3197
87 28 
32 10 
82 246 
92 30 
39 117 
26 8 
18 5 
36 11 
40 120 
17 5 
34 10 
51 16 
96 31 
5 15 
18 54 
131 43 
99 32 
123 40 
19 57 
121 363 
3 0 
94 282 
4 12 
68 204 
73 23 
28 84 
81 26 
25 75 
59 19 
31 9 
52 16 
54 17 
105 315 
127 41 
15 4 
130 42 
128 42 
40 12 
35 105 
92 276 
85 27 
8 2 
133 43 
116 38 
80 240 
74 24 
55 165 
88 28 
74 222 
63 20 
33 10 
83 27 
20 6 
27 8 
99 297 
98 32 
79 25 
111 36 
131 393 
67 21 
97 31 
22 6 
129 387 
52 156 
30 90 
14 4 
81 243 
46 138 
123 369 
13 3 
70 22 
106 318 
116 348 
64 20 
29 9 
103 33 
78 234 
90 29 
134 44 
77 231 
57 18 
15 45 
126 378 
101 33 
48 15 
24 7 
108 35 
38 114 
37 11 
48 144 
78 25 
53 17 
71 213 
100 32 
60 19 
84 252 
55 17 
125 41 
76 24 
6 1 
53 159 
119 39 
56 18 
80 26 
11 3 
34 102 
24 72 
86 28 
41 13 
46 14 
124 40 
105 34 
17 51 
72 23 
119 357 
75 24 
23 7 
30 9 
47 15 
12 36 
50 16 
132 43 
109 35 
104 34 
129 42 
128 384 
25 7 
107 35 
111 333 
115 37 
70 210 
58 18 
