155 477
87 261 
100 32 
102 306 
98 294 
7 21 
93 279 
49 15 
89 267 
19 5 
111 36 
142 426 
156 51 
10 2 
21 6 
40 120 
8 1 
154 462 
121 363 
19 57 
124 372 
141 46 
144 47 
149 48 
135 44 
88 264 
22 66 
30 90 
29 87 
32 9 
66 198 
43 13 
98 31 
109 35 
57 171 
67 201 
129 42 
122 366 
144 432 
128 384 
74 23 
99 32 
133 399 
103 33 
148 48 
80 240 
28 84 
117 38 
46 138 
6 1 
116 37 
90 29 
87 28 
29 8 
129 387 
94 30 
136 44 
59 18 
126 378 
133 43 
119 357 
70 210 
113 339 
132 43 
143 46 
24 72 
127 41 
114 37 
64 192 
131 393 
53 159 
151 453 
14 3 
66 21 
86 258 
128 41 
42 13 
12 36 
45 135 
4 12 
30 9 
16 48 
64 20 
55 165 
45 14 
107 321 
23 6 
139 45 
10 30 
28 8 
104 312 
49 147 
56 17 
149 447 
24 7 
152 49 
34 10 
124 40 
132 396 
2 6 
106 318 
11 33 
44 132 
146 47 
33 10 
75 225 
146 438 
94 282 
101 32 
18 54 
60 19 
69 207 
38 11 
40 12 
20 60 
134 43 
101 303 
55 17 
68 21 
100 300 
80 25 
18 5 
79 237 
84 27 
148 444 
141 423 
53 16 
21 63 
150 450 
73 219 
15 45 
110 330 
140 45 
102 33 
157 51 
71 213 
39 117 
106 34 
78 25 
5 0 
110 35 
139 417 
71 22 
31 93 
50 150 
126 41 
82 246 
72 216 
79 25 
57 18 
33 99 
75 24 
105 315 
82 26 
44 13 
123 369 
