150 4083
67 67 
79 79 
141 46 
48 144 
104 34 
60 60 
98 98 
105 315 
94 94 
84 84 
73 73 
83 83 
10 2 
97 97 
106 34 
131 393 
70 210 
82 82 
32 96 
93 93 
121 39 
133 399 
96 96 
86 86 
95 31 
76 76 
124 40 
141 423 
88 28 
19 57 
65 65 
96 288 
65 195 
77 25 
129 387 
61 61 
11 33 
68 22 
44 14 
58 174 
95 95 
114 37 
59 59 
1 3 
140 46 
116 38 
54 17 
119 357 
80 240 
41 123 
57 171 
142 46 
62 62 
55 165 
135 44 
75 75 
92 92 
7 1 
33 10 
84 252 
68 68 
85 27 
7 21 
99 99 
71 71 
51 153 
100 100 
117 351 
66 66 
52 52 
79 237 
90 90 
74 24 
88 88 
70 70 
130 390 
57 57 
82 246 
47 141 
75 225 
107 321 
56 56 
30 9 
74 74 
143 47 
152 50 
62 186 
50 16 
78 78 
70 22 
6 18 
9 2 
126 378 
91 91 
52 156 
3 0 
53 53 
27 8 
18 54 
64 20 
86 28 
124 372 
150 49 
21 6 
64 64 
56 168 
139 45 
58 58 
102 33 
87 261 
123 369 
51 16 
104 312 
80 80 
29 9 
62 20 
36 11 
11 3 
96 31 
81 243 
76 24 
41 13 
122 40 
72 72 
111 333 
53 17 
10 30 
108 35 
103 33 
81 81 
66 198 
73 23 
88 264 
54 54 
69 69 
63 63 
138 414 
16 4 
113 339 
21 63 
8 24 
85 85 
34 10 
77 77 
118 354 
91 273 
39 117 
87 87 
55 55 
89 89 
