196 6838
185 61 
103 33 
66 198 
130 130 
19 57 
90 90 
65 21 
187 61 
129 129 
149 49 
103 103 
94 30 
141 423 
127 381 
77 77 
102 102 
116 116 
119 119 
166 498 
90 29 
37 11 
6 18 
123 369 
144 47 
101 101 
196 588 
115 115 
93 93 
79 79 
36 11 
8 2 
87 87 
57 18 
100 100 
97 291 
195 585 
54 162 
121 121 
181 59 
76 76 
52 16 
127 41 
51 153 
98 294 
9 2 
126 41 
79 237 
188 62 
191 573 
109 109 
16 4 
71 71 
98 32 
155 465 
29 87 
90 270 
111 111 
91 91 
31 9 
74 74 
66 21 
125 125 
78 78 
112 336 
44 14 
108 108 
126 378 
88 28 
113 113 
123 123 
82 82 
102 306 
48 144 
114 114 
9 27 
92 92 
86 86 
193 579 
91 273 
64 192 
75 75 
34 102 
167 501 
69 69 
80 80 
186 61 
106 106 
143 429 
124 124 
96 288 
85 85 
169 507 
170 56 
13 39 
132 43 
38 114 
186 558 
67 67 
55 165 
154 462 
8 24 
83 27 
80 240 
73 73 
60 180 
149 447 
85 27 
2 6 
127 127 
89 89 
4 12 
84 252 
188 564 
70 70 
26 8 
118 354 
140 420 
95 95 
55 17 
76 24 
170 510 
94 94 
89 29 
68 204 
135 405 
93 30 
84 84 
81 81 
77 25 
33 99 
108 324 
141 46 
174 57 
28 8 
112 112 
17 5 
12 36 
68 68 
118 118 
83 83 
51 16 
110 110 
120 120 
115 37 
118 38 
98 98 
129 387 
123 40 
35 105 
185 555 
80 26 
154 50 
3 0 
65 195 
179 59 
100 300 
124 372 
22 6 
126 126 
122 122 
96 96 
42 13 
67 21 
72 72 
59 19 
24 72 
111 36 
157 51 
88 88 
177 531 
107 107 
192 63 
11 33 
52 156 
5 1 
15 45 
175 57 
99 99 
58 18 
117 117 
15 4 
122 40 
137 411 
146 48 
178 534 
180 59 
97 97 
110 36 
168 504 
128 128 
104 104 
153 50 
105 105 
139 45 
156 51 
49 147 
