149 4031
114 37 
15 4 
42 126 
122 366 
12 36 
104 34 
116 348 
145 47 
76 228 
28 8 
39 12 
32 96 
97 291 
83 27 
103 33 
135 405 
79 25 
15 45 
83 249 
107 321 
52 156 
114 342 
35 105 
115 37 
112 36 
45 14 
122 40 
54 17 
123 369 
69 22 
49 15 
34 10 
55 17 
125 375 
68 204 
5 1 
132 43 
125 41 
102 33 
138 45 
26 8 
75 24 
144 432 
22 66 
136 408 
36 108 
17 5 
104 312 
148 48 
78 25 
137 45 
30 9 
63 189 
18 5 
33 10 
92 276 
11 3 
49 147 
93 30 
17 51 
37 11 
96 288 
58 18 
10 30 
50 16 
79 237 
64 20 
146 438 
20 6 
12 3 
126 41 
16 4 
101 33 
146 48 
116 38 
149 49 
119 39 
51 16 
133 43 
81 243 
53 159 
129 387 
124 40 
80 26 
31 93 
46 14 
105 34 
59 177 
142 46 
123 40 
96 31 
95 31 
10 2 
86 258 
100 32 
113 37 
147 48 
102 306 
65 21 
40 12 
120 360 
139 45 
108 35 
71 23 
42 13 
131 43 
14 42 
84 27 
69 207 
25 7 
112 336 
59 19 
101 303 
88 28 
111 333 
13 3 
63 20 
18 54 
34 102 
121 39 
60 19 
43 129 
67 21 
94 30 
70 22 
4 0 
41 13 
142 426 
87 28 
61 19 
85 27 
53 17 
136 44 
44 132 
92 30 
23 7 
60 180 
4 12 
36 11 
73 23 
150 49 
118 354 
106 34 
52 16 
56 168 
68 22 
77 25 
43 13 
141 46 
