70 972
60 180 
56 18 
28 28 
4 12 
33 33 
27 27 
40 120 
40 40 
48 144 
35 105 
53 159 
39 39 
27 8 
34 34 
19 57 
62 20 
71 23 
32 32 
42 42 
18 5 
67 21 
20 60 
70 210 
38 114 
44 132 
68 22 
15 45 
37 37 
30 30 
25 25 
18 54 
43 43 
59 177 
16 48 
22 6 
43 13 
38 38 
31 93 
25 75 
44 44 
36 36 
28 8 
57 18 
29 29 
49 15 
23 69 
26 26 
43 129 
45 45 
58 18 
31 31 
54 17 
41 123 
40 12 
9 2 
31 9 
29 87 
41 41 
46 46 
65 21 
35 35 
50 150 
55 17 
47 141 
48 15 
26 8 
8 24 
14 4 
72 23 
39 117 
