92 1615
71 213 
70 22 
55 165 
23 69 
26 78 
75 225 
45 45 
22 66 
80 26 
47 47 
64 20 
46 46 
49 49 
30 90 
82 26 
84 252 
41 13 
91 273 
78 234 
50 150 
5 15 
52 52 
79 25 
85 255 
20 6 
59 19 
5 1 
10 30 
32 32 
19 5 
35 11 
7 1 
11 33 
88 28 
38 12 
91 29 
43 43 
33 33 
3 9 
42 42 
83 249 
68 22 
54 54 
29 9 
81 243 
85 27 
35 105 
37 111 
39 117 
41 41 
53 53 
44 44 
45 14 
54 17 
74 222 
66 198 
62 20 
39 39 
7 21 
56 168 
60 60 
70 210 
55 55 
56 56 
23 7 
38 114 
28 84 
77 25 
42 13 
30 9 
35 35 
60 19 
27 8 
40 40 
1 3 
27 81 
48 48 
38 38 
65 195 
50 50 
90 29 
51 51 
37 37 
79 237 
9 27 
57 57 
21 6 
16 4 
58 58 
59 59 
36 36 
34 34 
