192 6570
158 474 
164 54 
161 483 
99 99 
114 342 
118 118 
78 78 
92 276 
95 95 
189 62 
121 121 
6 18 
94 94 
116 116 
172 56 
153 50 
85 27 
180 540 
1 3 
79 237 
103 33 
119 119 
70 22 
66 66 
96 96 
15 4 
147 441 
126 126 
56 168 
87 28 
80 80 
91 91 
129 387 
115 115 
127 127 
14 42 
82 82 
115 345 
60 19 
179 59 
23 7 
74 74 
16 48 
79 79 
42 13 
100 32 
68 68 
110 110 
72 72 
28 8 
34 102 
114 37 
162 53 
90 90 
73 219 
38 12 
31 9 
44 14 
84 84 
182 60 
2 6 
101 101 
188 62 
55 17 
76 76 
43 129 
120 120 
111 36 
72 23 
81 26 
62 186 
180 59 
91 29 
194 64 
70 70 
154 462 
37 111 
110 330 
11 33 
48 15 
103 309 
89 29 
160 480 
191 63 
144 432 
10 30 
83 249 
97 31 
122 366 
29 9 
148 444 
18 54 
88 88 
69 69 
73 23 
119 39 
71 71 
128 42 
100 100 
53 17 
179 537 
171 513 
139 45 
67 67 
123 123 
3 9 
113 113 
108 108 
112 112 
53 159 
77 77 
76 228 
100 300 
83 83 
128 128 
67 21 
131 43 
9 27 
124 124 
165 495 
54 162 
103 103 
117 117 
92 30 
27 8 
50 16 
134 44 
81 81 
189 567 
172 516 
92 92 
121 39 
49 147 
104 104 
93 30 
184 552 
32 96 
7 1 
121 363 
93 93 
4 12 
116 348 
144 47 
146 438 
97 97 
3 0 
102 102 
72 216 
76 24 
98 98 
170 510 
109 109 
170 56 
114 114 
87 87 
125 125 
89 267 
44 132 
192 576 
87 261 
13 3 
58 18 
117 351 
30 9 
73 73 
135 405 
85 85 
36 11 
107 35 
122 122 
112 336 
6 1 
107 107 
75 75 
89 89 
111 333 
86 86 
20 6 
40 120 
106 106 
52 16 
79 25 
173 57 
60 180 
67 201 
85 255 
105 105 
71 23 
142 426 
111 111 
110 36 
28 84 
