145 3826
5 15 
146 48 
53 53 
51 153 
30 90 
19 5 
115 37 
93 30 
12 36 
65 195 
85 85 
89 89 
73 73 
35 11 
81 81 
137 411 
125 375 
49 147 
94 94 
53 159 
72 72 
69 22 
56 56 
57 18 
102 33 
90 270 
106 34 
33 10 
123 40 
87 261 
92 92 
77 231 
52 52 
62 20 
104 312 
58 58 
65 65 
57 57 
60 60 
21 63 
141 423 
47 15 
78 234 
26 8 
118 38 
50 50 
80 80 
78 78 
95 95 
66 198 
132 43 
128 384 
11 33 
4 12 
15 4 
84 84 
41 13 
139 45 
88 264 
76 76 
70 70 
70 210 
66 66 
71 71 
54 54 
50 150 
29 87 
24 72 
74 74 
67 67 
83 83 
59 59 
85 27 
72 216 
135 44 
143 47 
51 51 
9 27 
112 336 
94 30 
68 68 
22 6 
20 60 
3 0 
122 40 
117 38 
84 252 
21 6 
70 22 
88 88 
69 69 
31 93 
111 36 
119 39 
136 408 
55 55 
87 87 
91 91 
34 102 
69 207 
77 77 
97 291 
11 3 
101 33 
79 79 
46 14 
112 36 
140 420 
89 267 
82 246 
116 38 
103 33 
24 7 
64 64 
3 9 
63 20 
56 168 
129 387 
28 8 
13 39 
98 294 
96 96 
38 12 
119 357 
62 62 
68 204 
13 3 
75 24 
73 219 
75 75 
61 19 
93 93 
90 90 
39 12 
86 86 
83 27 
82 82 
16 48 
23 69 
29 9 
63 63 
59 19 
109 327 
61 61 
27 81 
