113 348
17 4 
80 25 
34 10 
78 234 
25 75 
76 24 
37 111 
40 12 
68 21 
74 222 
33 99 
49 15 
45 135 
75 24 
100 32 
94 282 
14 42 
48 15 
89 28 
54 17 
24 72 
69 22 
10 2 
115 37 
106 34 
111 333 
58 174 
67 21 
99 32 
60 180 
17 51 
12 3 
59 177 
95 30 
72 216 
98 294 
68 204 
1 3 
85 27 
4 12 
84 27 
62 19 
51 16 
16 48 
6 18 
83 249 
71 213 
79 25 
60 19 
15 4 
30 90 
83 26 
33 10 
43 13 
22 6 
55 165 
109 35 
29 87 
2 6 
30 9 
69 207 
78 25 
55 17 
101 303 
94 30 
84 252 
47 141 
42 126 
104 33 
111 36 
41 12 
77 24 
79 237 
52 156 
73 219 
35 10 
67 201 
66 198 
106 318 
61 183 
19 57 
39 12 
46 138 
89 267 
57 18 
93 279 
103 309 
32 9 
108 324 
20 60 
107 321 
46 14 
7 1 
11 33 
74 23 
100 300 
9 2 
10 30 
114 37 
49 147 
47 14 
3 9 
113 339 
32 96 
103 33 
37 11 
92 276 
38 11 
3 0 
26 7 
23 69 
82 26 
35 105 
