153 4241
71 23 
130 390 
7 21 
9 27 
78 234 
141 46 
56 18 
39 117 
102 33 
97 291 
49 147 
75 24 
55 17 
31 9 
119 39 
109 327 
53 159 
84 252 
10 30 
33 10 
121 39 
76 24 
104 34 
60 180 
77 25 
125 375 
61 19 
58 174 
65 21 
58 18 
37 11 
67 21 
124 40 
89 29 
98 32 
12 36 
30 90 
96 288 
92 30 
29 9 
59 19 
127 41 
54 17 
51 16 
87 28 
22 6 
43 13 
44 132 
6 18 
148 444 
100 32 
137 45 
46 14 
140 420 
68 22 
150 49 
13 3 
32 96 
123 40 
139 45 
61 183 
27 81 
147 441 
62 20 
108 324 
5 1 
73 23 
106 318 
12 3 
36 108 
79 237 
144 47 
24 72 
3 9 
11 3 
122 40 
66 21 
70 22 
74 24 
152 50 
3 0 
123 369 
15 4 
34 102 
142 46 
90 29 
38 12 
29 87 
103 33 
55 165 
33 99 
42 13 
92 276 
49 15 
107 35 
114 37 
7 1 
41 123 
111 36 
32 10 
138 414 
52 16 
77 231 
138 45 
72 216 
23 69 
14 4 
6 1 
140 46 
153 50 
108 35 
96 31 
21 6 
16 4 
133 43 
97 31 
53 17 
81 243 
126 41 
50 150 
142 426 
131 393 
20 60 
8 2 
83 27 
99 297 
40 12 
113 37 
27 8 
56 168 
82 26 
145 47 
118 38 
116 38 
25 7 
110 330 
41 13 
81 26 
48 15 
44 14 
105 34 
151 49 
30 9 
147 48 
112 36 
39 12 
135 405 
134 44 
149 49 
148 48 
115 345 
10 2 
72 23 
