136 419
124 40 
29 8 
79 237 
75 225 
97 31 
23 6 
76 24 
72 23 
118 38 
95 285 
84 27 
4 0 
36 108 
26 7 
59 18 
82 26 
108 324 
89 267 
41 123 
136 408 
12 36 
77 24 
71 22 
78 234 
70 210 
84 252 
133 399 
134 43 
80 25 
116 348 
21 63 
12 3 
58 18 
43 129 
87 28 
95 30 
50 150 
45 135 
36 11 
40 12 
75 24 
123 369 
44 132 
63 20 
125 375 
119 38 
8 24 
80 240 
88 264 
85 255 
111 36 
67 21 
100 32 
16 4 
131 42 
135 405 
125 40 
41 12 
81 243 
27 81 
39 12 
114 37 
15 45 
48 144 
110 35 
46 138 
54 162 
72 216 
16 48 
10 30 
119 357 
20 60 
113 36 
129 387 
76 228 
66 198 
47 141 
117 351 
62 19 
103 33 
83 249 
46 14 
5 0 
94 30 
60 180 
96 31 
1 3 
38 11 
55 165 
101 32 
79 25 
30 9 
134 402 
74 222 
33 99 
56 168 
22 66 
90 29 
63 189 
35 105 
109 35 
64 192 
24 72 
25 75 
131 393 
48 15 
103 309 
128 41 
54 17 
23 69 
40 120 
130 390 
49 15 
33 10 
115 345 
19 57 
138 45 
69 207 
15 4 
92 29 
78 25 
68 204 
127 381 
7 1 
88 28 
108 35 
11 2 
53 16 
123 40 
66 21 
11 33 
65 20 
64 20 
44 13 
50 15 
102 306 
