182 5925
109 109 
82 26 
141 423 
182 546 
145 435 
11 3 
65 65 
82 82 
102 102 
115 115 
151 453 
66 66 
172 56 
31 93 
101 101 
100 100 
139 417 
134 402 
34 102 
112 112 
154 462 
128 42 
70 70 
86 86 
55 17 
97 291 
49 15 
23 69 
146 48 
21 63 
7 21 
69 22 
133 399 
80 240 
77 25 
94 94 
98 32 
3 9 
138 45 
58 174 
12 36 
75 225 
112 336 
35 105 
32 10 
3 0 
120 360 
159 477 
95 285 
5 1 
23 7 
174 57 
120 120 
95 31 
92 276 
168 504 
15 4 
80 80 
142 46 
154 50 
111 111 
57 18 
165 495 
94 282 
131 393 
85 27 
72 216 
140 46 
40 12 
105 315 
36 11 
81 243 
68 22 
143 429 
104 104 
57 171 
177 531 
97 97 
99 32 
146 438 
87 87 
119 119 
63 63 
160 52 
70 22 
64 64 
63 20 
181 543 
16 4 
9 2 
8 2 
69 207 
68 68 
105 105 
73 219 
93 93 
73 73 
104 312 
95 95 
75 75 
44 132 
114 114 
88 88 
84 84 
118 118 
99 99 
64 20 
45 14 
39 12 
115 345 
72 72 
40 120 
83 83 
44 14 
92 92 
113 113 
116 116 
101 303 
170 510 
89 89 
176 528 
30 90 
119 357 
86 258 
127 41 
107 321 
115 37 
91 91 
28 84 
34 10 
62 62 
103 103 
103 33 
180 59 
85 85 
77 77 
100 300 
78 78 
90 90 
41 123 
76 76 
124 372 
173 519 
69 69 
81 81 
163 489 
84 252 
107 107 
21 6 
10 30 
87 28 
67 67 
56 18 
177 58 
181 59 
175 57 
14 4 
74 74 
116 348 
166 498 
106 106 
96 96 
108 108 
65 21 
155 51 
79 79 
118 354 
110 110 
168 55 
26 8 
113 37 
98 98 
71 71 
117 117 
6 1 
86 28 
151 49 
102 33 
46 138 
136 44 
93 279 
71 23 
