112 2339
48 15 
6 18 
49 49 
14 42 
5 15 
57 18 
65 65 
60 19 
52 52 
94 282 
60 60 
13 3 
68 22 
4 12 
39 12 
36 108 
98 294 
46 46 
28 8 
54 54 
57 57 
33 99 
27 81 
55 55 
80 26 
70 70 
101 303 
73 219 
14 4 
43 43 
74 74 
12 3 
31 93 
56 168 
59 59 
67 67 
52 16 
61 183 
22 6 
49 15 
64 20 
63 189 
44 44 
51 51 
30 90 
95 31 
47 15 
32 10 
91 273 
1 3 
66 66 
62 20 
78 25 
101 33 
81 26 
17 51 
9 2 
71 71 
35 105 
69 69 
13 39 
23 69 
68 68 
50 150 
41 41 
108 324 
32 96 
64 64 
72 72 
56 56 
41 123 
70 210 
38 114 
82 26 
102 33 
72 23 
34 10 
105 315 
87 261 
100 32 
8 24 
73 73 
76 24 
24 72 
106 318 
113 37 
42 42 
45 45 
58 174 
50 50 
21 63 
66 21 
73 23 
48 48 
26 8 
76 228 
16 48 
53 17 
58 58 
4 0 
63 20 
39 39 
75 24 
62 62 
47 47 
11 33 
22 66 
63 63 
53 53 
61 61 
106 34 
40 40 
