117 360
69 22 
70 22 
33 10 
12 36 
32 96 
62 19 
78 25 
101 303 
6 1 
15 4 
75 24 
62 186 
36 108 
18 54 
10 30 
23 6 
20 60 
2 6 
74 23 
27 81 
98 294 
102 306 
113 339 
50 15 
24 72 
114 37 
52 16 
91 273 
71 22 
81 26 
111 36 
107 321 
92 29 
42 13 
42 126 
31 93 
86 27 
80 25 
81 243 
8 1 
57 18 
14 3 
66 198 
115 37 
69 207 
92 276 
48 144 
91 29 
27 8 
55 17 
47 14 
96 288 
54 162 
37 111 
89 267 
46 14 
75 225 
86 258 
29 87 
29 8 
5 15 
85 255 
53 16 
8 24 
6 18 
94 282 
51 16 
64 20 
66 21 
103 309 
115 345 
19 5 
32 9 
1 3 
41 12 
73 219 
30 9 
23 69 
26 7 
63 189 
17 51 
50 150 
39 12 
55 165 
95 285 
117 38 
116 348 
100 300 
34 10 
11 33 
16 48 
102 33 
65 195 
53 159 
56 17 
24 7 
85 27 
108 324 
22 66 
111 333 
41 123 
60 180 
35 10 
18 5 
79 25 
43 129 
63 20 
106 34 
56 168 
7 1 
97 291 
113 36 
112 36 
22 6 
60 19 
73 23 
82 26 
