159 4566
95 95 
89 89 
93 93 
44 132 
12 3 
57 18 
88 88 
64 192 
17 5 
96 96 
75 75 
13 3 
149 447 
90 90 
37 111 
88 264 
81 26 
94 94 
74 222 
56 18 
106 318 
110 330 
47 15 
79 237 
96 31 
58 174 
104 104 
147 48 
140 46 
103 309 
124 372 
97 291 
26 8 
153 50 
125 375 
123 40 
91 91 
97 31 
56 56 
63 63 
19 57 
99 297 
74 74 
83 249 
16 48 
97 97 
143 429 
25 7 
55 55 
127 41 
100 300 
144 432 
99 99 
62 62 
128 42 
135 405 
75 225 
32 10 
93 279 
110 36 
60 60 
101 101 
67 21 
100 100 
118 354 
59 177 
113 37 
107 35 
105 105 
5 1 
133 399 
121 39 
6 18 
135 44 
127 381 
73 73 
36 108 
11 33 
49 147 
1 3 
146 48 
26 78 
130 390 
98 98 
34 10 
23 7 
61 61 
9 27 
106 106 
62 186 
104 312 
84 84 
85 85 
70 70 
71 71 
80 80 
30 90 
58 58 
9 2 
81 81 
67 67 
2 6 
143 47 
88 28 
105 34 
158 52 
136 408 
98 294 
71 213 
40 12 
22 66 
102 102 
68 204 
82 82 
39 117 
91 273 
90 29 
92 92 
61 183 
108 35 
69 69 
76 76 
64 64 
20 6 
52 156 
150 49 
13 39 
95 285 
68 68 
69 22 
51 16 
132 43 
29 9 
109 35 
152 50 
66 66 
103 103 
32 96 
86 28 
65 65 
78 78 
159 52 
115 37 
57 57 
3 9 
86 86 
15 4 
77 77 
87 28 
59 59 
72 72 
83 83 
87 87 
91 29 
107 321 
99 32 
79 79 
111 36 
144 47 
