91 1582
50 50 
75 24 
44 44 
56 56 
3 0 
45 45 
74 222 
10 30 
82 26 
9 2 
52 16 
21 6 
40 40 
69 207 
61 19 
36 36 
54 54 
48 48 
43 43 
58 58 
58 18 
39 39 
35 35 
81 243 
60 60 
47 15 
40 120 
68 204 
54 162 
89 267 
70 22 
34 34 
71 23 
21 63 
37 11 
41 41 
30 9 
37 111 
29 87 
47 47 
37 37 
32 32 
3 9 
41 123 
57 57 
44 14 
20 60 
57 18 
78 25 
49 49 
88 28 
55 55 
7 1 
17 51 
70 210 
73 23 
90 270 
57 171 
38 114 
53 17 
36 108 
91 273 
52 52 
59 59 
74 24 
11 33 
58 174 
24 72 
48 15 
24 7 
9 27 
42 13 
6 18 
91 29 
33 33 
84 252 
63 189 
35 105 
39 12 
42 42 
64 20 
46 46 
61 183 
53 53 
47 141 
25 7 
51 51 
34 102 
55 17 
38 38 
85 27 
