163 4790
51 153 
82 246 
48 144 
29 87 
87 87 
84 252 
65 65 
107 107 
96 96 
25 7 
58 58 
52 156 
161 483 
101 101 
129 387 
65 195 
80 26 
102 102 
60 60 
61 61 
100 100 
79 25 
63 63 
124 372 
66 198 
80 80 
83 27 
114 342 
86 258 
89 89 
140 46 
20 6 
72 72 
53 17 
121 363 
95 95 
15 4 
106 34 
128 42 
127 381 
69 207 
94 282 
165 54 
70 70 
22 66 
98 294 
94 94 
33 99 
92 92 
76 76 
93 93 
115 345 
7 1 
105 105 
128 384 
81 81 
162 53 
82 26 
38 12 
105 315 
88 28 
108 35 
92 276 
157 51 
68 68 
98 32 
100 32 
159 52 
9 27 
104 104 
73 23 
86 28 
57 57 
91 91 
66 66 
62 62 
141 46 
99 99 
56 168 
125 41 
69 69 
106 106 
97 97 
68 22 
47 141 
155 51 
103 309 
141 423 
32 96 
85 255 
144 432 
54 17 
62 186 
88 88 
143 429 
56 56 
87 28 
71 23 
39 117 
99 32 
85 85 
155 465 
103 103 
115 37 
124 40 
113 37 
108 108 
49 15 
46 14 
138 414 
29 9 
76 228 
86 86 
82 82 
123 369 
59 59 
60 180 
15 45 
67 21 
77 77 
78 78 
119 39 
73 73 
63 20 
18 5 
64 192 
7 21 
59 19 
152 456 
104 312 
31 9 
17 5 
58 174 
71 71 
3 9 
30 9 
90 90 
112 36 
75 75 
28 8 
151 453 
35 105 
67 67 
10 2 
145 47 
120 39 
102 306 
74 74 
44 132 
157 471 
93 279 
84 84 
64 64 
146 438 
74 222 
139 45 
98 98 
110 36 
79 79 
101 33 
83 83 
145 435 
36 11 
