161 4677
78 25 
52 16 
36 108 
104 34 
112 336 
82 82 
74 74 
158 474 
139 45 
82 246 
157 471 
116 348 
31 9 
118 354 
99 99 
84 84 
76 76 
140 420 
98 98 
28 84 
46 138 
63 63 
131 43 
56 168 
44 14 
53 17 
105 105 
20 60 
153 459 
38 12 
6 1 
81 81 
72 72 
61 61 
130 390 
28 8 
121 39 
83 83 
147 441 
102 102 
56 56 
27 81 
137 45 
160 52 
68 22 
126 378 
67 67 
97 97 
87 87 
104 104 
41 123 
94 30 
62 186 
98 294 
132 43 
62 62 
133 43 
152 50 
7 21 
145 47 
34 10 
72 216 
88 88 
92 92 
13 39 
92 276 
145 435 
134 402 
120 360 
103 103 
58 58 
60 60 
5 15 
93 93 
71 71 
78 78 
55 55 
79 237 
95 95 
64 64 
61 19 
106 106 
96 96 
86 86 
89 89 
123 40 
75 75 
109 35 
156 468 
123 369 
100 100 
90 29 
149 447 
111 36 
35 11 
129 42 
60 19 
30 9 
43 13 
73 23 
57 57 
156 51 
59 19 
143 429 
101 101 
125 375 
158 52 
85 255 
108 324 
90 90 
119 357 
112 36 
115 37 
108 35 
32 10 
103 309 
77 77 
121 363 
73 73 
68 68 
136 408 
25 75 
19 5 
134 44 
85 85 
48 144 
69 207 
29 87 
79 25 
106 318 
91 91 
65 65 
23 7 
84 252 
94 94 
27 8 
79 79 
8 24 
153 50 
37 11 
69 69 
131 393 
59 59 
94 282 
70 210 
66 66 
71 23 
135 44 
87 28 
18 5 
80 80 
106 34 
45 135 
70 70 
154 462 
117 38 
120 39 
161 483 
32 96 
61 183 
117 351 
