84 1362
9 2 
41 41 
42 126 
42 13 
65 21 
8 24 
18 5 
37 11 
73 23 
31 31 
15 45 
34 34 
54 54 
1 3 
81 26 
59 19 
33 99 
73 219 
43 43 
67 21 
45 45 
6 18 
34 10 
51 51 
44 44 
47 15 
5 1 
22 6 
24 72 
80 240 
27 8 
46 46 
19 5 
6 1 
51 153 
76 24 
32 96 
71 213 
81 243 
46 138 
85 27 
47 47 
42 42 
49 49 
20 6 
77 231 
50 50 
30 30 
75 225 
38 38 
16 48 
78 234 
55 55 
70 22 
15 4 
48 144 
40 40 
14 4 
57 171 
37 37 
56 56 
50 150 
86 28 
8 2 
69 207 
36 36 
53 53 
65 195 
68 204 
44 14 
39 39 
32 32 
52 52 
48 15 
10 2 
25 75 
39 117 
82 246 
74 222 
35 35 
79 237 
36 11 
33 33 
48 48 
