114 2419
18 54 
95 285 
73 73 
5 1 
74 74 
57 57 
76 76 
81 243 
27 8 
109 35 
42 126 
52 156 
68 22 
100 32 
30 9 
70 210 
67 67 
62 62 
28 8 
57 18 
43 129 
32 10 
58 58 
92 30 
56 56 
75 24 
25 7 
18 5 
29 87 
70 70 
36 11 
44 132 
74 222 
75 75 
60 60 
111 333 
54 54 
59 59 
63 63 
15 4 
39 117 
31 93 
39 12 
24 7 
41 41 
50 50 
63 20 
92 276 
88 28 
29 9 
68 68 
14 42 
55 165 
36 108 
85 27 
98 294 
46 14 
45 45 
66 66 
45 14 
23 69 
47 47 
53 159 
96 31 
107 321 
109 327 
15 45 
52 52 
55 55 
72 72 
19 57 
28 84 
42 42 
77 25 
80 240 
71 23 
48 48 
108 35 
4 12 
40 40 
71 71 
69 69 
46 46 
98 32 
1 3 
77 231 
49 147 
22 6 
43 43 
13 3 
51 16 
61 61 
65 65 
9 27 
94 30 
31 9 
21 63 
62 20 
61 183 
64 64 
7 1 
110 330 
74 24 
48 144 
103 33 
91 273 
49 49 
44 44 
3 9 
68 204 
102 33 
54 162 
53 53 
51 51 
