105 2070
57 18 
14 42 
41 41 
87 28 
61 19 
40 40 
93 279 
57 171 
65 65 
92 276 
74 222 
84 252 
56 56 
63 189 
8 2 
63 20 
48 48 
39 39 
48 15 
69 69 
47 15 
45 14 
28 84 
62 62 
75 24 
68 68 
97 291 
64 64 
42 42 
99 297 
67 67 
62 186 
89 29 
105 34 
18 54 
102 306 
51 51 
60 60 
96 288 
15 45 
68 204 
26 78 
48 144 
7 21 
40 12 
96 31 
54 54 
66 66 
57 57 
10 2 
66 198 
49 15 
49 49 
43 13 
52 52 
3 0 
44 44 
27 8 
20 6 
59 59 
17 51 
58 18 
58 174 
58 58 
38 114 
37 37 
53 53 
9 2 
53 159 
42 13 
32 10 
95 285 
30 9 
61 61 
70 70 
94 30 
63 63 
100 32 
46 46 
2 6 
87 261 
44 14 
21 63 
98 294 
50 150 
55 55 
47 47 
45 45 
39 117 
43 43 
93 30 
70 210 
90 270 
90 29 
101 303 
56 18 
86 28 
83 27 
81 243 
28 8 
38 12 
50 50 
11 3 
75 225 
38 38 
