106 326
81 26 
70 22 
25 75 
62 186 
67 201 
11 33 
6 18 
106 318 
41 123 
10 30 
20 5 
99 32 
27 8 
36 11 
28 8 
12 36 
7 1 
104 33 
97 291 
45 135 
29 8 
14 42 
91 273 
19 5 
37 11 
69 22 
82 26 
34 102 
40 120 
72 216 
51 153 
68 21 
14 3 
23 6 
107 34 
70 210 
63 20 
63 189 
9 27 
49 15 
86 27 
100 32 
34 10 
53 159 
47 14 
95 285 
17 51 
24 72 
30 90 
86 258 
74 222 
103 309 
42 13 
77 24 
93 30 
13 3 
81 243 
64 20 
106 34 
15 45 
84 252 
2 6 
21 63 
3 0 
5 15 
75 24 
18 5 
48 15 
62 19 
44 132 
56 168 
42 126 
85 27 
98 31 
57 171 
88 264 
45 14 
8 1 
89 28 
26 7 
16 4 
49 147 
35 105 
54 162 
38 114 
60 19 
82 246 
105 34 
80 240 
32 9 
94 30 
51 16 
108 35 
22 6 
26 78 
31 9 
31 93 
52 156 
88 28 
93 279 
22 66 
61 183 
102 33 
90 270 
58 174 
38 11 
