109 2222
40 40 
70 70 
60 60 
22 66 
59 59 
101 303 
61 61 
106 318 
87 261 
53 159 
17 5 
109 35 
104 34 
31 93 
102 306 
49 15 
79 25 
35 11 
78 25 
39 12 
45 14 
18 54 
30 90 
56 56 
50 50 
64 20 
74 24 
55 55 
15 45 
48 144 
109 327 
47 141 
64 64 
63 63 
15 4 
81 26 
82 26 
45 45 
72 72 
5 1 
97 291 
67 67 
65 65 
21 6 
52 16 
19 57 
18 5 
49 49 
29 87 
37 111 
11 33 
69 69 
69 207 
80 240 
34 102 
35 105 
84 27 
20 60 
8 24 
77 25 
71 71 
4 0 
108 35 
40 120 
9 2 
42 42 
105 34 
57 57 
62 62 
63 20 
4 12 
54 17 
68 68 
43 43 
33 10 
83 249 
108 324 
39 39 
89 29 
74 222 
59 19 
55 165 
100 300 
53 53 
66 66 
46 46 
54 54 
53 17 
56 18 
44 44 
80 26 
51 153 
52 52 
10 2 
52 156 
103 309 
91 29 
41 41 
50 150 
39 117 
86 28 
51 51 
58 58 
48 48 
3 0 
3 9 
47 47 
38 38 
7 21 
