165 508
77 231 
48 15 
108 324 
20 5 
55 17 
28 8 
14 3 
163 489 
163 53 
115 37 
154 462 
93 30 
76 228 
43 13 
130 42 
12 36 
64 192 
74 23 
15 4 
26 78 
133 43 
86 258 
106 318 
54 162 
85 27 
109 35 
25 7 
126 41 
27 8 
101 303 
156 51 
149 48 
116 37 
32 96 
118 354 
86 27 
161 483 
99 32 
104 33 
157 471 
164 53 
102 306 
160 480 
27 81 
21 6 
148 48 
62 186 
48 144 
40 12 
132 396 
59 177 
137 44 
60 19 
90 270 
66 198 
37 11 
96 31 
5 15 
140 45 
25 75 
41 12 
160 52 
162 486 
136 408 
107 321 
50 15 
69 207 
100 32 
125 40 
45 14 
75 24 
135 44 
67 21 
113 36 
158 474 
121 39 
89 267 
16 4 
6 1 
130 390 
104 312 
57 171 
67 201 
88 264 
126 378 
18 5 
6 18 
84 252 
84 27 
17 51 
30 90 
123 369 
120 39 
35 10 
134 43 
70 22 
17 4 
94 30 
28 84 
140 420 
2 6 
73 219 
14 42 
124 40 
165 495 
122 366 
109 327 
73 23 
88 28 
153 50 
26 7 
128 384 
129 42 
125 375 
97 291 
56 17 
94 282 
135 405 
146 47 
44 132 
65 195 
9 27 
82 246 
16 48 
41 123 
34 102 
9 2 
162 53 
75 225 
36 11 
58 18 
146 438 
139 45 
79 25 
119 357 
111 333 
60 180 
114 37 
34 10 
22 6 
136 44 
77 24 
152 456 
95 285 
152 49 
52 16 
8 24 
47 141 
39 117 
78 234 
151 49 
62 19 
58 174 
39 12 
99 297 
87 28 
114 342 
74 222 
166 54 
59 18 
144 432 
53 159 
80 25 
156 468 
36 108 
