101 1924
66 198 
47 15 
61 183 
28 8 
46 46 
39 39 
17 51 
64 64 
47 47 
89 29 
36 36 
60 60 
63 63 
12 3 
35 35 
21 63 
51 153 
26 8 
42 42 
92 30 
84 27 
54 54 
24 72 
49 15 
19 57 
5 15 
65 65 
66 66 
61 61 
38 114 
45 45 
100 300 
78 25 
37 37 
24 7 
95 285 
68 22 
44 44 
91 29 
102 33 
9 2 
10 30 
20 6 
59 177 
62 62 
58 18 
49 49 
47 141 
44 14 
56 56 
27 8 
41 41 
55 55 
39 12 
82 246 
3 0 
28 84 
11 3 
60 19 
48 48 
63 189 
58 58 
59 59 
3 9 
2 6 
55 165 
73 219 
8 2 
100 32 
9 27 
40 40 
32 10 
72 23 
76 228 
91 273 
52 52 
16 4 
27 81 
38 38 
6 1 
57 171 
85 255 
31 93 
99 32 
77 25 
78 234 
51 51 
50 50 
86 258 
41 123 
58 174 
57 57 
22 66 
12 36 
74 222 
88 28 
53 53 
43 43 
25 7 
51 16 
56 168 
