134 413
16 4 
68 204 
25 75 
19 5 
48 15 
26 78 
99 32 
18 5 
20 5 
91 273 
47 14 
47 141 
60 180 
32 96 
105 34 
133 43 
76 228 
114 37 
31 9 
104 312 
110 330 
15 45 
96 31 
70 210 
115 345 
73 23 
3 0 
102 306 
87 261 
135 44 
62 186 
6 1 
87 28 
63 189 
36 11 
68 21 
40 120 
118 38 
44 13 
51 16 
105 315 
7 21 
37 11 
119 38 
9 2 
10 2 
121 363 
72 216 
80 25 
128 41 
94 30 
121 39 
96 288 
130 42 
84 252 
44 132 
69 22 
59 18 
13 39 
49 147 
30 9 
81 243 
53 159 
104 33 
23 6 
24 72 
107 321 
132 43 
54 17 
70 22 
92 276 
56 168 
78 234 
9 27 
118 354 
78 25 
131 393 
38 114 
101 32 
41 12 
67 201 
108 35 
116 348 
117 38 
90 29 
99 297 
53 16 
37 111 
100 300 
119 357 
18 54 
94 282 
45 135 
130 390 
14 3 
102 33 
52 16 
8 24 
126 41 
126 378 
82 246 
8 1 
109 35 
19 57 
15 4 
110 35 
127 41 
29 8 
27 81 
75 24 
107 34 
86 258 
14 42 
100 32 
52 156 
90 270 
112 336 
31 93 
2 6 
71 213 
58 18 
43 13 
11 2 
46 138 
5 15 
39 12 
117 351 
83 26 
103 309 
55 17 
116 37 
23 69 
125 40 
58 174 
