185 6115
73 23 
23 69 
171 513 
105 315 
75 75 
68 68 
143 47 
97 31 
97 97 
120 120 
18 5 
117 38 
184 60 
114 342 
11 33 
162 486 
91 29 
30 90 
128 384 
92 92 
141 423 
98 294 
170 510 
65 65 
150 450 
122 366 
95 95 
124 40 
111 333 
80 240 
104 104 
88 88 
14 42 
167 55 
163 53 
123 40 
109 109 
156 468 
91 273 
116 348 
120 360 
137 45 
130 390 
89 89 
134 44 
79 25 
116 116 
60 180 
146 48 
151 49 
71 71 
79 79 
177 58 
75 24 
81 81 
144 432 
69 69 
94 94 
11 3 
90 270 
85 85 
53 159 
96 96 
170 56 
90 90 
76 76 
169 507 
83 27 
28 84 
147 441 
51 16 
103 103 
63 63 
111 111 
83 83 
38 114 
102 102 
61 183 
99 99 
77 231 
58 18 
100 100 
51 153 
20 6 
67 21 
91 91 
142 426 
62 20 
80 80 
117 117 
3 9 
153 50 
74 222 
105 105 
115 115 
118 118 
157 471 
174 57 
159 52 
25 7 
79 237 
86 86 
76 228 
67 67 
56 168 
66 66 
159 477 
176 528 
68 22 
184 552 
101 101 
96 288 
84 84 
34 10 
172 516 
90 29 
93 93 
22 6 
72 72 
119 39 
128 42 
47 15 
122 122 
3 0 
73 73 
183 60 
119 119 
77 77 
173 519 
126 41 
113 113 
154 462 
47 141 
123 369 
80 26 
72 216 
6 18 
93 279 
87 87 
50 150 
82 82 
74 24 
6 1 
168 504 
176 58 
111 36 
180 540 
64 64 
46 14 
74 74 
179 59 
114 114 
187 61 
112 112 
108 108 
181 543 
181 59 
59 177 
10 2 
161 53 
152 456 
144 47 
136 44 
106 106 
125 375 
110 110 
42 13 
122 40 
98 98 
145 47 
4 0 
70 70 
121 121 
45 14 
94 30 
107 107 
119 357 
18 54 
129 387 
87 28 
5 15 
78 78 
141 46 
44 132 
127 381 
