71 997
46 46 
10 30 
11 33 
46 138 
36 36 
53 159 
38 38 
8 24 
65 195 
43 129 
15 45 
60 180 
42 13 
61 183 
31 31 
25 25 
34 102 
44 14 
21 63 
32 32 
27 8 
24 7 
10 2 
22 6 
73 23 
7 1 
40 40 
34 34 
56 18 
41 41 
29 29 
55 17 
33 33 
8 2 
5 15 
45 45 
44 44 
66 198 
56 168 
35 35 
50 150 
28 28 
39 39 
18 54 
17 5 
66 21 
42 42 
54 162 
30 9 
43 43 
31 9 
30 30 
54 17 
55 165 
26 26 
69 207 
38 114 
62 186 
60 19 
46 14 
43 13 
11 3 
22 66 
58 174 
34 10 
27 27 
64 20 
33 99 
13 3 
37 37 
68 204 
