130 3105
129 42 
76 228 
84 84 
36 108 
1 3 
41 13 
5 15 
75 75 
27 81 
73 219 
70 70 
45 45 
60 180 
31 93 
51 51 
18 5 
64 64 
85 27 
49 15 
88 264 
86 258 
70 22 
102 33 
73 23 
79 79 
58 58 
78 78 
6 18 
71 71 
44 132 
90 29 
80 26 
46 138 
91 29 
60 60 
76 76 
80 80 
56 56 
85 85 
8 24 
118 38 
83 83 
96 288 
82 82 
55 55 
102 306 
49 49 
48 144 
17 5 
66 198 
48 15 
86 86 
61 19 
131 43 
87 28 
111 333 
77 77 
47 141 
110 330 
26 8 
126 41 
33 99 
57 171 
67 67 
104 312 
73 73 
65 195 
124 40 
23 69 
34 10 
40 12 
119 357 
128 42 
59 59 
81 81 
94 30 
78 25 
9 27 
93 30 
83 27 
61 61 
52 52 
68 68 
83 249 
94 282 
45 14 
128 384 
56 168 
55 17 
47 47 
69 22 
68 204 
38 12 
66 66 
46 46 
130 390 
63 63 
72 72 
67 201 
98 32 
42 126 
48 48 
49 147 
96 31 
78 234 
122 366 
50 50 
9 2 
38 114 
41 123 
112 336 
65 65 
7 1 
74 74 
108 35 
10 2 
77 231 
65 21 
36 11 
21 6 
82 26 
62 62 
25 75 
107 35 
53 53 
54 54 
69 69 
75 225 
56 18 
57 57 
