122 376
112 336 
84 252 
76 24 
89 28 
19 5 
41 123 
106 34 
10 2 
51 153 
59 18 
35 105 
4 12 
72 23 
107 321 
69 207 
122 39 
59 177 
64 192 
103 33 
114 342 
56 168 
53 159 
22 6 
19 57 
120 360 
80 25 
25 7 
54 162 
56 17 
45 135 
39 12 
32 96 
24 7 
7 1 
79 25 
93 279 
40 12 
43 129 
87 28 
11 2 
94 30 
47 141 
16 4 
115 37 
110 35 
60 19 
21 63 
51 16 
121 39 
117 38 
109 327 
48 15 
87 261 
86 258 
116 348 
28 84 
109 35 
97 31 
95 30 
33 99 
30 9 
86 27 
47 14 
61 183 
101 303 
20 60 
9 27 
123 40 
83 26 
52 156 
22 66 
10 30 
111 333 
71 213 
57 171 
37 11 
34 102 
37 111 
34 10 
46 14 
36 11 
70 210 
81 243 
80 240 
84 27 
3 9 
12 3 
90 29 
67 201 
61 19 
26 78 
23 69 
105 34 
55 17 
9 2 
50 15 
67 21 
82 26 
112 36 
12 36 
99 297 
91 273 
94 282 
114 37 
101 32 
65 20 
33 10 
98 294 
40 120 
62 19 
97 291 
121 363 
82 246 
68 204 
62 186 
92 276 
54 17 
42 13 
21 6 
119 38 
83 249 
89 267 
