99 305
44 132 
47 141 
51 16 
51 153 
8 1 
33 99 
74 23 
90 29 
96 288 
20 5 
48 15 
50 150 
77 231 
100 32 
47 14 
25 7 
87 261 
8 24 
84 252 
9 2 
84 27 
20 60 
59 18 
35 10 
71 213 
60 19 
21 63 
43 129 
81 243 
27 81 
98 31 
28 84 
88 28 
32 9 
64 192 
75 225 
54 162 
18 5 
10 30 
101 32 
15 45 
49 147 
66 21 
4 12 
14 3 
56 168 
76 228 
74 222 
65 20 
97 31 
68 21 
2 6 
31 93 
22 6 
41 12 
73 219 
36 108 
12 3 
11 33 
68 204 
41 123 
62 186 
19 5 
70 22 
17 4 
39 12 
93 30 
66 198 
42 13 
30 9 
82 26 
85 255 
7 1 
97 291 
69 207 
69 22 
94 282 
89 267 
79 25 
78 25 
40 120 
72 23 
64 20 
6 18 
83 249 
22 66 
23 6 
79 237 
1 3 
57 18 
85 27 
3 0 
12 36 
10 2 
24 72 
38 11 
96 31 
37 11 
7 21 
