144 3776
60 60 
40 12 
134 402 
47 15 
44 14 
135 405 
77 231 
56 56 
68 68 
69 207 
91 273 
113 339 
45 135 
78 234 
106 318 
84 84 
126 41 
72 72 
79 79 
67 201 
79 237 
80 80 
81 81 
53 53 
35 105 
26 8 
69 69 
44 132 
88 264 
21 6 
90 270 
84 27 
58 58 
87 87 
46 14 
52 52 
100 300 
50 16 
49 147 
126 378 
86 86 
36 11 
74 24 
25 7 
72 216 
96 96 
91 91 
18 54 
24 72 
75 75 
95 95 
76 76 
55 55 
23 69 
64 64 
70 70 
83 83 
66 66 
107 321 
50 50 
57 18 
90 90 
105 315 
108 324 
60 180 
53 159 
59 59 
78 78 
43 13 
77 77 
70 22 
67 67 
51 153 
51 51 
65 65 
132 43 
144 47 
71 23 
65 21 
92 92 
89 89 
64 20 
94 94 
68 22 
74 74 
57 171 
36 108 
85 85 
133 399 
71 71 
115 37 
133 43 
79 25 
3 9 
94 30 
93 30 
10 2 
17 51 
99 297 
37 11 
22 66 
82 82 
7 1 
33 10 
57 57 
28 84 
77 25 
144 432 
15 4 
88 88 
128 384 
93 279 
52 156 
114 37 
6 1 
63 63 
145 47 
125 41 
59 177 
73 219 
30 9 
51 16 
73 73 
75 24 
20 60 
21 63 
93 93 
95 31 
60 19 
110 36 
89 267 
92 276 
96 31 
14 4 
95 285 
23 7 
62 62 
119 357 
39 12 
61 61 
83 249 
54 54 
45 14 
55 17 
