146 3877
53 159 
125 375 
118 38 
102 33 
5 15 
138 45 
81 243 
71 213 
28 8 
85 27 
112 36 
105 34 
87 28 
93 279 
12 3 
37 111 
77 231 
72 216 
119 39 
96 31 
122 40 
22 6 
13 39 
76 24 
98 294 
4 0 
95 285 
137 45 
64 20 
7 1 
100 32 
84 27 
43 13 
117 38 
18 5 
54 162 
62 186 
82 246 
70 22 
106 34 
110 36 
128 42 
39 12 
144 47 
58 18 
139 45 
116 38 
120 39 
141 423 
31 9 
67 21 
100 300 
145 47 
16 4 
47 15 
98 32 
77 25 
125 41 
132 396 
78 234 
141 46 
96 288 
78 25 
50 16 
108 35 
147 48 
44 14 
17 5 
143 47 
20 6 
112 336 
94 30 
126 41 
27 81 
6 1 
23 7 
24 72 
1 3 
97 31 
34 10 
148 48 
142 46 
31 93 
43 129 
47 141 
65 21 
38 12 
83 27 
53 17 
22 66 
46 14 
140 46 
35 11 
111 36 
42 13 
129 42 
117 351 
122 366 
89 267 
66 198 
140 420 
74 24 
34 102 
55 17 
93 30 
89 29 
21 6 
33 10 
11 3 
63 189 
13 3 
51 153 
15 4 
109 35 
32 10 
30 90 
12 36 
36 108 
62 20 
132 43 
85 255 
9 27 
9 2 
56 18 
6 18 
128 384 
4 12 
91 29 
127 41 
57 18 
17 51 
103 33 
19 57 
133 43 
134 44 
14 42 
113 37 
135 44 
121 39 
15 45 
105 315 
48 144 
92 30 
61 19 
52 156 
8 2 
