108 2184
96 288 
43 13 
41 41 
32 10 
56 56 
52 156 
51 51 
57 57 
60 60 
80 26 
27 8 
54 17 
48 48 
102 306 
110 36 
51 153 
38 12 
24 7 
55 17 
70 70 
67 201 
38 38 
16 48 
66 66 
43 43 
58 18 
14 42 
59 19 
49 49 
97 31 
54 54 
98 294 
42 42 
101 33 
74 24 
72 72 
65 195 
82 26 
50 50 
104 34 
49 15 
26 8 
5 15 
55 55 
52 52 
61 61 
58 58 
44 44 
25 75 
63 63 
82 246 
11 33 
103 309 
41 13 
79 25 
81 26 
62 20 
71 71 
105 315 
64 64 
107 35 
66 198 
53 53 
31 9 
46 46 
72 23 
15 45 
45 45 
11 3 
50 16 
36 108 
33 10 
37 111 
62 62 
45 14 
57 171 
68 68 
28 84 
74 222 
4 12 
39 39 
47 47 
25 7 
95 285 
64 192 
94 30 
72 216 
24 72 
87 261 
34 102 
69 69 
73 219 
69 22 
53 159 
40 40 
65 65 
30 90 
1 3 
59 59 
22 6 
46 138 
67 67 
90 270 
68 22 
26 78 
63 20 
18 54 
6 1 
