79 1215
17 5 
53 159 
33 33 
35 11 
51 51 
41 41 
22 6 
10 30 
24 7 
80 26 
33 99 
37 37 
60 19 
42 42 
29 29 
46 46 
50 50 
40 120 
32 96 
46 14 
44 44 
70 22 
27 81 
64 20 
41 13 
64 192 
32 32 
23 7 
21 63 
43 13 
72 23 
43 43 
49 147 
44 14 
11 33 
34 34 
79 237 
47 47 
52 52 
55 17 
25 75 
71 213 
36 36 
30 30 
31 31 
63 20 
70 210 
49 49 
59 177 
76 24 
35 105 
38 38 
17 51 
46 138 
6 18 
30 90 
21 6 
28 8 
8 2 
66 21 
28 28 
72 216 
79 25 
4 0 
14 42 
18 5 
35 35 
29 87 
40 40 
39 39 
15 45 
37 111 
68 204 
77 231 
48 48 
19 57 
73 23 
30 9 
45 45 
