76 1131
3 0 
28 84 
78 25 
4 12 
24 72 
69 22 
20 6 
39 39 
30 30 
37 37 
33 33 
62 186 
58 18 
46 46 
35 35 
52 156 
40 120 
46 138 
30 9 
56 18 
49 15 
70 210 
32 32 
28 8 
26 8 
36 36 
41 13 
35 105 
57 171 
28 28 
39 117 
53 17 
43 43 
5 1 
71 213 
58 174 
73 23 
29 29 
40 40 
41 41 
76 24 
7 1 
45 45 
32 10 
44 14 
11 33 
13 3 
53 159 
27 27 
49 147 
42 42 
10 30 
51 153 
67 201 
18 5 
48 48 
6 18 
74 222 
38 12 
48 144 
48 15 
38 38 
50 50 
10 2 
2 6 
47 47 
31 9 
44 132 
44 44 
34 34 
14 4 
31 31 
1 3 
49 49 
3 9 
75 225 
