131 3151
84 27 
63 63 
91 273 
95 285 
82 82 
121 363 
57 171 
51 51 
40 12 
70 70 
75 75 
66 66 
63 20 
66 198 
5 15 
67 67 
71 71 
80 240 
48 48 
74 24 
74 74 
41 123 
77 77 
93 30 
87 261 
90 29 
85 85 
38 12 
125 375 
120 360 
133 43 
86 258 
97 31 
109 327 
79 79 
102 306 
83 83 
46 138 
103 309 
52 52 
45 45 
84 84 
55 55 
32 10 
60 60 
29 9 
33 99 
58 18 
37 111 
61 61 
127 41 
118 354 
45 135 
50 50 
114 37 
77 25 
89 267 
82 26 
2 6 
124 40 
83 249 
75 24 
23 69 
58 58 
31 9 
57 18 
21 6 
76 76 
69 22 
72 72 
43 13 
13 3 
30 9 
121 39 
64 64 
125 41 
16 4 
43 129 
59 59 
47 47 
86 86 
54 54 
127 381 
51 153 
6 18 
81 81 
83 27 
35 105 
107 35 
16 48 
68 68 
94 282 
78 78 
54 162 
49 49 
4 0 
78 234 
59 177 
113 37 
22 66 
57 57 
62 186 
70 210 
82 246 
91 29 
101 33 
7 1 
12 3 
74 222 
122 40 
46 46 
35 11 
53 53 
88 28 
69 69 
1 3 
80 80 
97 291 
3 0 
42 126 
6 1 
131 393 
62 62 
73 73 
90 270 
93 279 
9 27 
56 56 
94 30 
65 65 
128 42 
