75 1104
18 54 
13 39 
35 35 
36 11 
67 201 
73 23 
76 24 
50 150 
3 0 
41 41 
29 29 
30 9 
17 5 
33 99 
55 165 
45 135 
33 33 
19 57 
77 25 
48 15 
9 2 
26 8 
45 45 
25 75 
42 126 
24 72 
46 46 
27 27 
32 96 
31 31 
5 15 
50 50 
66 21 
47 47 
59 177 
60 180 
63 20 
32 32 
37 37 
34 34 
44 44 
62 20 
63 189 
8 2 
23 7 
74 222 
34 10 
25 7 
65 21 
16 4 
42 42 
66 198 
12 36 
40 40 
43 43 
49 49 
69 207 
33 10 
69 22 
36 36 
29 9 
71 213 
48 48 
30 90 
30 30 
38 12 
39 39 
58 174 
38 38 
8 24 
71 23 
28 28 
35 105 
29 87 
44 14 
