191 6504
54 162 
189 62 
97 97 
100 100 
76 24 
108 108 
25 7 
104 104 
126 378 
114 342 
115 115 
78 78 
80 80 
118 38 
58 174 
81 81 
92 92 
115 345 
145 47 
133 399 
56 18 
68 68 
111 111 
165 54 
176 528 
83 83 
76 76 
60 180 
73 73 
143 47 
37 11 
182 546 
95 95 
61 19 
30 90 
134 402 
112 112 
126 126 
107 107 
28 8 
97 291 
106 106 
163 53 
130 42 
94 94 
117 117 
63 20 
55 17 
135 44 
98 294 
184 60 
113 113 
78 234 
90 90 
98 98 
82 82 
122 122 
35 11 
86 86 
52 156 
75 75 
105 34 
185 555 
119 357 
77 77 
105 105 
155 465 
121 121 
87 87 
152 456 
65 65 
74 74 
81 26 
96 96 
118 354 
115 37 
148 48 
88 28 
75 225 
188 564 
120 360 
68 204 
155 51 
181 59 
148 444 
118 118 
187 61 
64 20 
20 6 
139 417 
182 60 
113 339 
147 48 
117 351 
24 72 
55 165 
44 132 
114 114 
4 0 
61 183 
125 125 
109 109 
91 91 
11 3 
171 56 
69 69 
150 450 
109 35 
23 7 
26 78 
72 72 
63 189 
103 103 
149 49 
101 303 
98 32 
173 519 
71 23 
140 420 
99 99 
82 26 
100 300 
153 50 
139 45 
80 26 
85 85 
14 42 
33 99 
7 21 
156 51 
69 207 
66 66 
19 5 
85 27 
126 41 
93 93 
168 504 
103 33 
100 32 
186 558 
119 119 
175 57 
56 168 
102 102 
88 88 
159 477 
17 5 
50 16 
88 264 
187 561 
48 15 
174 522 
32 10 
31 9 
103 309 
84 84 
89 29 
174 57 
71 71 
184 552 
102 33 
116 116 
170 510 
136 44 
123 123 
124 124 
169 507 
79 79 
49 15 
89 89 
87 261 
50 150 
110 110 
21 63 
38 114 
101 101 
70 70 
47 141 
54 17 
183 549 
20 60 
166 498 
67 67 
41 123 
71 213 
34 102 
107 35 
62 20 
69 22 
138 414 
120 120 
