72 221
40 12 
66 21 
4 12 
51 153 
11 33 
11 2 
42 13 
72 23 
55 165 
53 159 
68 204 
13 3 
67 21 
3 0 
12 36 
16 4 
69 207 
69 22 
2 6 
23 69 
46 138 
9 27 
19 57 
58 18 
65 195 
21 63 
16 48 
25 7 
38 114 
55 17 
70 210 
24 7 
12 3 
62 186 
63 20 
35 105 
18 5 
50 15 
56 168 
68 21 
31 93 
60 180 
17 51 
33 99 
49 15 
62 19 
19 5 
61 183 
59 177 
71 213 
54 17 
14 3 
53 16 
66 198 
51 16 
10 2 
57 171 
29 87 
60 19 
28 84 
58 174 
65 20 
34 102 
43 13 
33 10 
26 7 
27 8 
32 9 
45 135 
40 120 
15 4 
57 18 
