183 5988
157 471 
122 122 
159 52 
111 36 
45 14 
138 45 
82 82 
29 87 
71 213 
150 49 
52 16 
88 88 
175 57 
136 408 
181 59 
183 549 
109 109 
119 357 
110 36 
24 72 
140 420 
137 411 
91 273 
33 10 
27 8 
113 113 
95 95 
47 141 
137 45 
102 102 
86 86 
32 96 
57 18 
118 118 
68 204 
130 390 
83 83 
133 399 
9 27 
88 264 
71 71 
77 77 
11 33 
107 107 
85 27 
141 423 
105 105 
92 30 
119 39 
77 25 
90 29 
63 63 
24 7 
77 231 
69 69 
50 16 
50 150 
101 303 
180 59 
5 15 
108 108 
84 84 
63 189 
76 228 
134 402 
115 345 
123 40 
131 43 
43 13 
101 101 
16 4 
117 117 
96 96 
62 186 
172 516 
54 17 
64 64 
78 78 
180 540 
99 32 
87 261 
154 50 
74 74 
88 28 
21 63 
156 51 
94 94 
99 99 
85 85 
142 46 
116 38 
87 87 
63 20 
111 111 
106 106 
98 98 
106 34 
27 81 
47 15 
67 201 
121 363 
120 39 
120 120 
139 45 
89 89 
94 282 
121 121 
160 480 
163 53 
164 54 
68 22 
73 23 
107 321 
122 40 
152 456 
37 11 
73 73 
76 24 
52 156 
118 354 
110 110 
115 115 
22 66 
79 79 
90 270 
81 81 
17 5 
178 58 
177 58 
131 393 
113 339 
15 4 
116 116 
102 306 
67 67 
97 291 
65 65 
119 119 
162 486 
103 103 
86 258 
66 66 
75 75 
72 72 
153 50 
91 91 
117 38 
177 531 
157 51 
158 52 
65 21 
167 55 
13 3 
100 300 
17 51 
61 183 
100 100 
4 0 
97 97 
112 112 
25 7 
93 93 
103 33 
70 70 
170 510 
138 414 
68 68 
76 76 
159 477 
150 450 
12 36 
125 375 
54 162 
154 462 
90 90 
92 92 
96 288 
132 43 
80 80 
114 114 
39 12 
93 30 
104 104 
