94 1681
93 279 
54 17 
22 6 
59 19 
56 18 
84 27 
14 42 
38 114 
17 51 
67 21 
95 31 
96 31 
24 7 
83 249 
36 11 
85 27 
71 23 
26 8 
9 2 
59 177 
25 7 
84 252 
73 23 
74 24 
19 5 
33 10 
39 117 
31 93 
45 14 
93 30 
15 4 
38 12 
71 213 
19 57 
54 162 
69 207 
62 186 
46 14 
51 16 
12 3 
8 2 
86 28 
48 15 
18 5 
35 11 
55 17 
20 60 
75 24 
28 8 
66 21 
7 1 
26 78 
32 10 
39 12 
50 16 
79 237 
77 25 
58 18 
53 17 
80 240 
78 234 
16 48 
90 270 
94 30 
42 126 
69 22 
31 9 
6 18 
41 123 
94 282 
65 21 
30 90 
30 9 
16 4 
64 20 
4 12 
52 16 
70 22 
56 168 
34 102 
60 19 
27 81 
92 30 
63 20 
13 3 
72 23 
58 174 
7 21 
47 15 
21 63 
3 0 
42 13 
82 26 
5 1 
