97 1783
50 150 
52 52 
57 18 
45 45 
56 56 
53 17 
71 23 
37 37 
67 201 
43 43 
55 55 
66 21 
5 15 
48 144 
54 17 
3 0 
40 40 
69 207 
21 6 
96 288 
90 29 
25 7 
59 59 
91 29 
29 9 
12 36 
41 41 
60 60 
36 11 
60 19 
59 19 
50 50 
49 147 
39 39 
16 4 
51 51 
11 33 
54 54 
82 246 
36 36 
55 165 
19 57 
63 63 
10 30 
60 180 
67 21 
90 270 
14 42 
7 21 
33 99 
88 28 
64 192 
74 222 
53 53 
24 7 
22 6 
13 3 
45 14 
47 47 
61 61 
44 44 
64 64 
69 22 
46 46 
35 105 
73 219 
17 51 
8 24 
58 18 
83 249 
34 102 
49 49 
51 153 
38 38 
62 62 
63 189 
80 26 
30 90 
87 261 
7 1 
48 48 
64 20 
57 171 
26 78 
62 186 
87 28 
35 35 
96 31 
11 3 
40 12 
42 42 
4 0 
57 57 
93 279 
99 32 
58 58 
34 34 
