184 6051
117 351 
71 71 
53 17 
115 115 
6 18 
83 83 
119 39 
90 29 
18 5 
82 246 
69 69 
68 68 
120 120 
142 46 
8 2 
169 55 
17 51 
134 402 
55 165 
52 16 
122 366 
66 21 
168 504 
33 99 
65 65 
62 20 
159 477 
72 216 
147 48 
158 52 
98 98 
59 177 
121 121 
79 79 
77 25 
49 147 
64 64 
12 36 
91 273 
72 72 
90 90 
106 106 
96 96 
109 35 
120 39 
175 57 
60 19 
95 285 
65 21 
9 2 
116 116 
161 53 
117 117 
7 21 
80 26 
114 114 
145 435 
130 390 
77 77 
20 6 
172 516 
105 105 
169 507 
37 111 
101 33 
72 23 
153 50 
155 51 
100 100 
151 49 
94 94 
45 135 
109 327 
89 89 
101 101 
42 13 
68 204 
103 103 
85 85 
92 276 
122 40 
146 438 
8 24 
54 17 
102 306 
156 468 
112 112 
73 73 
60 180 
141 46 
84 84 
107 107 
137 45 
66 198 
84 27 
70 70 
84 252 
82 82 
170 510 
91 91 
30 9 
69 207 
142 426 
26 8 
161 483 
118 118 
135 44 
133 43 
116 348 
148 444 
63 63 
102 102 
178 534 
91 29 
113 37 
35 105 
80 80 
146 48 
122 122 
127 381 
130 42 
104 104 
113 113 
9 27 
29 87 
174 522 
109 109 
38 12 
75 75 
151 453 
17 5 
55 17 
162 486 
66 66 
99 297 
134 44 
104 312 
92 92 
143 429 
31 9 
97 97 
93 93 
89 29 
167 55 
110 110 
2 6 
103 309 
20 60 
108 108 
83 27 
95 95 
76 76 
183 549 
112 36 
25 7 
121 363 
42 126 
39 12 
67 67 
88 88 
96 31 
99 99 
111 111 
78 78 
160 52 
135 405 
81 81 
58 174 
50 150 
154 462 
105 315 
81 26 
126 378 
27 8 
87 87 
86 86 
6 1 
74 74 
118 38 
47 15 
85 255 
119 119 
12 3 
115 37 
