160 4622
123 40 
127 41 
100 32 
134 44 
54 17 
92 30 
103 309 
120 39 
95 285 
159 52 
87 28 
38 114 
91 29 
67 21 
139 45 
42 126 
151 453 
66 21 
143 47 
158 52 
121 39 
8 2 
77 231 
70 210 
20 60 
79 25 
109 327 
26 78 
13 3 
138 45 
32 96 
99 32 
89 29 
119 357 
150 450 
132 43 
137 45 
5 15 
15 45 
84 27 
111 333 
148 48 
42 13 
20 6 
108 324 
14 4 
162 53 
97 31 
3 9 
37 11 
152 50 
46 14 
82 26 
69 22 
131 393 
102 33 
76 24 
98 294 
50 150 
7 21 
52 16 
76 228 
105 34 
12 3 
85 27 
8 24 
137 411 
155 51 
142 46 
39 117 
61 183 
138 414 
93 30 
114 342 
126 41 
49 15 
19 5 
54 162 
131 43 
60 19 
4 0 
81 26 
88 28 
33 99 
86 28 
59 19 
9 2 
130 42 
2 6 
149 447 
101 33 
109 35 
124 372 
13 39 
69 207 
160 480 
61 19 
113 37 
58 18 
157 51 
110 330 
80 240 
78 25 
30 90 
22 6 
24 7 
148 444 
6 1 
144 47 
107 35 
62 20 
90 29 
50 16 
15 4 
151 49 
154 462 
156 468 
159 477 
119 39 
147 48 
63 189 
104 34 
21 6 
96 31 
129 42 
62 186 
140 46 
41 13 
39 12 
98 32 
121 363 
26 8 
11 3 
53 17 
150 49 
72 23 
114 37 
160 52 
33 10 
44 14 
75 24 
153 50 
106 34 
84 252 
7 1 
43 129 
86 258 
158 474 
56 18 
108 35 
28 8 
154 50 
97 291 
1 3 
78 234 
23 7 
149 49 
75 225 
80 26 
70 22 
