151 4135
56 168 
56 18 
113 339 
101 33 
88 28 
62 20 
13 3 
66 198 
108 35 
102 33 
112 36 
125 41 
77 231 
123 369 
147 48 
34 10 
149 447 
149 49 
76 24 
120 39 
85 27 
28 8 
145 435 
43 13 
114 37 
124 40 
60 19 
131 43 
104 34 
18 54 
137 411 
94 30 
45 135 
86 258 
138 414 
16 48 
152 50 
129 42 
79 237 
14 4 
58 18 
7 1 
83 27 
133 43 
46 14 
47 141 
41 13 
122 40 
140 46 
31 93 
54 162 
144 47 
9 27 
1 3 
45 14 
36 11 
78 25 
115 37 
60 180 
92 30 
27 8 
21 6 
19 5 
90 29 
62 186 
75 24 
6 18 
132 396 
50 16 
22 6 
4 0 
36 108 
59 19 
16 4 
116 38 
147 441 
146 438 
38 114 
25 7 
63 20 
9 2 
95 31 
19 57 
146 48 
64 20 
28 84 
8 24 
134 402 
117 38 
17 5 
71 213 
11 3 
58 174 
123 40 
116 348 
151 49 
80 240 
103 309 
90 270 
2 6 
141 46 
64 192 
52 16 
105 34 
23 69 
148 48 
142 46 
55 17 
81 243 
126 378 
41 123 
38 12 
109 35 
77 25 
72 23 
29 9 
3 0 
57 18 
15 45 
135 44 
113 37 
27 81 
10 2 
99 32 
106 34 
83 249 
6 1 
109 327 
23 7 
80 26 
106 318 
126 41 
150 49 
63 189 
91 29 
18 5 
44 14 
30 9 
139 45 
96 31 
143 47 
76 228 
24 7 
26 8 
31 9 
20 6 
115 345 
98 32 
153 50 
125 375 
100 32 
