121 2709
63 20 
105 315 
94 30 
103 309 
33 99 
51 16 
120 39 
110 36 
58 174 
45 14 
112 36 
31 9 
3 0 
37 11 
62 20 
97 31 
72 23 
71 23 
68 22 
18 5 
20 6 
52 156 
99 297 
70 210 
95 285 
29 9 
14 4 
38 12 
28 84 
91 29 
116 38 
81 243 
65 21 
70 22 
69 22 
30 9 
7 21 
106 34 
64 192 
13 3 
38 114 
81 26 
19 5 
26 8 
98 294 
78 25 
113 339 
92 276 
60 19 
11 33 
8 2 
17 51 
101 303 
82 246 
50 16 
47 15 
98 32 
107 35 
59 177 
110 330 
74 24 
43 13 
35 11 
23 7 
84 27 
60 180 
51 153 
66 198 
41 123 
32 10 
48 15 
21 6 
58 18 
39 117 
86 258 
42 13 
90 29 
33 10 
67 21 
104 312 
12 3 
72 216 
4 0 
111 333 
16 4 
76 228 
1 3 
40 12 
113 37 
49 15 
96 31 
29 87 
117 38 
11 3 
22 6 
89 29 
82 26 
10 2 
21 63 
99 32 
54 17 
4 12 
5 1 
14 42 
44 14 
56 18 
59 19 
73 23 
16 48 
119 39 
15 4 
109 35 
57 18 
34 102 
18 54 
87 261 
53 17 
28 8 
93 279 
80 26 
17 5 
