133 3243
125 41 
88 264 
71 71 
59 177 
46 14 
79 79 
87 87 
49 147 
9 27 
39 12 
36 108 
35 105 
26 8 
2 6 
31 93 
91 273 
67 201 
81 81 
17 51 
67 21 
56 56 
123 40 
127 41 
63 63 
55 55 
70 70 
42 126 
78 78 
117 38 
6 1 
62 62 
106 34 
54 54 
67 67 
96 31 
116 348 
73 73 
12 3 
61 61 
116 38 
101 33 
85 27 
53 17 
88 88 
82 82 
10 30 
72 72 
131 43 
40 12 
51 51 
65 65 
98 294 
104 34 
28 84 
52 52 
72 216 
79 25 
18 5 
93 30 
33 10 
78 234 
49 49 
111 36 
16 4 
99 32 
68 68 
95 31 
84 84 
83 249 
117 351 
24 72 
7 1 
15 45 
115 345 
131 393 
57 171 
76 76 
58 58 
50 50 
83 83 
43 129 
95 285 
37 111 
27 8 
60 60 
46 46 
64 64 
122 40 
92 30 
69 69 
118 38 
96 288 
77 25 
1 3 
97 291 
66 198 
57 57 
49 15 
41 123 
106 318 
48 48 
5 15 
123 369 
74 74 
22 6 
14 42 
47 47 
86 86 
53 53 
83 27 
102 306 
55 165 
80 80 
58 18 
126 378 
45 135 
45 14 
16 48 
80 26 
38 114 
59 59 
11 33 
63 20 
65 21 
81 26 
97 31 
56 168 
77 77 
75 75 
108 324 
66 66 
85 85 
134 44 
