98 302
23 69 
13 39 
26 78 
55 165 
26 7 
85 27 
33 10 
57 171 
30 9 
51 153 
3 9 
54 17 
75 24 
46 14 
14 42 
78 234 
38 114 
49 147 
5 0 
76 24 
86 27 
43 129 
67 201 
45 14 
29 8 
92 276 
18 5 
4 0 
19 57 
22 66 
96 288 
58 174 
8 1 
70 22 
22 6 
21 6 
27 81 
62 186 
60 180 
2 6 
57 18 
39 12 
89 267 
28 84 
51 16 
93 30 
74 23 
11 2 
20 60 
32 96 
41 123 
35 10 
17 4 
11 33 
33 99 
28 8 
58 18 
99 32 
20 5 
12 36 
24 72 
61 183 
15 45 
83 26 
47 14 
75 225 
39 117 
48 144 
5 15 
37 111 
32 9 
92 29 
73 23 
53 16 
70 210 
76 228 
88 28 
90 29 
64 20 
85 255 
34 102 
30 90 
80 25 
95 30 
36 11 
46 138 
10 2 
78 25 
90 270 
6 18 
87 28 
72 216 
9 2 
77 24 
52 16 
65 20 
45 135 
71 213 
