137 3432
42 13 
78 25 
105 315 
60 60 
40 120 
89 29 
53 53 
58 58 
133 43 
7 21 
71 213 
67 201 
6 18 
85 85 
65 65 
45 14 
79 79 
109 35 
112 36 
17 51 
11 33 
31 93 
64 64 
114 342 
83 83 
62 186 
86 86 
63 63 
57 171 
98 32 
50 50 
15 45 
4 12 
115 345 
75 225 
75 75 
77 77 
84 84 
35 105 
77 25 
36 108 
13 3 
58 174 
37 11 
122 366 
55 165 
88 88 
72 72 
78 78 
56 168 
59 59 
69 22 
38 114 
55 55 
89 89 
29 9 
130 390 
113 339 
131 393 
47 47 
38 12 
103 309 
73 73 
43 129 
52 156 
49 15 
85 255 
49 49 
108 35 
67 67 
82 26 
78 234 
130 42 
52 16 
22 6 
128 42 
82 82 
114 37 
62 20 
92 30 
124 40 
81 81 
139 45 
84 27 
64 20 
48 15 
111 36 
102 33 
45 135 
74 74 
70 70 
25 7 
65 195 
52 52 
111 333 
62 62 
61 61 
14 4 
76 76 
29 87 
26 78 
57 57 
68 22 
91 273 
121 39 
47 141 
1 3 
87 87 
51 51 
22 66 
59 19 
90 270 
81 26 
42 126 
68 68 
69 69 
51 16 
27 8 
54 54 
14 42 
129 387 
25 75 
90 90 
20 6 
80 80 
118 38 
108 324 
56 56 
71 71 
48 48 
131 43 
7 1 
66 66 
55 17 
82 246 
104 34 
48 144 
