176 542
13 3 
133 399 
45 135 
34 10 
2 6 
72 23 
105 315 
28 84 
161 483 
82 246 
40 12 
32 9 
43 129 
80 240 
21 6 
106 318 
130 390 
38 11 
143 46 
68 204 
114 342 
141 423 
116 348 
110 330 
161 52 
53 159 
158 474 
136 44 
78 25 
151 49 
101 303 
30 90 
139 45 
55 17 
155 465 
128 384 
60 19 
44 132 
71 22 
18 5 
127 381 
96 31 
169 507 
145 435 
12 36 
103 309 
37 111 
139 417 
9 2 
15 4 
36 11 
164 53 
12 3 
5 0 
23 69 
92 276 
52 156 
48 15 
125 375 
100 300 
22 6 
25 7 
79 25 
56 168 
30 9 
63 189 
16 48 
159 477 
171 513 
111 36 
153 459 
156 468 
177 58 
155 50 
10 30 
70 22 
152 456 
112 36 
71 213 
124 40 
113 339 
104 312 
147 48 
73 23 
31 93 
3 0 
59 18 
105 34 
27 81 
35 10 
104 33 
132 43 
87 261 
144 432 
19 57 
110 35 
114 37 
119 357 
128 41 
175 525 
58 174 
29 8 
34 102 
25 75 
113 36 
84 27 
63 20 
115 345 
7 21 
59 177 
165 54 
131 42 
50 150 
67 201 
93 30 
37 11 
175 57 
19 5 
123 40 
47 141 
142 46 
169 55 
159 52 
72 216 
168 504 
66 21 
167 501 
85 27 
129 42 
40 120 
69 207 
86 27 
50 15 
140 45 
166 498 
121 363 
174 57 
111 333 
62 19 
99 297 
150 49 
70 210 
106 34 
170 55 
45 14 
64 192 
77 231 
147 441 
178 58 
23 6 
172 56 
24 72 
90 270 
61 19 
20 60 
109 327 
120 39 
22 66 
108 35 
160 52 
157 471 
48 144 
4 0 
54 162 
91 29 
87 28 
53 16 
100 32 
126 378 
135 44 
76 228 
144 47 
60 180 
167 54 
145 47 
163 489 
