115 2459
40 40 
88 28 
1 3 
44 44 
48 144 
85 27 
65 65 
49 49 
115 345 
73 73 
41 41 
42 42 
106 34 
109 327 
56 56 
51 16 
69 207 
75 225 
52 52 
64 64 
88 264 
35 11 
38 12 
71 71 
103 309 
29 9 
39 117 
86 28 
114 37 
8 24 
58 58 
107 321 
47 47 
50 50 
10 30 
116 38 
56 18 
46 14 
96 288 
53 53 
83 27 
44 14 
55 165 
53 17 
35 105 
39 12 
42 126 
60 180 
59 19 
63 63 
34 10 
80 26 
51 51 
29 87 
76 228 
64 192 
72 72 
80 240 
82 246 
60 60 
66 21 
56 168 
103 33 
63 189 
15 45 
66 66 
46 46 
90 29 
48 48 
55 17 
6 1 
68 204 
25 75 
57 57 
89 267 
23 7 
18 54 
45 135 
82 26 
108 324 
89 29 
2 6 
8 2 
74 222 
75 24 
24 72 
68 68 
75 75 
91 273 
70 70 
94 30 
97 31 
92 276 
114 342 
115 37 
47 141 
59 59 
83 249 
62 62 
32 10 
71 23 
74 74 
36 11 
45 45 
67 67 
14 42 
65 21 
76 76 
61 61 
55 55 
54 54 
22 6 
16 4 
43 43 
69 69 
