167 5019
103 103 
68 68 
80 80 
113 37 
82 246 
14 42 
102 306 
71 213 
69 22 
46 138 
44 14 
71 71 
63 63 
59 19 
107 35 
89 89 
58 58 
85 85 
66 66 
18 5 
77 77 
78 78 
120 360 
57 57 
138 45 
140 46 
136 408 
135 405 
89 267 
82 26 
106 106 
89 29 
57 171 
61 61 
62 20 
95 95 
97 97 
154 50 
34 102 
43 13 
59 59 
6 18 
110 110 
124 372 
75 225 
39 117 
145 47 
105 105 
148 444 
93 30 
145 435 
36 11 
91 91 
50 16 
165 495 
21 63 
88 88 
64 64 
100 100 
49 147 
167 55 
78 234 
123 369 
31 9 
75 75 
99 99 
74 222 
69 69 
158 474 
66 21 
84 27 
103 309 
101 101 
11 33 
67 67 
26 78 
118 38 
94 94 
108 324 
87 261 
75 24 
120 39 
88 264 
22 6 
12 3 
121 363 
92 92 
62 62 
38 114 
105 34 
65 65 
161 53 
130 390 
29 9 
93 93 
141 46 
98 98 
102 102 
115 37 
161 483 
76 76 
96 96 
25 75 
94 282 
83 249 
90 90 
96 31 
100 32 
166 498 
77 231 
104 104 
70 70 
9 2 
86 86 
56 168 
84 252 
77 25 
159 477 
91 273 
83 83 
87 87 
60 60 
49 15 
27 81 
33 99 
81 243 
109 109 
15 4 
74 74 
44 132 
62 186 
94 30 
164 492 
107 107 
59 177 
108 108 
72 72 
29 87 
67 21 
90 29 
7 1 
79 79 
124 40 
14 4 
45 14 
26 8 
63 20 
50 150 
56 18 
83 27 
76 24 
68 22 
144 432 
164 54 
103 33 
73 73 
82 82 
139 45 
159 52 
17 51 
65 195 
81 81 
150 450 
9 27 
97 291 
129 42 
84 84 
