95 1715
82 246 
85 27 
76 24 
2 6 
13 39 
62 186 
25 75 
55 55 
80 26 
74 24 
34 10 
37 37 
82 26 
90 270 
3 0 
80 240 
43 43 
52 52 
54 54 
40 120 
85 255 
15 45 
53 17 
1 3 
51 51 
59 59 
36 36 
18 5 
73 219 
51 16 
91 29 
20 6 
9 2 
46 138 
45 45 
86 28 
61 61 
34 34 
61 183 
53 53 
7 1 
50 50 
55 17 
62 20 
40 12 
89 267 
42 42 
49 49 
35 105 
3 9 
65 21 
70 210 
57 57 
60 180 
23 69 
39 39 
41 41 
44 44 
39 117 
16 4 
79 25 
47 47 
41 123 
56 56 
59 177 
48 48 
36 108 
27 8 
60 60 
62 62 
78 25 
94 282 
30 9 
29 9 
26 8 
69 207 
13 3 
35 35 
5 15 
50 150 
76 228 
87 261 
18 54 
75 24 
60 19 
40 40 
28 84 
71 23 
6 18 
46 46 
84 252 
58 58 
68 22 
33 33 
38 38 
