138 3480
72 216 
68 68 
92 92 
56 56 
106 34 
122 40 
114 342 
20 60 
53 159 
82 82 
69 22 
63 63 
72 72 
47 141 
19 5 
12 36 
120 39 
121 363 
35 105 
45 135 
92 30 
59 59 
115 345 
91 91 
61 61 
89 89 
135 44 
41 13 
87 87 
114 37 
125 375 
89 267 
129 387 
27 81 
5 15 
85 27 
78 78 
42 126 
69 69 
96 288 
68 204 
90 90 
88 88 
66 66 
129 42 
96 31 
97 31 
91 29 
86 86 
62 62 
104 312 
29 87 
48 48 
107 321 
94 30 
52 52 
83 83 
73 73 
91 273 
81 81 
74 74 
3 0 
60 180 
73 23 
21 6 
48 144 
31 93 
87 261 
39 12 
79 79 
33 99 
54 17 
41 123 
44 132 
90 29 
20 6 
110 330 
108 324 
53 53 
102 33 
80 26 
66 198 
88 28 
117 38 
53 17 
111 36 
70 70 
71 71 
64 64 
9 27 
81 243 
97 291 
66 21 
75 75 
72 23 
55 55 
58 58 
29 9 
44 14 
26 8 
54 54 
57 57 
52 156 
77 77 
25 75 
95 285 
77 25 
49 147 
93 279 
131 43 
113 339 
6 1 
126 41 
137 45 
50 50 
21 63 
135 405 
67 67 
49 49 
125 41 
116 38 
84 84 
85 85 
9 2 
76 76 
26 78 
60 60 
51 51 
31 9 
57 18 
80 80 
7 21 
11 33 
25 7 
62 186 
65 65 
37 11 
59 19 
