200 7111
64 192 
37 11 
109 35 
50 16 
125 125 
36 108 
15 4 
149 49 
123 369 
162 53 
115 37 
128 42 
90 90 
53 17 
102 33 
52 156 
104 312 
93 93 
89 89 
23 7 
75 75 
167 501 
160 52 
169 55 
27 81 
180 59 
34 10 
127 41 
25 75 
47 15 
102 102 
49 147 
142 426 
72 72 
129 129 
156 468 
144 47 
9 27 
43 129 
200 600 
84 252 
184 552 
88 28 
131 393 
17 5 
67 201 
69 207 
180 540 
79 79 
71 71 
81 81 
120 360 
153 50 
18 5 
100 100 
193 579 
125 41 
119 119 
84 84 
108 324 
100 300 
154 50 
83 83 
36 11 
159 52 
44 132 
88 88 
11 33 
175 57 
121 121 
85 255 
24 72 
173 519 
43 13 
149 447 
199 597 
77 77 
103 103 
170 56 
98 294 
71 213 
42 126 
75 24 
195 585 
146 438 
106 106 
57 18 
109 109 
125 375 
54 17 
114 114 
188 564 
126 126 
177 531 
104 104 
97 291 
128 128 
48 15 
68 68 
80 80 
101 101 
69 69 
86 86 
100 32 
193 63 
95 285 
127 381 
51 153 
173 57 
131 131 
123 40 
95 95 
132 132 
117 117 
129 42 
103 309 
51 16 
111 111 
97 97 
107 107 
194 64 
5 15 
62 20 
116 38 
103 33 
115 345 
71 23 
96 288 
151 49 
182 546 
179 537 
115 115 
110 110 
21 63 
155 465 
74 74 
122 122 
39 12 
183 549 
14 42 
76 76 
91 91 
130 130 
146 48 
154 462 
73 73 
169 507 
85 85 
31 9 
129 387 
94 94 
122 366 
195 64 
99 99 
108 108 
122 40 
151 453 
113 113 
98 98 
98 32 
157 51 
105 105 
120 120 
81 26 
29 9 
117 38 
32 10 
82 26 
70 70 
50 150 
190 570 
198 65 
164 54 
118 118 
35 105 
123 123 
84 27 
112 112 
92 92 
96 96 
145 47 
87 87 
127 127 
171 513 
56 18 
78 78 
21 6 
88 264 
185 555 
116 116 
64 20 
139 45 
76 228 
59 177 
130 390 
177 58 
82 82 
79 237 
26 78 
124 124 
