126 2926
83 249 
91 29 
47 47 
53 53 
24 72 
42 126 
8 24 
78 234 
44 44 
107 321 
81 26 
103 33 
65 21 
116 348 
85 27 
63 63 
92 30 
61 61 
76 76 
72 72 
59 19 
36 108 
57 57 
81 81 
69 22 
16 4 
45 45 
84 84 
123 369 
28 8 
33 10 
112 336 
105 315 
74 74 
46 46 
4 12 
68 204 
83 83 
77 77 
99 297 
120 360 
78 78 
52 52 
62 62 
18 5 
56 56 
59 177 
51 16 
73 73 
65 65 
80 80 
43 13 
84 27 
39 12 
38 12 
106 318 
55 55 
31 93 
48 48 
75 75 
82 82 
3 0 
30 9 
37 111 
68 22 
49 49 
70 22 
66 66 
80 26 
39 117 
69 69 
54 54 
57 18 
55 165 
26 8 
125 41 
73 219 
48 144 
32 96 
67 201 
93 30 
71 71 
101 33 
61 183 
50 50 
67 67 
65 195 
81 243 
56 18 
49 147 
77 231 
113 339 
77 25 
69 207 
58 58 
54 162 
17 51 
50 16 
16 48 
67 21 
121 363 
94 30 
37 11 
9 27 
89 267 
35 11 
79 237 
6 1 
52 156 
60 60 
71 23 
62 186 
14 4 
59 59 
51 51 
97 31 
64 64 
73 23 
82 26 
88 264 
68 68 
79 79 
42 13 
56 168 
70 70 
128 42 
