158 487
37 111 
130 42 
140 45 
120 360 
76 24 
119 357 
16 48 
5 0 
75 225 
151 453 
67 201 
21 6 
145 435 
138 414 
144 47 
13 3 
53 16 
33 99 
155 465 
104 33 
31 9 
48 15 
42 13 
15 45 
122 366 
14 3 
25 75 
96 31 
94 30 
102 306 
117 38 
45 135 
10 2 
107 321 
32 96 
69 22 
114 342 
89 28 
85 255 
57 18 
97 291 
150 49 
98 31 
65 20 
83 249 
49 147 
11 2 
90 270 
17 4 
123 40 
8 1 
145 47 
99 297 
56 168 
39 117 
87 28 
143 46 
61 183 
121 39 
149 48 
88 28 
113 36 
18 5 
13 39 
133 399 
141 46 
110 35 
108 35 
71 22 
124 372 
49 15 
108 324 
71 213 
74 222 
7 21 
111 333 
6 1 
92 276 
27 8 
142 426 
156 468 
109 327 
123 369 
59 18 
124 40 
85 27 
97 31 
96 288 
68 21 
130 390 
56 17 
125 40 
37 11 
64 20 
62 19 
43 129 
28 84 
41 12 
119 38 
99 32 
134 402 
72 23 
160 52 
24 72 
137 44 
81 243 
146 438 
47 141 
104 312 
112 336 
34 102 
38 11 
113 339 
80 240 
53 159 
107 34 
23 6 
154 462 
29 8 
138 45 
46 14 
65 195 
44 13 
125 375 
79 25 
122 39 
132 396 
72 216 
121 363 
9 27 
153 50 
92 29 
43 13 
98 294 
35 105 
120 39 
94 282 
63 20 
33 10 
152 456 
19 57 
105 34 
19 5 
22 66 
148 444 
147 441 
74 23 
17 51 
12 36 
116 37 
139 417 
26 78 
79 237 
115 345 
2 6 
22 6 
46 138 
95 30 
