178 5676
111 36 
69 207 
70 70 
119 39 
63 63 
146 438 
123 40 
103 103 
104 104 
175 57 
34 102 
97 97 
71 71 
147 48 
78 78 
95 95 
99 32 
88 88 
86 28 
174 522 
52 156 
50 150 
164 492 
75 75 
120 39 
96 96 
108 35 
64 64 
168 504 
84 27 
115 115 
141 423 
100 100 
48 144 
149 447 
7 21 
92 276 
46 14 
16 4 
155 465 
135 405 
16 48 
68 68 
142 426 
28 84 
88 264 
66 66 
9 2 
69 69 
180 59 
91 91 
117 117 
68 22 
102 102 
177 531 
61 61 
130 390 
65 65 
110 110 
160 480 
74 222 
87 87 
99 99 
48 15 
45 14 
56 168 
77 25 
127 41 
71 213 
18 54 
113 113 
85 27 
15 4 
112 112 
111 111 
129 42 
116 116 
135 44 
114 114 
99 297 
80 240 
160 52 
72 72 
78 234 
98 98 
5 1 
103 309 
97 31 
138 45 
154 50 
43 13 
89 89 
101 101 
108 108 
82 82 
63 189 
164 54 
108 324 
106 34 
42 126 
31 93 
94 94 
104 34 
163 53 
92 92 
170 510 
176 58 
81 26 
73 73 
82 246 
1 3 
18 5 
83 83 
89 29 
67 67 
178 534 
171 56 
100 32 
81 243 
156 468 
175 525 
80 26 
81 81 
116 38 
123 369 
107 35 
14 4 
142 46 
56 18 
80 80 
32 10 
30 90 
12 3 
118 354 
124 372 
76 76 
145 435 
144 47 
114 37 
101 303 
178 58 
107 107 
62 186 
86 258 
23 69 
3 0 
90 90 
109 109 
93 279 
62 20 
105 105 
122 40 
118 118 
93 93 
54 17 
84 84 
174 57 
177 58 
85 85 
20 60 
119 357 
79 79 
145 47 
120 360 
96 288 
72 216 
59 177 
158 474 
37 111 
62 62 
21 63 
74 74 
172 56 
8 24 
77 77 
86 86 
136 44 
106 106 
