73 1050
33 99 
40 12 
45 14 
49 15 
48 144 
36 36 
60 180 
42 42 
54 162 
44 44 
74 24 
61 19 
45 135 
7 21 
35 105 
10 2 
47 47 
25 75 
47 141 
24 7 
34 34 
41 123 
48 48 
26 26 
41 41 
5 15 
30 30 
27 27 
56 168 
21 63 
42 126 
36 11 
27 8 
51 153 
52 16 
37 37 
43 43 
32 96 
75 24 
44 14 
28 28 
33 33 
38 38 
28 84 
1 3 
32 10 
26 78 
32 32 
63 189 
29 29 
31 31 
44 132 
40 40 
12 3 
34 10 
30 90 
18 5 
15 4 
65 21 
47 15 
37 11 
73 23 
39 12 
39 39 
50 150 
11 33 
46 46 
35 35 
67 201 
6 18 
51 16 
45 45 
9 2 
