74 1077
48 48 
63 20 
28 84 
18 5 
25 75 
42 13 
4 12 
17 5 
24 72 
44 44 
41 13 
37 11 
14 42 
42 42 
43 43 
44 132 
29 29 
41 123 
35 11 
34 102 
6 1 
31 9 
72 23 
35 35 
63 189 
14 4 
8 2 
45 135 
47 47 
40 120 
38 38 
70 210 
9 2 
49 15 
41 41 
59 177 
24 7 
36 11 
58 174 
21 63 
38 114 
60 19 
26 26 
36 36 
55 165 
45 45 
27 27 
19 57 
46 46 
56 168 
9 27 
67 201 
33 33 
43 13 
71 213 
11 33 
34 34 
31 31 
30 9 
40 40 
10 30 
71 23 
28 28 
32 32 
51 153 
30 30 
15 45 
37 37 
28 8 
15 4 
4 0 
39 39 
43 129 
32 10 
