169 5135
73 23 
135 44 
97 291 
156 51 
129 42 
146 48 
28 8 
89 29 
115 345 
123 369 
12 3 
144 47 
161 53 
152 456 
132 43 
150 49 
76 24 
20 6 
49 15 
17 5 
93 30 
38 114 
101 33 
7 1 
24 72 
138 414 
114 342 
94 30 
22 6 
167 55 
40 12 
157 51 
106 318 
44 14 
65 195 
166 54 
128 384 
45 14 
97 31 
164 54 
90 270 
112 36 
63 20 
143 47 
66 21 
9 2 
8 24 
117 351 
10 2 
28 84 
15 4 
142 46 
155 51 
58 18 
53 159 
23 7 
160 480 
68 22 
110 330 
39 12 
34 10 
152 50 
37 111 
153 50 
131 393 
105 315 
123 40 
65 21 
107 35 
92 30 
131 43 
16 4 
13 3 
67 21 
81 243 
141 46 
170 56 
61 19 
57 18 
151 49 
113 37 
130 390 
139 417 
115 37 
60 19 
74 222 
42 126 
147 441 
118 354 
63 189 
19 5 
83 27 
102 33 
159 52 
59 19 
168 504 
4 0 
100 300 
16 48 
88 28 
133 43 
110 36 
80 26 
32 96 
91 273 
105 34 
62 186 
59 177 
101 303 
51 16 
122 366 
48 15 
90 29 
78 25 
130 42 
36 108 
138 45 
139 45 
120 360 
27 8 
21 6 
54 17 
52 156 
160 52 
125 41 
156 468 
124 372 
62 20 
98 294 
55 17 
96 31 
33 10 
168 55 
158 52 
102 306 
72 216 
8 2 
24 7 
30 90 
20 60 
38 12 
114 37 
31 9 
117 38 
99 297 
31 93 
140 420 
87 28 
44 132 
77 25 
1 3 
116 38 
143 429 
42 13 
36 11 
81 26 
128 42 
134 44 
18 5 
75 24 
72 23 
14 4 
49 147 
64 192 
71 213 
66 198 
147 48 
84 27 
79 25 
