107 2145
100 300 
105 34 
55 55 
53 17 
29 87 
57 57 
51 51 
38 38 
12 36 
62 62 
47 47 
87 261 
8 24 
65 65 
81 26 
108 35 
33 99 
54 17 
48 48 
38 12 
58 58 
17 51 
41 41 
72 23 
62 20 
4 12 
68 204 
66 66 
67 67 
6 1 
95 31 
50 50 
107 321 
89 267 
80 26 
70 70 
22 66 
61 61 
84 27 
43 129 
13 3 
64 192 
97 291 
48 15 
28 8 
104 312 
44 132 
44 44 
90 29 
25 75 
49 49 
18 5 
93 279 
3 9 
61 19 
5 15 
11 3 
49 15 
98 32 
64 64 
2 6 
68 68 
60 19 
56 56 
46 138 
71 213 
79 25 
46 46 
32 96 
16 48 
13 39 
63 63 
47 141 
45 14 
65 195 
40 40 
35 11 
44 14 
34 102 
52 52 
69 69 
43 43 
69 207 
53 53 
37 37 
37 111 
102 33 
77 231 
76 228 
50 150 
31 9 
54 54 
77 25 
43 13 
91 273 
27 8 
96 31 
19 57 
67 21 
97 31 
45 45 
82 26 
59 59 
39 39 
42 42 
39 117 
60 60 
