171 5253
31 93 
69 207 
99 32 
87 261 
10 2 
16 4 
151 49 
77 25 
64 20 
109 35 
63 63 
94 282 
117 351 
73 73 
126 378 
16 48 
161 53 
72 72 
56 168 
112 112 
29 9 
118 354 
91 91 
102 102 
85 255 
20 60 
39 12 
5 15 
169 507 
75 75 
44 14 
68 68 
80 240 
119 39 
99 99 
90 270 
113 113 
103 309 
135 405 
72 23 
76 24 
112 336 
96 288 
91 273 
60 180 
147 441 
70 70 
85 85 
105 105 
4 12 
110 110 
106 318 
116 348 
155 51 
114 114 
50 150 
1 3 
89 89 
79 79 
108 35 
102 306 
123 369 
53 17 
67 67 
98 98 
111 36 
61 61 
4 0 
140 420 
29 87 
48 15 
51 16 
95 31 
130 42 
63 20 
22 6 
95 285 
117 38 
146 438 
101 303 
85 27 
97 291 
148 48 
32 10 
103 103 
83 27 
93 93 
17 5 
87 87 
157 471 
62 62 
71 71 
53 159 
90 29 
55 17 
44 132 
160 52 
14 4 
81 81 
107 321 
77 77 
35 105 
92 92 
108 108 
43 129 
45 14 
126 41 
109 109 
105 315 
151 453 
143 47 
8 24 
82 82 
84 84 
90 90 
30 9 
76 76 
107 107 
129 42 
158 52 
152 50 
80 80 
68 204 
22 66 
66 66 
78 78 
106 106 
54 17 
139 417 
163 489 
83 83 
133 399 
27 8 
88 88 
93 279 
96 96 
74 74 
124 372 
144 432 
164 54 
95 95 
38 12 
20 6 
98 32 
104 104 
111 111 
86 86 
115 37 
101 101 
6 1 
64 64 
69 69 
98 294 
156 51 
162 53 
164 492 
60 60 
154 50 
112 36 
94 94 
59 59 
58 18 
101 33 
150 450 
156 468 
65 65 
161 483 
97 97 
65 195 
82 26 
100 100 
