186 6179
46 138 
75 75 
140 46 
86 258 
156 468 
9 27 
169 55 
127 41 
20 60 
84 84 
114 37 
162 53 
76 76 
53 159 
5 15 
52 156 
44 132 
123 123 
157 471 
18 54 
83 83 
171 56 
118 118 
97 97 
25 7 
55 165 
101 101 
133 399 
14 42 
160 480 
153 459 
117 351 
46 14 
109 35 
135 44 
50 150 
76 228 
106 34 
57 18 
151 49 
121 121 
177 531 
173 519 
24 7 
39 12 
108 35 
136 44 
14 4 
100 100 
91 29 
74 74 
142 46 
120 39 
104 104 
172 56 
81 81 
178 58 
103 103 
124 372 
170 510 
64 64 
91 273 
82 82 
12 36 
11 3 
71 213 
75 24 
99 99 
91 91 
116 38 
90 90 
77 77 
71 71 
47 141 
167 55 
134 44 
26 8 
72 216 
66 66 
176 58 
89 89 
70 70 
109 327 
85 85 
30 9 
108 108 
93 93 
86 28 
175 525 
72 72 
109 109 
82 246 
35 105 
64 192 
99 297 
80 80 
107 107 
102 306 
143 429 
37 11 
90 270 
68 68 
166 54 
54 162 
105 315 
94 94 
174 522 
117 117 
79 79 
113 113 
78 78 
79 237 
100 32 
89 267 
118 38 
67 67 
34 10 
125 375 
185 61 
159 477 
24 72 
3 9 
87 87 
19 57 
73 73 
13 39 
29 87 
16 4 
106 106 
102 102 
88 28 
95 95 
170 56 
87 28 
27 81 
105 105 
122 122 
107 35 
181 59 
121 39 
51 153 
56 18 
69 69 
98 98 
111 111 
154 50 
13 3 
96 96 
87 261 
31 9 
95 31 
77 231 
93 30 
110 110 
10 2 
122 40 
92 92 
55 17 
32 96 
118 354 
12 3 
45 135 
116 116 
88 88 
146 438 
110 36 
65 65 
137 45 
4 0 
81 243 
69 207 
89 29 
184 552 
5 1 
100 300 
112 112 
179 537 
120 120 
125 41 
114 114 
54 17 
86 86 
124 124 
60 180 
115 115 
119 119 
