142 3676
43 13 
81 26 
33 10 
74 74 
6 1 
62 20 
56 56 
96 288 
14 42 
73 73 
101 303 
41 123 
15 4 
75 24 
137 411 
142 426 
103 33 
124 372 
55 55 
58 18 
143 47 
25 75 
90 29 
80 80 
23 7 
98 294 
57 57 
141 46 
92 30 
50 50 
134 402 
136 44 
93 279 
36 11 
38 114 
94 94 
118 354 
46 138 
91 91 
113 37 
9 2 
22 6 
85 85 
37 11 
61 61 
106 318 
117 38 
132 396 
12 36 
7 1 
41 13 
16 48 
131 43 
71 213 
6 18 
58 174 
62 62 
84 84 
83 27 
72 72 
88 88 
32 10 
93 93 
1 3 
2 6 
144 47 
140 420 
77 77 
35 11 
130 42 
67 67 
82 82 
75 75 
65 65 
71 71 
92 276 
44 132 
68 68 
21 63 
70 70 
57 18 
122 40 
97 291 
28 8 
102 33 
69 69 
74 24 
50 16 
128 384 
25 7 
92 92 
64 64 
86 86 
78 234 
76 76 
72 216 
80 240 
78 78 
60 60 
79 79 
53 17 
28 84 
51 16 
52 52 
54 54 
58 58 
83 83 
51 51 
103 309 
8 24 
91 29 
21 6 
17 51 
121 363 
59 59 
87 87 
81 81 
20 60 
51 153 
76 24 
65 195 
66 66 
137 45 
122 366 
64 192 
113 339 
49 49 
72 23 
49 15 
55 165 
90 90 
34 10 
115 37 
59 177 
66 198 
63 63 
53 53 
94 30 
62 186 
7 21 
69 207 
89 89 
