124 2838
67 67 
108 35 
110 330 
92 30 
34 102 
28 8 
62 20 
44 44 
48 48 
113 339 
102 33 
77 231 
76 76 
70 70 
43 43 
26 8 
58 18 
73 73 
15 4 
51 51 
55 55 
36 108 
61 19 
75 75 
87 261 
15 45 
66 21 
73 219 
91 29 
60 180 
38 114 
123 40 
18 54 
57 57 
72 72 
29 87 
109 35 
124 40 
68 22 
70 210 
28 84 
112 336 
36 11 
83 249 
69 22 
47 47 
77 25 
54 54 
49 147 
8 24 
106 318 
46 46 
74 74 
103 33 
113 37 
14 4 
104 312 
64 64 
59 19 
64 192 
12 36 
80 80 
53 53 
56 56 
80 240 
81 81 
64 20 
68 68 
62 62 
105 34 
78 78 
77 77 
122 40 
39 117 
37 11 
82 82 
116 348 
86 258 
81 26 
60 60 
95 31 
52 52 
91 273 
1 3 
47 15 
30 90 
63 189 
66 66 
84 252 
89 29 
49 49 
79 79 
46 14 
50 50 
58 58 
67 201 
51 153 
20 60 
79 25 
43 129 
63 63 
50 16 
31 93 
90 29 
66 198 
86 28 
45 45 
121 363 
11 3 
61 61 
71 71 
16 4 
61 183 
9 2 
74 24 
69 69 
7 21 
35 105 
3 0 
59 59 
93 279 
118 354 
65 65 
18 5 
