179 5737
90 270 
139 417 
92 92 
112 336 
12 3 
70 210 
118 118 
84 84 
75 24 
149 49 
79 79 
85 255 
147 441 
65 195 
22 66 
66 66 
87 87 
94 94 
18 5 
68 204 
43 129 
66 21 
27 8 
166 54 
61 183 
82 82 
22 6 
42 126 
88 88 
80 80 
135 405 
96 96 
19 57 
112 112 
91 91 
71 71 
73 73 
15 4 
102 102 
32 10 
144 432 
161 53 
6 18 
109 327 
41 123 
164 54 
134 402 
129 387 
134 44 
172 56 
90 90 
17 51 
106 106 
103 33 
117 117 
99 99 
101 101 
167 55 
112 36 
31 93 
116 116 
87 28 
115 115 
36 11 
4 12 
121 363 
17 5 
64 20 
111 111 
53 159 
57 171 
69 69 
74 74 
83 83 
69 207 
170 56 
49 15 
174 522 
75 75 
119 39 
61 61 
115 345 
114 114 
91 273 
138 45 
65 65 
68 68 
24 72 
26 78 
139 45 
33 99 
85 85 
130 42 
67 67 
76 76 
68 22 
111 36 
73 219 
140 46 
50 150 
129 42 
94 30 
11 33 
173 519 
155 51 
109 109 
102 306 
81 243 
37 111 
148 48 
171 56 
1 3 
62 62 
137 45 
128 42 
63 20 
110 110 
70 70 
95 95 
106 318 
39 12 
55 165 
72 72 
113 37 
99 297 
131 393 
143 429 
170 510 
31 9 
167 501 
64 64 
14 4 
3 9 
43 13 
63 63 
168 504 
78 78 
107 107 
136 44 
77 77 
37 11 
58 174 
70 22 
113 113 
12 36 
107 35 
93 93 
154 462 
120 39 
117 38 
86 86 
77 231 
138 414 
105 105 
99 32 
97 97 
89 29 
142 46 
133 43 
103 103 
103 309 
98 98 
108 108 
58 18 
108 35 
30 90 
123 40 
104 104 
81 81 
89 89 
71 213 
78 234 
73 23 
161 483 
62 186 
100 100 
124 372 
122 40 
181 59 
