181 5862
98 98 
34 10 
122 366 
73 73 
133 43 
95 95 
13 39 
124 40 
82 82 
84 27 
170 510 
87 28 
28 8 
97 97 
86 28 
31 93 
74 74 
112 336 
149 49 
116 348 
107 107 
101 101 
51 16 
70 70 
107 321 
40 12 
115 115 
104 104 
99 99 
89 89 
26 78 
7 1 
57 171 
108 108 
92 30 
71 213 
140 46 
84 84 
111 36 
55 17 
39 12 
107 35 
94 94 
63 63 
114 114 
65 65 
12 36 
153 50 
94 30 
115 37 
85 85 
81 26 
105 105 
27 8 
117 117 
52 156 
144 432 
111 333 
76 24 
106 34 
111 111 
15 4 
79 237 
92 92 
104 312 
158 474 
176 528 
137 45 
58 18 
108 324 
83 83 
62 62 
163 489 
70 22 
45 14 
97 291 
117 38 
93 93 
3 9 
120 120 
50 150 
69 207 
95 285 
91 91 
113 113 
69 69 
88 88 
148 48 
86 86 
59 19 
161 53 
45 135 
116 116 
150 450 
38 114 
133 399 
22 66 
126 378 
79 79 
97 31 
71 71 
134 44 
25 75 
102 102 
64 64 
44 132 
82 26 
85 27 
105 315 
124 372 
67 67 
80 240 
20 60 
179 59 
172 56 
27 81 
53 159 
110 110 
72 23 
37 111 
118 354 
169 507 
23 7 
180 59 
103 103 
68 68 
98 32 
152 456 
4 12 
149 447 
136 44 
33 10 
146 48 
112 112 
76 76 
91 273 
74 222 
12 3 
56 168 
125 41 
72 72 
30 9 
176 58 
20 6 
152 50 
104 34 
18 54 
118 118 
19 57 
103 309 
88 28 
77 77 
121 363 
87 87 
96 96 
106 106 
174 57 
131 393 
90 90 
105 34 
81 81 
75 75 
13 3 
80 80 
59 177 
118 38 
29 87 
6 18 
167 55 
51 153 
39 117 
119 119 
82 246 
3 0 
109 109 
60 180 
172 516 
100 100 
78 78 
17 51 
66 66 
