86 1423
45 14 
59 177 
27 81 
30 9 
87 28 
28 84 
34 10 
47 47 
11 33 
38 38 
61 183 
43 13 
29 87 
46 14 
81 26 
30 30 
53 17 
44 44 
65 21 
54 17 
31 31 
62 20 
66 21 
50 16 
12 36 
9 27 
34 34 
48 48 
21 63 
22 6 
35 11 
52 52 
3 0 
37 111 
37 37 
53 53 
69 207 
31 9 
73 219 
17 51 
41 41 
36 36 
52 156 
84 27 
10 30 
1 3 
41 123 
48 144 
26 78 
82 26 
56 56 
40 40 
74 222 
50 50 
44 14 
6 1 
51 51 
43 43 
4 12 
72 216 
14 42 
23 7 
19 57 
42 126 
49 49 
82 246 
33 33 
54 54 
41 13 
42 42 
29 9 
36 11 
45 45 
46 46 
39 39 
5 1 
63 189 
49 15 
40 120 
55 55 
67 201 
35 35 
25 7 
39 117 
32 32 
75 225 
