88 1486
54 54 
64 20 
27 8 
22 66 
29 87 
70 210 
46 138 
31 9 
49 147 
45 45 
78 25 
38 114 
54 17 
68 22 
43 43 
38 38 
55 55 
23 69 
36 36 
70 22 
56 56 
26 8 
45 14 
25 7 
62 20 
47 141 
66 198 
54 162 
53 17 
40 40 
39 12 
80 240 
83 27 
39 39 
10 30 
52 156 
90 29 
8 24 
49 49 
36 11 
83 249 
31 93 
51 51 
57 171 
41 41 
55 17 
57 57 
87 28 
38 12 
86 28 
50 150 
51 16 
24 72 
50 50 
42 42 
82 246 
21 6 
37 37 
65 195 
19 5 
44 44 
42 126 
48 48 
46 14 
6 18 
58 174 
20 60 
35 35 
74 24 
31 31 
69 22 
53 53 
53 159 
47 47 
42 13 
36 108 
32 32 
33 33 
52 52 
46 46 
34 34 
58 58 
3 9 
61 19 
63 189 
59 19 
88 264 
14 42 
