120 2666
101 33 
110 36 
47 47 
120 39 
90 270 
77 231 
23 69 
80 26 
69 22 
52 52 
83 27 
52 156 
107 321 
117 38 
13 3 
8 2 
25 75 
63 63 
69 207 
68 68 
97 291 
92 276 
111 333 
22 6 
49 15 
62 62 
115 37 
54 54 
79 25 
50 50 
79 79 
44 44 
4 0 
53 53 
57 18 
61 19 
95 285 
110 330 
86 258 
15 45 
54 162 
45 14 
76 228 
29 87 
42 42 
71 71 
30 9 
56 56 
73 73 
59 59 
71 23 
55 165 
60 60 
48 15 
68 22 
55 55 
67 67 
68 204 
117 351 
69 69 
45 45 
46 46 
18 54 
33 10 
61 183 
31 93 
48 48 
51 51 
78 78 
11 33 
47 15 
28 84 
75 75 
38 12 
59 19 
70 70 
36 11 
82 246 
70 210 
62 186 
49 49 
99 297 
64 64 
17 5 
16 48 
56 18 
89 29 
77 77 
63 189 
70 22 
108 324 
74 74 
7 1 
94 282 
80 80 
64 20 
60 180 
45 135 
76 76 
99 32 
65 195 
40 12 
58 58 
52 16 
66 66 
116 38 
16 4 
65 65 
114 37 
19 5 
61 61 
17 51 
59 177 
43 43 
72 72 
42 13 
116 348 
84 252 
104 312 
57 57 
