77 1159
40 40 
33 33 
75 225 
24 72 
76 24 
73 219 
50 16 
36 108 
58 18 
39 12 
39 117 
38 114 
31 31 
27 27 
29 29 
37 111 
22 6 
43 13 
3 0 
75 24 
53 159 
44 44 
35 11 
45 45 
41 41 
48 48 
18 5 
21 63 
47 47 
71 23 
65 21 
37 37 
62 186 
47 15 
14 42 
17 5 
32 32 
28 28 
34 34 
49 49 
32 96 
8 24 
54 17 
62 20 
38 38 
42 42 
16 4 
31 9 
63 189 
29 87 
33 99 
39 39 
12 36 
74 222 
50 50 
20 6 
15 4 
74 24 
73 23 
30 30 
43 43 
77 25 
35 35 
51 153 
27 81 
23 69 
49 147 
43 129 
67 21 
69 207 
64 192 
28 84 
46 46 
52 156 
3 9 
36 36 
59 19 
