156 480
79 25 
12 3 
64 20 
25 75 
118 38 
69 207 
72 23 
107 321 
84 252 
152 49 
150 49 
3 0 
5 15 
97 291 
154 50 
72 216 
78 234 
129 387 
138 45 
114 342 
115 37 
146 47 
149 48 
100 300 
141 423 
155 465 
132 43 
126 378 
130 42 
58 174 
135 405 
12 36 
68 21 
46 14 
69 22 
154 462 
85 27 
60 19 
100 32 
151 49 
9 27 
33 99 
38 11 
57 18 
70 210 
41 12 
13 39 
83 249 
34 102 
131 42 
5 0 
145 435 
74 23 
63 20 
24 7 
57 171 
31 93 
6 1 
102 33 
58 18 
119 357 
108 35 
88 28 
116 37 
86 258 
70 22 
66 21 
101 303 
52 156 
22 66 
11 2 
31 9 
91 273 
36 11 
48 144 
44 132 
97 31 
61 19 
135 44 
45 14 
17 51 
104 33 
50 150 
9 2 
79 237 
87 261 
107 34 
39 117 
103 33 
158 51 
112 36 
49 15 
23 6 
78 25 
155 50 
54 162 
77 231 
47 141 
63 189 
91 29 
75 24 
35 105 
139 45 
116 348 
33 10 
122 366 
87 28 
29 87 
125 40 
21 63 
105 315 
81 243 
144 432 
18 54 
94 282 
94 30 
92 276 
103 309 
27 8 
134 402 
114 37 
130 390 
134 43 
133 399 
60 180 
150 450 
101 32 
142 46 
35 10 
80 240 
98 294 
4 12 
138 414 
52 16 
120 360 
95 30 
40 12 
51 153 
139 417 
108 324 
113 36 
1 3 
125 375 
47 14 
117 38 
71 213 
46 138 
51 16 
65 20 
24 72 
99 297 
118 354 
53 159 
140 45 
16 4 
152 456 
