116 2500
51 51 
57 18 
103 33 
65 195 
61 19 
24 7 
57 57 
39 12 
15 45 
103 309 
56 56 
52 156 
66 198 
48 48 
63 189 
14 4 
81 243 
25 7 
26 8 
66 21 
88 28 
50 50 
107 321 
74 74 
61 61 
116 348 
95 285 
41 41 
30 9 
65 21 
13 3 
92 30 
45 135 
44 44 
54 54 
42 42 
85 27 
55 165 
8 2 
11 33 
107 35 
34 102 
67 201 
83 27 
41 13 
100 32 
60 60 
52 52 
66 66 
68 68 
69 207 
114 37 
108 324 
83 249 
72 72 
58 58 
82 246 
51 16 
23 69 
43 43 
28 84 
40 40 
16 48 
9 2 
2 6 
45 45 
68 22 
62 62 
75 24 
8 24 
59 59 
24 72 
21 6 
1 3 
77 231 
46 46 
50 16 
100 300 
89 267 
93 279 
21 63 
71 71 
95 31 
67 67 
73 73 
99 32 
55 55 
65 65 
89 29 
39 117 
47 15 
75 75 
49 49 
10 30 
70 70 
59 177 
53 53 
93 30 
118 38 
63 63 
104 312 
25 75 
112 336 
44 14 
12 3 
49 15 
76 76 
78 25 
81 26 
54 162 
64 64 
17 51 
47 47 
80 240 
48 144 
69 69 
