147 3928
64 64 
129 387 
7 1 
99 297 
95 95 
76 228 
92 30 
54 54 
25 7 
55 55 
147 48 
34 10 
19 5 
81 81 
22 66 
47 141 
129 42 
90 29 
72 72 
82 82 
53 53 
62 62 
24 7 
87 87 
142 426 
96 96 
83 83 
23 69 
38 12 
141 423 
59 59 
52 52 
112 336 
124 372 
73 73 
59 177 
53 159 
89 89 
33 10 
57 18 
144 47 
76 76 
24 72 
32 96 
98 98 
95 285 
83 27 
12 36 
56 56 
80 80 
86 258 
91 91 
51 16 
68 68 
4 12 
1 3 
105 34 
17 5 
110 36 
93 93 
146 438 
29 9 
44 14 
79 237 
32 10 
109 35 
119 39 
88 28 
94 94 
82 246 
84 252 
47 15 
106 34 
94 30 
63 63 
69 69 
48 144 
37 111 
87 28 
113 339 
74 74 
65 65 
54 17 
89 29 
97 31 
130 42 
84 84 
67 67 
88 88 
90 90 
70 70 
55 165 
127 41 
139 45 
61 61 
2 6 
136 44 
93 30 
72 23 
38 114 
147 441 
85 85 
108 324 
5 15 
81 243 
109 327 
111 36 
66 66 
62 186 
116 348 
86 86 
80 26 
7 21 
8 2 
113 37 
118 38 
13 3 
93 279 
124 40 
22 6 
46 138 
71 213 
106 318 
79 79 
26 78 
92 92 
3 9 
51 51 
78 78 
25 75 
58 58 
77 77 
130 390 
57 57 
142 46 
63 20 
75 75 
69 22 
27 81 
78 234 
58 174 
57 171 
97 97 
34 102 
60 60 
65 21 
71 71 
