177 5614
117 351 
103 33 
157 51 
87 28 
20 6 
158 52 
155 51 
102 306 
106 34 
92 30 
166 498 
4 12 
100 32 
160 480 
164 54 
176 58 
58 174 
3 0 
124 40 
132 43 
140 46 
32 10 
11 3 
26 8 
58 18 
13 3 
23 69 
141 46 
170 56 
114 37 
81 243 
46 14 
35 11 
69 22 
172 516 
130 42 
143 429 
8 2 
118 38 
13 39 
79 237 
110 36 
99 32 
65 21 
122 40 
7 1 
93 279 
28 8 
141 423 
1 3 
34 10 
126 378 
137 45 
76 24 
55 17 
142 46 
36 108 
47 15 
28 84 
70 210 
10 2 
60 19 
72 23 
175 525 
78 25 
48 15 
6 18 
71 23 
59 19 
56 18 
101 33 
71 213 
133 399 
67 201 
121 39 
138 414 
145 47 
91 29 
104 34 
127 41 
163 53 
139 45 
138 45 
56 168 
66 21 
64 192 
75 24 
38 12 
131 43 
153 50 
125 41 
170 510 
41 123 
160 52 
54 162 
25 75 
39 12 
9 2 
156 51 
135 44 
174 57 
171 56 
165 495 
105 315 
154 462 
108 35 
133 43 
73 219 
31 9 
105 34 
172 56 
17 5 
51 153 
5 1 
162 53 
101 303 
81 26 
164 492 
50 16 
109 35 
107 35 
124 372 
128 384 
40 12 
14 4 
67 21 
92 276 
161 53 
155 465 
89 29 
68 22 
98 32 
135 405 
144 47 
179 59 
37 11 
63 189 
157 471 
64 20 
21 6 
91 273 
147 48 
29 9 
55 165 
150 49 
107 321 
152 50 
79 25 
102 33 
33 10 
95 31 
177 531 
57 18 
74 24 
26 78 
173 57 
169 55 
53 159 
44 132 
61 19 
66 198 
150 450 
154 50 
136 44 
156 468 
29 87 
49 15 
37 111 
94 30 
6 1 
123 40 
148 444 
146 48 
112 36 
162 486 
153 459 
22 6 
