139 428
32 96 
113 36 
94 30 
138 414 
16 48 
33 99 
112 336 
75 225 
67 201 
45 135 
45 14 
23 6 
122 39 
9 27 
108 324 
80 240 
53 16 
55 17 
28 84 
123 369 
64 192 
58 174 
70 22 
35 105 
14 42 
22 66 
22 6 
25 7 
48 144 
37 11 
32 9 
72 23 
118 354 
27 8 
85 255 
15 45 
136 44 
21 6 
133 399 
54 17 
91 273 
73 219 
10 2 
100 32 
29 8 
128 384 
12 36 
81 26 
37 111 
71 22 
124 40 
128 41 
131 42 
119 357 
40 12 
65 20 
126 378 
103 309 
65 195 
78 234 
91 29 
53 159 
18 54 
60 19 
52 16 
135 44 
129 42 
42 126 
114 37 
83 26 
104 312 
84 252 
120 39 
34 10 
2 6 
46 14 
17 4 
121 39 
69 207 
3 0 
101 303 
118 38 
79 25 
92 276 
79 237 
21 63 
74 23 
19 57 
13 3 
20 5 
98 294 
26 78 
135 405 
96 31 
107 321 
23 69 
58 18 
41 12 
43 13 
116 37 
126 41 
122 366 
77 231 
46 138 
100 300 
130 42 
106 34 
29 87 
72 216 
117 38 
124 372 
63 20 
55 165 
64 20 
76 228 
61 183 
121 363 
30 9 
137 411 
140 45 
38 11 
139 417 
105 34 
116 348 
94 282 
96 288 
31 9 
117 351 
50 15 
25 75 
98 31 
56 17 
24 7 
73 23 
52 156 
7 1 
95 30 
24 72 
111 36 
