172 5312
25 7 
82 82 
162 53 
97 97 
15 4 
78 78 
116 348 
103 103 
72 23 
62 20 
128 384 
29 9 
72 72 
112 112 
107 35 
27 8 
46 138 
122 366 
95 95 
102 33 
43 13 
114 342 
89 29 
135 405 
60 60 
101 101 
91 91 
1 3 
152 50 
36 108 
161 53 
62 62 
86 86 
73 73 
89 89 
12 3 
64 20 
110 110 
32 96 
120 360 
45 14 
86 258 
14 42 
66 66 
113 113 
129 387 
37 11 
170 56 
78 25 
74 24 
158 474 
96 96 
117 38 
111 111 
23 69 
110 330 
123 369 
8 24 
128 42 
24 72 
3 0 
69 207 
41 123 
16 4 
88 88 
70 70 
98 98 
61 61 
99 99 
135 44 
3 9 
52 156 
11 33 
102 102 
155 465 
115 37 
37 111 
7 21 
74 74 
163 53 
97 31 
81 26 
67 21 
106 106 
83 83 
119 357 
29 87 
87 87 
69 69 
84 84 
35 105 
51 153 
94 30 
107 107 
9 2 
155 51 
92 92 
21 6 
121 363 
73 23 
67 67 
23 7 
70 210 
26 8 
83 249 
123 40 
40 120 
47 141 
64 64 
76 76 
24 7 
31 9 
142 46 
90 90 
87 261 
109 327 
169 507 
103 33 
144 432 
125 375 
112 336 
64 192 
142 426 
63 63 
75 75 
10 2 
60 180 
104 104 
42 13 
63 189 
85 85 
113 339 
96 288 
38 114 
61 19 
140 46 
94 94 
105 105 
130 390 
109 109 
77 77 
22 66 
151 453 
50 16 
99 297 
108 108 
106 34 
6 18 
81 81 
95 285 
126 378 
65 21 
68 68 
71 71 
156 51 
169 55 
93 93 
16 48 
31 93 
101 33 
118 38 
114 114 
19 5 
65 65 
100 100 
59 59 
79 79 
111 36 
80 80 
2 6 
92 30 
54 17 
