190 6438
164 492 
73 73 
122 122 
116 38 
96 31 
12 3 
151 49 
6 1 
111 36 
100 100 
71 71 
115 345 
52 16 
92 30 
63 20 
86 86 
85 85 
75 75 
18 5 
63 189 
44 14 
96 96 
99 32 
67 67 
158 52 
123 123 
45 14 
159 52 
113 113 
59 19 
1 3 
175 57 
124 372 
136 44 
74 74 
109 109 
190 62 
73 23 
55 17 
117 351 
49 147 
114 114 
108 108 
57 18 
75 24 
32 10 
46 138 
108 35 
97 291 
120 360 
112 112 
116 116 
53 159 
146 438 
25 7 
144 432 
19 57 
185 555 
186 61 
117 38 
111 333 
24 72 
83 83 
20 60 
126 126 
77 77 
47 141 
103 309 
84 84 
76 76 
79 25 
139 417 
59 177 
68 68 
135 405 
41 123 
84 27 
99 99 
92 92 
79 79 
156 468 
8 24 
137 411 
101 101 
115 115 
126 41 
102 102 
65 65 
82 82 
107 107 
105 105 
23 7 
98 294 
78 78 
121 121 
68 22 
64 192 
190 570 
39 12 
119 119 
75 225 
161 483 
9 2 
58 174 
11 33 
91 91 
170 56 
103 33 
96 288 
89 89 
93 93 
82 26 
66 66 
181 59 
4 12 
183 549 
92 276 
24 7 
94 94 
91 29 
142 46 
90 90 
80 80 
160 52 
120 120 
126 378 
152 456 
20 6 
87 87 
72 72 
80 26 
172 516 
46 14 
155 465 
97 97 
50 150 
100 32 
88 88 
163 53 
179 59 
171 56 
147 441 
111 111 
117 117 
94 30 
42 13 
34 102 
123 369 
69 69 
60 19 
41 13 
156 51 
10 2 
170 510 
74 24 
110 110 
153 50 
65 21 
157 471 
189 567 
122 366 
56 168 
160 480 
81 81 
124 124 
74 222 
153 459 
78 25 
72 216 
87 261 
114 342 
95 95 
93 279 
70 70 
103 103 
35 105 
6 18 
178 534 
139 45 
98 98 
149 447 
176 528 
125 125 
106 106 
171 513 
104 104 
21 6 
123 40 
51 153 
118 118 
