173 5372
104 312 
121 39 
171 513 
36 11 
168 55 
137 45 
126 41 
54 17 
117 351 
140 46 
48 15 
112 36 
102 33 
19 5 
107 35 
18 5 
122 40 
10 30 
73 23 
73 219 
42 126 
35 11 
95 285 
21 6 
115 345 
22 6 
94 30 
111 36 
14 4 
130 42 
16 4 
145 47 
78 25 
145 435 
60 19 
29 9 
158 52 
170 56 
169 55 
24 7 
171 56 
152 50 
82 26 
139 417 
167 501 
92 30 
164 54 
34 102 
115 37 
120 39 
165 54 
1 3 
130 390 
137 411 
6 18 
12 36 
69 22 
133 399 
172 516 
93 279 
98 32 
163 489 
166 54 
108 35 
91 273 
135 44 
58 18 
33 99 
103 309 
109 35 
151 49 
31 9 
146 438 
162 486 
114 37 
16 48 
138 45 
144 47 
83 27 
135 405 
142 46 
55 165 
75 24 
106 34 
41 13 
93 30 
147 48 
156 51 
134 44 
99 32 
102 306 
21 63 
62 20 
10 2 
90 29 
103 33 
17 51 
26 8 
101 303 
71 23 
55 17 
161 53 
159 52 
50 150 
35 105 
104 34 
140 420 
129 387 
116 38 
4 0 
161 483 
36 108 
128 42 
146 48 
75 225 
132 43 
50 16 
30 9 
11 33 
162 53 
89 29 
17 5 
46 14 
113 37 
88 264 
77 25 
76 228 
175 57 
147 441 
57 18 
136 44 
170 510 
167 55 
168 504 
25 7 
88 28 
27 8 
95 31 
91 29 
65 21 
160 52 
127 41 
44 14 
123 369 
22 66 
155 465 
159 477 
166 498 
89 267 
84 27 
136 408 
121 363 
101 33 
70 22 
148 48 
97 31 
32 10 
96 31 
72 23 
49 15 
86 28 
12 3 
113 339 
143 429 
87 28 
58 174 
133 43 
6 1 
7 1 
41 123 
54 162 
5 1 
126 378 
