90 1550
70 22 
21 63 
25 75 
5 1 
47 47 
49 49 
55 165 
34 10 
33 10 
52 52 
59 19 
18 54 
37 37 
14 42 
30 90 
57 18 
36 36 
45 135 
38 38 
51 16 
42 42 
53 17 
55 55 
82 26 
20 60 
49 15 
27 81 
45 45 
51 51 
89 267 
32 32 
26 78 
87 28 
39 39 
43 129 
28 8 
59 59 
50 16 
23 7 
31 93 
79 25 
86 28 
64 20 
37 111 
35 35 
56 168 
48 48 
4 12 
13 3 
51 153 
49 147 
75 225 
56 56 
40 40 
90 270 
54 54 
82 246 
92 30 
31 9 
41 41 
15 4 
57 57 
58 58 
48 15 
54 17 
43 43 
67 201 
34 34 
33 99 
76 228 
33 33 
58 18 
43 13 
46 46 
50 50 
30 9 
53 53 
42 126 
44 44 
46 138 
25 7 
60 60 
15 45 
6 18 
28 84 
9 27 
16 4 
10 30 
83 27 
63 20 
