87 268
33 10 
2 6 
53 16 
19 5 
11 2 
31 9 
16 48 
56 17 
88 28 
35 10 
89 28 
60 180 
29 8 
65 20 
60 19 
21 6 
41 12 
71 22 
76 24 
71 213 
67 21 
66 198 
73 219 
14 42 
70 22 
65 195 
58 18 
44 13 
86 258 
46 138 
45 135 
51 153 
12 36 
78 25 
5 0 
36 108 
28 84 
27 81 
23 69 
87 261 
54 17 
24 7 
34 102 
81 26 
33 99 
85 255 
3 9 
31 93 
28 8 
74 222 
22 6 
55 165 
63 189 
64 20 
48 15 
5 15 
30 9 
24 72 
34 10 
26 78 
15 45 
84 27 
3 0 
6 18 
46 14 
70 210 
18 5 
79 237 
20 5 
47 14 
40 120 
47 141 
35 105 
8 24 
36 11 
20 60 
56 168 
68 21 
43 129 
23 6 
48 144 
86 27 
32 9 
81 243 
87 28 
22 66 
39 117 
