102 314
40 120 
12 3 
51 153 
27 81 
91 273 
18 54 
31 9 
7 1 
67 201 
99 297 
90 270 
7 21 
43 13 
91 29 
76 24 
96 288 
33 10 
19 57 
14 42 
74 222 
58 18 
48 144 
88 28 
39 117 
59 18 
23 69 
85 255 
55 17 
101 303 
24 7 
21 63 
84 252 
65 195 
20 60 
50 15 
95 30 
15 4 
64 192 
80 25 
94 30 
41 123 
38 11 
83 249 
78 234 
69 207 
34 10 
63 20 
97 291 
9 27 
11 2 
73 23 
32 96 
75 24 
26 7 
98 31 
38 114 
25 75 
70 22 
61 19 
60 180 
18 5 
40 12 
54 162 
42 126 
10 2 
16 48 
2 6 
58 174 
55 165 
46 14 
100 32 
6 1 
50 150 
36 11 
23 6 
45 135 
95 285 
94 282 
100 300 
68 21 
29 8 
89 28 
77 24 
73 219 
47 14 
59 177 
48 15 
44 13 
101 32 
13 39 
78 25 
13 3 
46 138 
53 16 
77 231 
54 17 
56 168 
96 31 
86 258 
71 22 
99 32 
9 2 
