175 5493
110 110 
64 64 
101 303 
130 42 
103 103 
142 46 
123 369 
96 96 
97 31 
66 66 
105 105 
148 48 
61 61 
69 207 
140 420 
68 68 
95 95 
141 423 
68 204 
108 108 
80 240 
138 414 
111 111 
156 468 
101 101 
93 93 
54 162 
63 20 
97 291 
30 90 
121 39 
79 237 
15 4 
96 288 
166 54 
65 195 
98 98 
87 87 
104 104 
157 471 
139 417 
74 74 
101 33 
110 330 
24 72 
61 19 
34 10 
77 77 
152 456 
16 48 
104 34 
78 234 
26 8 
175 525 
72 72 
161 53 
9 2 
42 13 
14 42 
67 67 
126 41 
129 387 
17 5 
3 9 
91 91 
115 345 
85 85 
91 29 
106 106 
177 58 
58 18 
18 5 
81 81 
102 102 
4 0 
127 381 
100 32 
100 100 
158 474 
73 73 
149 447 
60 60 
44 132 
76 76 
49 147 
90 90 
118 38 
70 70 
86 86 
80 80 
173 519 
133 399 
7 21 
89 89 
173 57 
43 13 
57 18 
153 50 
169 507 
82 82 
109 109 
80 26 
162 486 
84 252 
159 52 
31 9 
40 12 
86 258 
156 51 
78 78 
75 24 
115 115 
94 94 
137 411 
127 41 
151 453 
107 107 
165 54 
10 2 
63 63 
65 65 
146 48 
84 84 
19 5 
122 40 
66 198 
6 1 
69 69 
27 81 
99 99 
75 75 
92 92 
20 60 
56 18 
100 300 
41 123 
18 54 
120 39 
62 62 
45 14 
79 79 
20 6 
38 12 
114 114 
164 54 
59 177 
154 462 
161 483 
126 378 
143 47 
166 498 
113 113 
104 312 
71 213 
82 26 
26 78 
13 39 
116 116 
123 40 
71 71 
112 112 
28 8 
62 20 
48 15 
57 171 
41 13 
128 42 
12 36 
97 97 
88 88 
171 56 
72 23 
83 83 
116 348 
56 168 
