78 1187
45 14 
36 108 
30 30 
37 37 
49 49 
77 25 
34 34 
17 51 
6 18 
16 48 
24 7 
19 57 
42 42 
11 33 
27 8 
39 39 
47 47 
46 138 
45 45 
3 0 
48 15 
55 17 
42 126 
13 39 
35 11 
54 162 
29 9 
30 9 
62 186 
72 216 
60 180 
74 222 
53 17 
28 28 
17 5 
56 168 
79 25 
12 36 
33 33 
41 13 
41 41 
36 36 
63 20 
40 40 
43 129 
25 75 
74 24 
7 1 
51 51 
15 45 
60 19 
31 93 
43 43 
69 207 
50 50 
51 153 
38 38 
52 52 
30 90 
57 18 
64 192 
72 23 
41 123 
49 15 
35 35 
46 46 
31 31 
50 16 
15 4 
32 10 
2 6 
48 48 
32 32 
56 18 
44 44 
29 29 
36 11 
48 144 
