129 397
10 30 
97 31 
101 32 
68 21 
12 3 
94 30 
106 34 
79 237 
90 270 
48 15 
117 38 
5 0 
13 3 
123 369 
6 1 
29 8 
65 195 
102 306 
52 16 
9 2 
77 24 
99 297 
70 22 
99 32 
105 34 
91 29 
27 8 
130 42 
25 75 
50 15 
119 357 
74 222 
109 327 
32 9 
96 288 
83 26 
53 159 
20 5 
100 32 
72 216 
59 18 
15 4 
79 25 
39 117 
23 6 
94 282 
43 129 
30 9 
6 18 
34 102 
67 201 
119 38 
110 330 
92 29 
75 225 
82 26 
56 168 
98 31 
66 21 
107 321 
19 5 
63 189 
76 228 
16 48 
11 2 
121 39 
46 14 
49 15 
61 183 
18 5 
87 261 
20 60 
104 33 
113 36 
5 15 
18 54 
120 360 
117 351 
48 144 
80 240 
40 12 
51 153 
56 17 
8 24 
129 387 
129 42 
90 29 
73 23 
15 45 
85 27 
69 207 
71 213 
34 10 
95 285 
110 35 
118 354 
33 10 
13 39 
7 21 
77 231 
120 39 
23 69 
57 18 
114 342 
98 294 
111 333 
122 39 
86 27 
4 0 
32 96 
11 33 
39 12 
38 114 
62 186 
89 28 
115 345 
123 40 
127 381 
42 126 
35 10 
64 192 
55 165 
122 366 
17 51 
125 375 
55 17 
121 363 
57 171 
24 7 
