125 385
85 27 
70 210 
42 13 
90 29 
95 285 
84 252 
36 108 
99 32 
5 15 
9 2 
106 318 
83 26 
16 4 
7 21 
59 18 
77 24 
122 39 
119 357 
55 165 
105 34 
37 11 
73 219 
118 354 
116 37 
7 1 
51 153 
64 192 
27 81 
23 69 
50 15 
47 14 
110 35 
82 246 
50 150 
86 258 
110 330 
93 30 
24 7 
84 27 
31 93 
64 20 
101 303 
71 213 
123 40 
107 34 
102 33 
116 348 
44 132 
34 10 
49 147 
43 13 
20 5 
63 189 
48 15 
111 333 
27 8 
36 11 
21 63 
60 180 
42 126 
115 37 
11 33 
67 21 
56 17 
77 231 
5 0 
125 375 
8 1 
57 18 
86 27 
6 1 
109 327 
15 4 
12 36 
4 0 
108 35 
100 300 
4 12 
32 9 
39 12 
75 225 
124 372 
69 207 
8 24 
70 22 
13 3 
34 102 
28 84 
112 336 
23 6 
91 29 
118 38 
19 57 
60 19 
54 162 
44 13 
41 12 
41 123 
43 129 
45 14 
89 28 
14 42 
88 264 
11 2 
56 168 
57 171 
32 96 
124 40 
9 27 
92 29 
10 30 
81 26 
22 66 
112 36 
67 201 
89 267 
20 60 
26 78 
113 36 
39 117 
52 156 
115 345 
21 6 
98 31 
109 35 
