143 3725
26 8 
84 27 
115 37 
114 37 
54 162 
106 34 
61 19 
92 276 
74 24 
85 255 
94 282 
54 17 
107 35 
137 411 
103 33 
55 17 
79 25 
87 261 
27 8 
19 5 
24 7 
46 138 
37 11 
142 426 
44 132 
86 28 
53 159 
77 231 
58 174 
71 23 
110 36 
30 9 
90 29 
65 195 
27 81 
127 381 
144 47 
93 279 
98 32 
10 30 
111 36 
124 372 
100 32 
80 26 
1 3 
51 16 
95 31 
94 30 
57 171 
113 37 
116 348 
67 21 
50 16 
48 15 
3 9 
12 36 
138 414 
59 19 
109 327 
80 240 
65 21 
127 41 
14 4 
31 9 
16 4 
137 45 
104 34 
52 16 
6 1 
17 5 
120 360 
126 41 
3 0 
39 12 
28 84 
139 417 
141 423 
118 38 
72 23 
93 30 
74 222 
108 35 
6 18 
124 40 
38 12 
82 26 
23 7 
105 315 
78 25 
85 27 
70 22 
113 339 
102 33 
73 219 
142 46 
28 8 
92 30 
63 20 
116 38 
20 6 
41 13 
68 204 
42 126 
45 135 
145 47 
23 69 
81 26 
35 105 
13 3 
7 1 
31 93 
45 14 
143 429 
60 19 
77 25 
58 18 
11 3 
15 4 
128 42 
12 3 
101 33 
69 207 
138 45 
143 47 
51 153 
42 13 
141 46 
59 177 
114 342 
43 13 
126 378 
14 42 
97 291 
89 29 
123 369 
140 46 
47 15 
87 28 
129 42 
117 38 
18 5 
121 39 
10 2 
