118 2582
117 351 
46 46 
45 45 
102 33 
36 11 
32 10 
66 66 
61 61 
28 84 
99 32 
50 16 
10 2 
73 73 
61 183 
60 180 
11 3 
62 62 
77 25 
51 51 
35 105 
31 93 
100 300 
68 68 
84 27 
66 21 
57 57 
59 59 
10 30 
44 132 
30 90 
112 336 
64 20 
62 20 
73 219 
48 48 
95 31 
5 15 
74 24 
57 171 
68 22 
83 27 
92 30 
2 6 
43 129 
44 44 
55 55 
110 36 
88 28 
70 70 
62 186 
28 8 
43 43 
33 10 
67 201 
91 29 
76 24 
118 38 
65 195 
38 114 
74 74 
85 27 
13 39 
56 18 
98 32 
71 71 
81 243 
54 54 
34 102 
56 56 
13 3 
42 42 
8 24 
37 111 
72 72 
7 1 
104 312 
18 5 
7 21 
76 76 
58 58 
90 270 
50 50 
16 48 
59 177 
41 41 
52 52 
65 65 
47 47 
58 174 
9 2 
112 36 
60 60 
77 231 
104 34 
106 34 
48 144 
87 28 
32 96 
72 216 
23 7 
23 69 
17 5 
69 69 
49 49 
78 78 
26 8 
75 75 
67 67 
65 21 
63 63 
53 53 
20 60 
68 204 
64 64 
80 240 
17 51 
82 246 
77 77 
