104 2033
29 87 
33 99 
3 9 
96 31 
12 36 
11 33 
47 47 
77 25 
29 9 
66 66 
45 45 
75 24 
7 21 
52 16 
39 117 
60 19 
65 65 
13 39 
68 68 
22 6 
55 165 
44 14 
64 20 
38 12 
1 3 
34 102 
68 22 
42 42 
59 59 
80 240 
53 159 
97 31 
49 49 
69 207 
35 11 
58 174 
80 26 
44 44 
54 54 
62 186 
105 34 
37 37 
4 0 
55 17 
6 18 
67 67 
39 39 
67 201 
53 53 
58 58 
17 51 
64 64 
50 16 
40 40 
48 48 
19 57 
19 5 
52 52 
31 93 
46 46 
40 120 
99 32 
27 81 
53 17 
44 132 
30 9 
46 138 
76 24 
36 36 
56 18 
84 252 
60 60 
65 21 
63 20 
51 51 
41 41 
51 153 
89 267 
78 25 
38 38 
30 90 
59 177 
45 135 
63 63 
57 57 
23 7 
10 2 
21 63 
103 309 
20 6 
56 56 
74 222 
55 55 
61 61 
27 8 
17 5 
18 54 
67 21 
38 114 
50 50 
43 43 
54 162 
62 62 
58 18 
