93 286
61 183 
19 5 
71 213 
17 4 
93 279 
4 0 
23 6 
18 54 
55 17 
48 15 
71 22 
25 75 
60 180 
77 231 
69 207 
50 150 
28 8 
22 66 
74 23 
13 39 
68 21 
15 4 
39 117 
88 264 
20 60 
40 120 
82 26 
89 267 
26 7 
63 189 
9 27 
18 5 
24 72 
12 3 
81 26 
47 14 
5 0 
64 192 
24 7 
41 12 
30 9 
59 18 
54 162 
40 12 
57 171 
14 3 
9 2 
86 27 
1 3 
82 246 
68 204 
73 23 
56 168 
50 15 
80 25 
12 36 
44 132 
34 10 
60 19 
85 27 
65 195 
21 63 
31 93 
81 243 
70 210 
51 16 
30 90 
66 21 
36 11 
92 276 
79 237 
33 10 
39 12 
49 147 
8 24 
15 45 
65 20 
44 13 
62 186 
33 99 
55 165 
22 6 
42 126 
48 144 
87 261 
80 240 
63 20 
92 29 
90 29 
89 28 
6 1 
52 16 
43 129 
