85 1393
24 72 
79 237 
50 150 
36 108 
75 24 
85 255 
16 4 
81 26 
40 12 
47 15 
3 0 
73 219 
26 78 
59 177 
41 13 
71 23 
54 17 
38 12 
33 10 
57 18 
45 135 
77 231 
41 123 
27 81 
65 21 
68 204 
73 23 
63 20 
37 11 
21 6 
5 1 
51 16 
52 16 
50 16 
25 7 
72 23 
31 9 
70 22 
6 18 
78 234 
2 6 
77 25 
43 129 
48 15 
83 249 
18 54 
8 24 
86 28 
66 21 
23 7 
19 5 
42 13 
18 5 
21 63 
46 14 
87 28 
4 0 
26 8 
55 17 
70 210 
34 10 
66 198 
45 14 
35 11 
82 26 
84 27 
64 20 
36 11 
3 9 
24 7 
22 6 
69 207 
7 21 
85 27 
8 2 
15 4 
14 4 
30 9 
61 19 
43 13 
81 243 
37 111 
42 126 
51 153 
17 5 
