81 1273
47 47 
72 216 
17 51 
6 18 
32 32 
71 23 
76 24 
56 18 
29 29 
43 43 
83 27 
22 66 
60 19 
37 37 
55 17 
42 13 
71 213 
49 49 
76 228 
27 81 
10 30 
81 26 
21 63 
16 48 
45 45 
14 4 
24 7 
30 30 
4 12 
39 12 
53 17 
50 50 
74 24 
78 25 
51 51 
19 5 
74 222 
15 4 
51 16 
10 2 
40 40 
52 52 
77 231 
64 20 
41 41 
46 46 
28 8 
33 33 
34 102 
44 44 
75 225 
54 17 
53 53 
9 27 
16 4 
69 22 
38 38 
48 48 
54 54 
31 31 
42 126 
34 34 
53 159 
42 42 
31 93 
36 36 
79 25 
18 54 
2 6 
33 99 
59 177 
3 0 
45 135 
78 234 
35 35 
31 9 
6 1 
55 165 
8 24 
79 237 
39 39 
