187 6243
85 85 
102 102 
84 84 
25 75 
134 402 
159 477 
94 94 
128 384 
68 68 
147 48 
187 561 
83 249 
101 303 
103 103 
152 50 
96 288 
114 342 
60 19 
5 1 
56 168 
43 13 
67 21 
143 429 
115 115 
119 357 
90 270 
156 51 
35 11 
21 63 
118 38 
108 108 
20 6 
126 41 
26 8 
31 93 
122 122 
82 82 
24 72 
76 76 
87 87 
182 60 
140 420 
124 124 
83 83 
107 35 
75 225 
147 441 
67 201 
107 107 
129 387 
15 4 
166 498 
95 95 
136 44 
104 34 
20 60 
77 25 
76 228 
145 47 
84 27 
105 105 
124 372 
79 25 
98 98 
75 75 
66 66 
179 59 
97 97 
29 87 
131 393 
71 71 
23 69 
62 186 
123 123 
120 360 
71 213 
160 52 
115 37 
153 459 
121 363 
91 91 
74 74 
77 231 
96 96 
69 69 
11 33 
14 42 
73 73 
112 112 
68 204 
116 38 
6 1 
186 61 
78 234 
143 47 
79 79 
180 540 
171 56 
77 77 
128 42 
79 237 
95 285 
187 61 
93 93 
161 483 
93 30 
172 516 
78 78 
38 114 
72 23 
140 46 
189 62 
97 31 
121 121 
64 64 
99 99 
86 28 
68 22 
104 104 
101 101 
83 27 
111 333 
50 16 
61 19 
127 381 
174 522 
119 119 
107 321 
35 105 
45 14 
81 81 
67 67 
188 62 
89 89 
184 552 
155 51 
174 57 
148 48 
64 20 
41 123 
58 174 
92 92 
48 144 
127 41 
19 57 
106 34 
88 88 
70 70 
156 468 
154 462 
37 11 
72 72 
166 54 
169 507 
33 10 
167 55 
65 65 
80 80 
23 7 
117 117 
76 24 
141 46 
116 116 
157 51 
115 345 
120 120 
113 113 
69 207 
39 117 
26 78 
54 17 
111 111 
118 118 
109 109 
12 3 
110 110 
88 264 
28 8 
106 106 
86 86 
100 100 
90 90 
114 114 
16 4 
98 32 
87 261 
82 246 
