141 3626
43 13 
81 243 
15 4 
114 37 
100 300 
35 11 
37 11 
47 141 
39 117 
101 303 
90 29 
54 162 
50 16 
73 23 
107 35 
10 2 
11 33 
82 26 
42 13 
18 5 
16 4 
57 18 
56 168 
115 345 
41 123 
122 366 
54 17 
55 165 
75 24 
9 27 
120 360 
66 198 
72 23 
24 7 
63 189 
135 44 
49 15 
67 21 
122 40 
142 46 
84 27 
109 35 
58 18 
94 282 
132 396 
138 45 
29 9 
99 32 
127 41 
87 28 
27 8 
6 1 
91 29 
110 36 
27 81 
21 6 
40 12 
64 20 
89 29 
108 324 
102 33 
112 36 
81 26 
25 75 
80 26 
115 37 
77 231 
36 108 
119 39 
137 45 
11 3 
123 40 
85 27 
59 19 
70 22 
113 37 
94 30 
96 31 
109 327 
36 11 
72 216 
8 2 
116 348 
29 87 
66 21 
19 5 
90 270 
106 318 
71 23 
26 8 
100 32 
62 186 
125 41 
12 3 
97 31 
136 408 
69 22 
83 27 
9 2 
65 195 
89 267 
60 19 
76 24 
68 204 
126 41 
130 42 
82 246 
117 38 
121 39 
30 9 
143 47 
124 40 
103 309 
65 21 
44 14 
71 213 
96 288 
39 12 
68 22 
98 32 
120 39 
6 18 
34 102 
79 25 
124 372 
33 10 
129 42 
91 273 
7 1 
80 240 
62 20 
74 222 
25 7 
92 30 
136 44 
130 390 
76 228 
31 9 
51 153 
33 99 
32 10 
