151 25
68 22 
38 12 
122 40 
73 23 
45 14 
39 12 
72 23 
92 30 
137 45 
94 30 
59 19 
3 0 
111 36 
93 30 
44 14 
87 28 
82 26 
75 24 
151 49 
98 32 
78 25 
146 48 
65 21 
55 17 
18 5 
88 28 
64 20 
140 46 
70 22 
109 35 
84 27 
29 9 
33 10 
37 11 
115 37 
125 41 
22 6 
133 43 
107 35 
16 4 
145 47 
67 21 
11 3 
7 1 
120 39 
127 41 
76 24 
152 50 
62 20 
117 38 
14 4 
27 8 
141 46 
128 42 
43 13 
142 46 
105 34 
144 47 
121 39 
106 34 
91 29 
80 26 
24 7 
12 3 
97 31 
6 1 
108 35 
8 2 
119 39 
138 45 
81 26 
13 3 
41 13 
99 32 
50 16 
100 32 
32 10 
40 12 
89 29 
9 2 
66 21 
21 6 
79 25 
147 48 
25 7 
113 37 
34 10 
63 20 
131 43 
143 47 
42 13 
110 36 
129 42 
136 44 
116 38 
150 49 
149 49 
112 36 
71 23 
46 14 
95 31 
85 27 
60 19 
5 1 
123 40 
31 9 
58 18 
132 43 
54 17 
47 15 
103 33 
130 42 
104 34 
20 6 
4 0 
28 8 
52 16 
17 5 
53 17 
69 22 
124 40 
118 38 
26 8 
35 11 
126 41 
56 18 
83 27 
74 24 
139 45 
153 50 
134 44 
19 5 
48 15 
102 33 
30 9 
114 37 
61 19 
23 7 
135 44 
36 11 
49 15 
15 4 
90 29 
101 33 
148 48 
10 2 
86 28 
96 31 
57 18 
51 16 
77 25 
