96 16
40 12 
60 19 
9 2 
20 6 
21 6 
64 20 
27 8 
72 23 
49 15 
45 14 
65 21 
55 17 
89 29 
87 28 
73 23 
57 18 
6 1 
58 18 
17 5 
18 5 
37 11 
77 25 
43 13 
22 6 
88 28 
28 8 
42 13 
48 15 
5 1 
67 21 
82 26 
8 2 
98 32 
56 18 
44 14 
91 29 
51 16 
69 22 
38 12 
59 19 
61 19 
24 7 
39 12 
70 22 
16 4 
53 17 
86 28 
10 2 
76 24 
79 25 
80 26 
90 29 
74 24 
33 10 
3 0 
11 3 
94 30 
71 23 
12 3 
46 14 
97 31 
62 20 
23 7 
96 31 
32 10 
81 26 
92 30 
14 4 
36 11 
68 22 
66 21 
41 13 
19 5 
4 0 
25 7 
63 20 
83 27 
84 27 
75 24 
13 3 
52 16 
47 15 
31 9 
35 11 
95 31 
30 9 
50 16 
93 30 
78 25 
26 8 
85 27 
54 17 
7 1 
15 4 
29 9 
34 10 
