84 14
6 1 
16 4 
57 18 
67 21 
26 8 
55 17 
69 22 
62 20 
59 19 
20 6 
64 20 
28 8 
45 14 
68 22 
44 14 
7 1 
50 16 
27 8 
19 5 
66 21 
8 2 
22 6 
25 7 
58 18 
43 13 
23 7 
21 6 
14 4 
74 24 
15 4 
48 15 
38 12 
73 23 
10 2 
46 14 
12 3 
63 20 
77 25 
79 25 
61 19 
71 23 
84 27 
41 13 
72 23 
60 19 
17 5 
40 12 
30 9 
29 9 
76 24 
3 0 
75 24 
70 22 
80 26 
52 16 
85 27 
4 0 
18 5 
49 15 
34 10 
11 3 
51 16 
42 13 
5 1 
81 26 
78 25 
24 7 
31 9 
56 18 
53 17 
9 2 
47 15 
65 21 
32 10 
13 3 
86 28 
36 11 
83 27 
37 11 
54 17 
35 11 
33 10 
82 26 
39 12 
