106 17
65 21 
4 0 
83 27 
39 12 
60 19 
9 2 
76 24 
69 22 
74 24 
48 15 
21 6 
75 24 
103 33 
49 15 
53 17 
89 29 
72 23 
19 5 
35 11 
29 9 
71 23 
16 4 
47 15 
80 26 
102 33 
82 26 
97 31 
11 3 
81 26 
61 19 
86 28 
93 30 
57 18 
98 32 
33 10 
5 1 
88 28 
73 23 
62 20 
27 8 
44 14 
25 7 
20 6 
84 27 
26 8 
59 19 
87 28 
31 9 
3 0 
91 29 
34 10 
108 35 
32 10 
7 1 
106 34 
70 22 
23 7 
37 11 
95 31 
99 32 
77 25 
13 3 
68 22 
92 30 
105 34 
107 35 
96 31 
78 25 
10 2 
15 4 
85 27 
36 11 
104 34 
12 3 
8 2 
22 6 
41 13 
56 18 
42 13 
17 5 
51 16 
40 12 
50 16 
94 30 
43 13 
14 4 
79 25 
46 14 
18 5 
58 18 
52 16 
30 9 
55 17 
6 1 
100 32 
64 20 
101 33 
38 12 
28 8 
67 21 
63 20 
90 29 
24 7 
54 17 
66 21 
45 14 
