172 28
146 48 
85 27 
75 24 
54 17 
5 1 
127 41 
15 4 
121 39 
14 4 
58 18 
162 53 
159 52 
72 23 
83 27 
89 29 
39 12 
155 51 
152 50 
133 43 
32 10 
174 57 
92 30 
151 49 
82 26 
51 16 
6 1 
139 45 
148 48 
48 15 
115 37 
163 53 
25 7 
22 6 
98 32 
38 12 
147 48 
9 2 
64 20 
136 44 
116 38 
107 35 
60 19 
106 34 
56 18 
165 54 
124 40 
166 54 
161 53 
55 17 
119 39 
129 42 
59 19 
26 8 
44 14 
126 41 
111 36 
21 6 
172 56 
79 25 
78 25 
173 57 
101 33 
46 14 
13 3 
57 18 
40 12 
160 52 
27 8 
61 19 
18 5 
37 11 
7 1 
4 0 
29 9 
100 32 
108 35 
49 15 
132 43 
149 49 
63 20 
157 51 
68 22 
154 50 
86 28 
94 30 
128 42 
33 10 
41 13 
76 24 
81 26 
3 0 
143 47 
34 10 
65 21 
138 45 
8 2 
90 29 
69 22 
73 23 
114 37 
80 26 
105 34 
12 3 
47 15 
67 21 
118 38 
96 31 
104 34 
169 55 
52 16 
53 17 
74 24 
137 45 
16 4 
23 7 
30 9 
131 43 
88 28 
123 40 
71 23 
17 5 
109 35 
103 33 
144 47 
43 13 
50 16 
11 3 
66 21 
158 52 
135 44 
70 22 
24 7 
102 33 
28 8 
164 54 
171 56 
87 28 
168 55 
95 31 
170 56 
93 30 
91 29 
153 50 
150 49 
110 36 
140 46 
125 41 
117 38 
113 37 
134 44 
122 40 
97 31 
36 11 
19 5 
10 2 
45 14 
35 11 
156 51 
141 46 
167 55 
31 9 
120 39 
77 25 
84 27 
20 6 
142 46 
130 42 
42 13 
145 47 
99 32 
62 20 
112 36 
