182 30
9 2 
152 49 
164 53 
175 57 
177 58 
64 20 
63 20 
66 21 
41 12 
101 32 
36 11 
123 40 
7 1 
10 2 
65 20 
15 4 
125 40 
69 22 
32 9 
77 24 
33 10 
27 8 
174 57 
109 35 
86 27 
84 27 
154 50 
58 18 
87 28 
90 29 
114 37 
136 44 
30 9 
179 58 
91 29 
25 7 
43 13 
145 47 
137 44 
14 3 
96 31 
149 48 
42 13 
113 36 
112 36 
140 45 
132 43 
57 18 
98 31 
17 4 
139 45 
106 34 
156 51 
35 10 
157 51 
153 50 
180 59 
38 11 
182 59 
100 32 
160 52 
124 40 
68 21 
126 41 
29 8 
85 27 
108 35 
168 55 
34 10 
120 39 
88 28 
44 13 
178 58 
169 55 
74 23 
161 52 
37 11 
61 19 
103 33 
13 3 
52 16 
163 53 
95 30 
146 47 
119 38 
8 1 
53 16 
22 6 
31 9 
83 26 
54 17 
99 32 
173 56 
142 46 
141 46 
60 19 
59 18 
6 1 
138 45 
158 51 
117 38 
47 14 
92 29 
28 8 
159 52 
172 56 
171 56 
134 43 
67 21 
162 53 
151 49 
50 15 
118 38 
131 42 
16 4 
170 55 
116 37 
133 43 
4 0 
40 12 
81 26 
115 37 
49 15 
129 42 
94 30 
111 36 
167 54 
55 17 
165 54 
121 39 
155 50 
70 22 
11 2 
122 39 
39 12 
73 23 
183 60 
143 46 
51 16 
18 5 
26 7 
79 25 
3 0 
5 0 
48 15 
144 47 
78 25 
23 6 
24 7 
80 25 
135 44 
147 48 
148 48 
19 5 
104 33 
128 41 
62 19 
45 14 
176 57 
105 34 
71 22 
107 34 
127 41 
166 54 
20 5 
46 14 
181 59 
56 17 
184 60 
110 35 
72 23 
150 49 
130 42 
12 3 
82 26 
93 30 
76 24 
97 31 
21 6 
75 24 
102 33 
89 28 
