78 13
62 20 
42 13 
71 23 
74 24 
13 3 
7 1 
34 10 
60 19 
65 21 
17 5 
73 23 
33 10 
8 2 
46 14 
29 9 
3 0 
63 20 
58 18 
53 17 
45 14 
21 6 
79 25 
50 16 
10 2 
35 11 
40 12 
52 16 
31 9 
57 18 
64 20 
44 14 
51 16 
15 4 
37 11 
27 8 
55 17 
22 6 
19 5 
75 24 
25 7 
80 26 
69 22 
77 25 
54 17 
38 12 
72 23 
9 2 
24 7 
61 19 
11 3 
5 1 
49 15 
18 5 
68 22 
43 13 
70 22 
39 12 
30 9 
6 1 
4 0 
41 13 
28 8 
23 7 
76 24 
14 4 
32 10 
26 8 
36 11 
59 19 
48 15 
20 6 
66 21 
12 3 
47 15 
67 21 
16 4 
78 25 
56 18 
