180 30
123 40 
92 30 
162 53 
46 14 
82 26 
57 18 
122 40 
69 22 
3 0 
144 47 
58 18 
142 46 
124 40 
121 39 
137 45 
180 59 
152 50 
143 47 
105 34 
158 52 
136 44 
119 39 
155 51 
170 56 
47 15 
110 36 
75 24 
10 2 
74 24 
169 55 
148 48 
85 27 
39 12 
157 51 
101 33 
166 54 
104 34 
131 43 
67 21 
102 33 
90 29 
153 50 
172 56 
33 10 
125 41 
78 25 
145 47 
108 35 
7 1 
113 37 
127 41 
77 25 
30 9 
8 2 
179 59 
109 35 
156 51 
51 16 
115 37 
80 26 
86 28 
41 13 
89 29 
171 56 
35 11 
20 6 
168 55 
45 14 
40 12 
11 3 
31 9 
138 45 
5 1 
167 55 
161 53 
21 6 
50 16 
111 36 
87 28 
70 22 
27 8 
52 16 
56 18 
81 26 
9 2 
117 38 
174 57 
107 35 
12 3 
43 13 
91 29 
120 39 
95 31 
175 57 
61 19 
25 7 
37 11 
98 32 
181 59 
65 21 
60 19 
149 49 
140 46 
38 12 
151 49 
28 8 
126 41 
19 5 
133 43 
84 27 
112 36 
72 23 
32 10 
135 44 
62 20 
14 4 
178 58 
93 30 
34 10 
26 8 
147 48 
66 21 
97 31 
164 54 
176 58 
182 60 
116 38 
88 28 
76 24 
150 49 
13 3 
100 32 
4 0 
23 7 
118 38 
103 33 
128 42 
17 5 
15 4 
163 53 
141 46 
54 17 
24 7 
132 43 
106 34 
71 23 
96 31 
173 57 
63 20 
83 27 
49 15 
42 13 
16 4 
159 52 
6 1 
29 9 
64 20 
165 54 
130 42 
68 22 
55 17 
99 32 
44 14 
48 15 
18 5 
139 45 
160 52 
94 30 
59 19 
146 48 
129 42 
79 25 
114 37 
154 50 
22 6 
53 17 
36 11 
177 58 
134 44 
73 23 
