119 19
16 4 
44 14 
10 2 
90 29 
87 28 
48 15 
53 17 
9 2 
5 1 
89 29 
110 36 
63 20 
115 37 
7 1 
17 5 
68 22 
22 6 
28 8 
6 1 
3 0 
97 31 
106 34 
81 26 
96 31 
36 11 
121 39 
26 8 
14 4 
75 24 
60 19 
27 8 
92 30 
72 23 
52 16 
119 39 
103 33 
18 5 
91 29 
95 31 
113 37 
99 32 
32 10 
23 7 
58 18 
116 38 
64 20 
59 19 
43 13 
41 13 
15 4 
77 25 
40 12 
20 6 
35 11 
107 35 
56 18 
111 36 
101 33 
34 10 
61 19 
74 24 
93 30 
118 38 
46 14 
8 2 
39 12 
19 5 
112 36 
57 18 
25 7 
55 17 
94 30 
85 27 
70 22 
108 35 
86 28 
80 26 
117 38 
88 28 
33 10 
54 17 
4 0 
11 3 
29 9 
65 21 
105 34 
13 3 
98 32 
78 25 
30 9 
120 39 
83 27 
62 20 
79 25 
37 11 
73 23 
71 23 
76 24 
24 7 
21 6 
49 15 
66 21 
51 16 
47 15 
84 27 
102 33 
67 21 
42 13 
104 34 
50 16 
82 26 
38 12 
12 3 
69 22 
114 37 
45 14 
109 35 
31 9 
100 32 
