179 29
6 1 
73 23 
62 20 
97 31 
99 32 
22 6 
3 0 
81 26 
4 0 
67 21 
7 1 
178 58 
145 47 
16 4 
132 43 
13 3 
44 14 
25 7 
175 57 
28 8 
181 59 
59 19 
153 50 
21 6 
53 17 
144 47 
125 41 
106 34 
148 48 
69 22 
48 15 
9 2 
65 21 
111 36 
19 5 
75 24 
71 23 
134 44 
137 45 
36 11 
92 30 
112 36 
74 24 
91 29 
156 51 
77 25 
170 56 
34 10 
45 14 
119 39 
54 17 
68 22 
129 42 
86 28 
130 42 
56 18 
143 47 
151 49 
158 52 
80 26 
49 15 
140 46 
166 54 
118 38 
133 43 
180 59 
121 39 
169 55 
114 37 
61 19 
90 29 
136 44 
60 19 
131 43 
179 59 
33 10 
113 37 
124 40 
18 5 
110 36 
96 31 
41 13 
155 51 
150 49 
164 54 
63 20 
76 24 
122 40 
70 22 
23 7 
40 12 
167 55 
117 38 
29 9 
94 30 
154 50 
72 23 
82 26 
32 10 
152 50 
85 27 
79 25 
139 45 
171 56 
98 32 
43 13 
126 41 
35 11 
12 3 
109 35 
172 56 
52 16 
26 8 
101 33 
89 29 
58 18 
37 11 
24 7 
93 30 
173 57 
64 20 
102 33 
127 41 
160 52 
168 55 
128 42 
142 46 
38 12 
31 9 
66 21 
162 53 
30 9 
84 27 
177 58 
165 54 
161 53 
10 2 
116 38 
146 48 
39 12 
123 40 
88 28 
138 45 
27 8 
51 16 
120 39 
5 1 
108 35 
83 27 
105 34 
11 3 
57 18 
14 4 
163 53 
100 32 
115 37 
47 15 
149 49 
95 31 
141 46 
147 48 
174 57 
157 51 
87 28 
107 35 
20 6 
46 14 
78 25 
8 2 
42 13 
176 58 
17 5 
15 4 
55 17 
104 34 
103 33 
50 16 
135 44 
159 52 
