171 28
126 41 
136 44 
18 5 
138 45 
87 28 
83 27 
51 16 
110 36 
139 45 
12 3 
118 38 
27 8 
94 30 
58 18 
67 21 
98 32 
76 24 
71 23 
62 20 
26 8 
122 40 
43 13 
33 10 
97 31 
35 11 
66 21 
144 47 
154 50 
143 47 
36 11 
112 36 
149 49 
39 12 
109 35 
57 18 
61 19 
6 1 
121 39 
119 39 
135 44 
157 51 
130 42 
128 42 
80 26 
29 9 
59 19 
163 53 
37 11 
159 52 
24 7 
3 0 
84 27 
22 6 
102 33 
88 28 
7 1 
151 49 
158 52 
161 53 
150 49 
75 24 
82 26 
169 55 
153 50 
53 17 
129 42 
55 17 
131 43 
30 9 
147 48 
107 35 
164 54 
23 7 
77 25 
19 5 
64 20 
70 22 
106 34 
60 19 
49 15 
141 46 
111 36 
162 53 
54 17 
79 25 
48 15 
41 13 
142 46 
167 55 
125 41 
16 4 
123 40 
13 3 
133 43 
115 37 
25 7 
171 56 
120 39 
8 2 
56 18 
152 50 
73 23 
5 1 
42 13 
21 6 
46 14 
74 24 
86 28 
95 31 
155 51 
28 8 
170 56 
11 3 
168 55 
137 45 
117 38 
89 29 
134 44 
146 48 
100 32 
31 9 
103 33 
108 35 
44 14 
127 41 
145 47 
65 21 
93 30 
4 0 
124 40 
166 54 
114 37 
81 26 
47 15 
72 23 
132 43 
17 5 
45 14 
173 57 
40 12 
50 16 
156 51 
99 32 
32 10 
104 34 
105 34 
91 29 
63 20 
14 4 
160 52 
148 48 
92 30 
52 16 
116 38 
15 4 
78 25 
96 31 
101 33 
172 56 
165 54 
38 12 
10 2 
68 22 
69 22 
34 10 
90 29 
20 6 
9 2 
140 46 
85 27 
113 37 
