161 26
56 17 
120 39 
26 7 
102 33 
75 24 
143 46 
109 35 
107 34 
39 12 
7 1 
132 43 
13 3 
79 25 
73 23 
152 49 
87 28 
46 14 
29 8 
67 21 
104 33 
123 40 
133 43 
22 6 
11 2 
58 18 
127 41 
118 38 
68 21 
101 32 
117 38 
20 5 
49 15 
100 32 
48 15 
150 49 
108 35 
60 19 
81 26 
131 42 
148 48 
82 26 
147 48 
59 18 
97 31 
61 19 
111 36 
84 27 
55 17 
138 45 
98 31 
31 9 
121 39 
27 8 
50 15 
128 41 
149 48 
76 24 
130 42 
85 27 
141 46 
10 2 
114 37 
116 37 
51 16 
115 37 
122 39 
44 13 
70 22 
99 32 
96 31 
24 7 
4 0 
134 43 
57 18 
38 11 
41 12 
63 20 
153 50 
137 44 
33 10 
12 3 
155 50 
139 45 
47 14 
69 22 
3 0 
35 10 
113 36 
163 53 
146 47 
157 51 
8 1 
88 28 
93 30 
32 9 
77 24 
105 34 
161 52 
40 12 
74 23 
9 2 
15 4 
45 14 
124 40 
145 47 
83 26 
6 1 
53 16 
28 8 
92 29 
106 34 
43 13 
64 20 
162 53 
5 0 
103 33 
91 29 
142 46 
90 29 
25 7 
23 6 
112 36 
30 9 
17 4 
95 30 
125 40 
110 35 
129 42 
65 20 
159 52 
16 4 
151 49 
54 17 
14 3 
126 41 
72 23 
94 30 
37 11 
140 45 
78 25 
62 19 
119 38 
18 5 
71 22 
160 52 
34 10 
66 21 
86 27 
19 5 
80 25 
135 44 
89 28 
42 13 
156 51 
158 51 
144 47 
21 6 
154 50 
136 44 
36 11 
52 16 
