121 20
109 35 
78 25 
97 31 
95 31 
22 6 
59 19 
11 3 
80 26 
105 34 
112 36 
43 13 
8 2 
50 16 
85 27 
36 11 
96 31 
49 15 
93 30 
5 1 
26 8 
119 39 
90 29 
63 20 
45 14 
117 38 
64 20 
102 33 
67 21 
6 1 
60 19 
54 17 
61 19 
116 38 
114 37 
16 4 
56 18 
68 22 
35 11 
10 2 
91 29 
82 26 
73 23 
52 16 
88 28 
79 25 
103 33 
32 10 
15 4 
65 21 
9 2 
7 1 
44 14 
18 5 
23 7 
51 16 
4 0 
37 11 
28 8 
70 22 
84 27 
107 35 
12 3 
17 5 
72 23 
75 24 
115 37 
99 32 
30 9 
47 15 
98 32 
58 18 
106 34 
108 35 
24 7 
100 32 
83 27 
34 10 
111 36 
25 7 
55 17 
48 15 
31 9 
74 24 
13 3 
121 39 
101 33 
21 6 
81 26 
110 36 
77 25 
104 34 
94 30 
71 23 
123 40 
76 24 
89 29 
92 30 
33 10 
46 14 
86 28 
62 20 
41 13 
27 8 
122 40 
42 13 
118 38 
20 6 
39 12 
53 17 
3 0 
69 22 
14 4 
40 12 
19 5 
87 28 
113 37 
120 39 
57 18 
38 12 
29 9 
66 21 
