136 22
30 9 
114 37 
87 28 
29 9 
10 2 
83 27 
8 2 
100 32 
45 14 
138 45 
50 16 
14 4 
72 23 
67 21 
126 41 
109 35 
75 24 
31 9 
95 31 
13 3 
86 28 
38 12 
111 36 
15 4 
40 12 
77 25 
22 6 
52 16 
53 17 
26 8 
28 8 
132 43 
128 42 
65 21 
7 1 
89 29 
23 7 
102 33 
41 13 
59 19 
68 22 
127 41 
91 29 
79 25 
135 44 
64 20 
74 24 
81 26 
18 5 
57 18 
119 39 
123 40 
21 6 
122 40 
73 23 
136 44 
51 16 
93 30 
62 20 
76 24 
103 33 
42 13 
108 35 
110 36 
116 38 
19 5 
46 14 
80 26 
112 36 
54 17 
66 21 
43 13 
3 0 
115 37 
61 19 
70 22 
121 39 
48 15 
113 37 
105 34 
104 34 
37 11 
60 19 
56 18 
39 12 
35 11 
101 33 
17 5 
20 6 
5 1 
120 39 
69 22 
92 30 
82 26 
71 23 
131 43 
24 7 
34 10 
58 18 
129 42 
118 38 
133 43 
107 35 
88 28 
125 41 
98 32 
130 42 
55 17 
90 29 
84 27 
94 30 
106 34 
33 10 
44 14 
11 3 
63 20 
9 2 
85 27 
6 1 
78 25 
134 44 
27 8 
16 4 
49 15 
32 10 
117 38 
137 45 
96 31 
99 32 
47 15 
97 31 
36 11 
12 3 
124 40 
4 0 
25 7 
