143 23
16 4 
134 44 
82 26 
56 18 
28 8 
85 27 
62 20 
9 2 
114 37 
104 34 
44 14 
130 42 
115 37 
142 46 
71 23 
4 0 
112 36 
127 41 
132 43 
67 21 
78 25 
21 6 
5 1 
79 25 
73 23 
98 32 
54 17 
6 1 
122 40 
51 16 
109 35 
7 1 
13 3 
43 13 
94 30 
19 5 
60 19 
83 27 
75 24 
18 5 
143 47 
80 26 
3 0 
133 43 
84 27 
34 10 
10 2 
96 31 
87 28 
125 41 
61 19 
76 24 
72 23 
45 14 
40 12 
68 22 
97 31 
59 19 
126 41 
22 6 
20 6 
27 8 
50 16 
116 38 
38 12 
32 10 
131 43 
41 13 
139 45 
107 35 
64 20 
55 17 
105 34 
36 11 
102 33 
138 45 
49 15 
46 14 
24 7 
117 38 
86 28 
140 46 
124 40 
69 22 
11 3 
88 28 
141 46 
89 29 
15 4 
81 26 
23 7 
8 2 
119 39 
144 47 
58 18 
33 10 
37 11 
77 25 
101 33 
111 36 
47 15 
103 33 
128 42 
110 36 
95 31 
70 22 
120 39 
14 4 
135 44 
29 9 
108 35 
118 38 
145 47 
48 15 
26 8 
52 16 
42 13 
106 34 
136 44 
66 21 
74 24 
39 12 
91 29 
63 20 
12 3 
129 42 
30 9 
31 9 
137 45 
113 37 
93 30 
99 32 
17 5 
25 7 
123 40 
65 21 
90 29 
35 11 
100 32 
121 39 
53 17 
57 18 
92 30 
