79 13
64 20 
10 2 
20 5 
22 6 
56 17 
81 26 
53 16 
7 1 
65 20 
6 1 
47 14 
78 25 
58 18 
61 19 
16 4 
12 3 
80 25 
42 13 
37 11 
15 4 
72 23 
25 7 
3 0 
9 2 
14 3 
32 9 
46 14 
77 24 
30 9 
67 21 
49 15 
79 25 
60 19 
39 12 
73 23 
38 11 
70 22 
35 10 
41 12 
29 8 
63 20 
36 11 
18 5 
68 21 
62 19 
11 2 
44 13 
40 12 
50 15 
75 24 
51 16 
31 9 
13 3 
4 0 
69 22 
76 24 
55 17 
74 23 
24 7 
48 15 
19 5 
43 13 
8 1 
52 16 
45 14 
28 8 
59 18 
17 4 
33 10 
5 0 
54 17 
71 22 
57 18 
27 8 
34 10 
21 6 
23 6 
66 21 
26 7 
