145 24
4 0 
8 2 
128 42 
40 12 
72 23 
120 39 
76 24 
119 39 
17 5 
94 30 
66 21 
26 8 
83 27 
21 6 
39 12 
81 26 
107 35 
97 31 
70 22 
122 40 
18 5 
143 47 
56 18 
38 12 
108 35 
67 21 
91 29 
131 43 
14 4 
7 1 
75 24 
42 13 
65 21 
121 39 
31 9 
54 17 
29 9 
51 16 
43 13 
59 19 
58 18 
116 38 
41 13 
24 7 
62 20 
71 23 
3 0 
53 17 
79 25 
100 32 
85 27 
23 7 
19 5 
50 16 
73 23 
106 34 
115 37 
114 37 
90 29 
87 28 
93 30 
20 6 
133 43 
111 36 
146 48 
36 11 
12 3 
110 36 
78 25 
68 22 
141 46 
64 20 
103 33 
130 42 
6 1 
55 17 
139 45 
92 30 
32 10 
25 7 
117 38 
104 34 
101 33 
127 41 
144 47 
46 14 
86 28 
147 48 
135 44 
132 43 
98 32 
96 31 
63 20 
15 4 
80 26 
125 41 
11 3 
61 19 
109 35 
16 4 
99 32 
57 18 
52 16 
30 9 
82 26 
28 8 
84 27 
74 24 
123 40 
113 37 
136 44 
112 36 
44 14 
89 29 
34 10 
47 15 
10 2 
137 45 
60 19 
105 34 
102 33 
33 10 
37 11 
142 46 
45 14 
138 45 
49 15 
88 28 
126 41 
145 47 
48 15 
69 22 
13 3 
5 1 
124 40 
118 38 
95 31 
77 25 
129 42 
9 2 
27 8 
35 11 
140 46 
22 6 
134 44 
