89 14
4 0 
83 27 
76 24 
43 13 
34 10 
70 22 
32 10 
9 2 
78 25 
89 29 
31 9 
39 12 
53 17 
6 1 
38 12 
48 15 
62 20 
66 21 
82 26 
14 4 
67 21 
88 28 
91 29 
56 18 
5 1 
60 19 
58 18 
68 22 
63 20 
40 12 
49 15 
86 28 
80 26 
41 13 
85 27 
81 26 
73 23 
17 5 
46 14 
52 16 
64 20 
79 25 
69 22 
45 14 
50 16 
18 5 
8 2 
47 15 
59 19 
13 3 
36 11 
42 13 
21 6 
33 10 
35 11 
37 11 
3 0 
27 8 
10 2 
87 28 
57 18 
77 25 
55 17 
74 24 
90 29 
15 4 
51 16 
54 17 
84 27 
11 3 
7 1 
26 8 
71 23 
72 23 
16 4 
19 5 
20 6 
29 9 
61 19 
23 7 
24 7 
22 6 
28 8 
44 14 
30 9 
25 7 
75 24 
65 21 
12 3 
