140 23
140 46 
106 34 
108 35 
18 5 
123 40 
24 7 
84 27 
114 37 
45 14 
142 46 
41 13 
56 18 
20 6 
17 5 
105 34 
6 1 
28 8 
66 21 
76 24 
57 18 
68 22 
113 37 
138 45 
67 21 
13 3 
37 11 
63 20 
101 33 
49 15 
61 19 
8 2 
11 3 
62 20 
120 39 
100 32 
14 4 
104 34 
133 43 
116 38 
16 4 
43 13 
21 6 
59 19 
135 44 
118 38 
122 40 
77 25 
102 33 
27 8 
96 31 
26 8 
94 30 
129 42 
38 12 
48 15 
125 41 
109 35 
36 11 
23 7 
127 41 
75 24 
98 32 
79 25 
50 16 
30 9 
89 29 
87 28 
52 16 
72 23 
92 30 
86 28 
9 2 
90 29 
73 23 
128 42 
117 38 
85 27 
42 13 
5 1 
33 10 
137 45 
81 26 
141 46 
134 44 
64 20 
44 14 
121 39 
35 11 
82 26 
47 15 
25 7 
110 36 
91 29 
29 9 
103 33 
58 18 
65 21 
4 0 
22 6 
130 42 
74 24 
40 12 
31 9 
71 23 
97 31 
54 17 
53 17 
46 14 
34 10 
12 3 
119 39 
131 43 
136 44 
80 26 
60 19 
15 4 
78 25 
55 17 
132 43 
51 16 
95 31 
99 32 
124 40 
83 27 
112 36 
32 10 
107 35 
19 5 
70 22 
10 2 
3 0 
126 41 
111 36 
7 1 
88 28 
115 37 
93 30 
39 12 
139 45 
69 22 
