194 32
110 35 
19 5 
65 20 
103 33 
79 25 
172 56 
37 11 
154 50 
50 15 
159 52 
56 17 
112 36 
69 22 
10 2 
155 50 
63 20 
23 6 
67 21 
94 30 
51 16 
142 46 
191 62 
177 58 
132 43 
68 21 
178 58 
57 18 
114 37 
149 48 
111 36 
46 14 
126 41 
183 60 
122 39 
101 32 
66 21 
167 54 
98 31 
157 51 
115 37 
163 53 
89 28 
113 36 
32 9 
48 15 
109 35 
75 24 
21 6 
72 23 
64 20 
156 51 
193 63 
77 24 
42 13 
6 1 
24 7 
136 44 
13 3 
99 32 
107 34 
22 6 
27 8 
45 14 
192 63 
93 30 
11 2 
146 47 
90 29 
135 44 
35 10 
70 22 
74 23 
58 18 
17 4 
195 64 
18 5 
174 57 
127 41 
138 45 
144 47 
175 57 
8 1 
104 33 
123 40 
150 49 
171 56 
86 27 
55 17 
137 44 
84 27 
116 37 
188 61 
31 9 
173 56 
140 45 
131 42 
161 52 
190 62 
96 31 
43 13 
181 59 
16 4 
81 26 
60 19 
166 54 
162 53 
12 3 
196 64 
184 60 
88 28 
44 13 
147 48 
125 40 
83 26 
119 38 
160 52 
40 12 
26 7 
164 53 
153 50 
3 0 
61 19 
36 11 
14 3 
29 8 
158 51 
87 28 
124 40 
189 62 
182 59 
91 29 
180 59 
78 25 
62 19 
4 0 
187 61 
128 41 
121 39 
49 15 
52 16 
80 25 
148 48 
5 0 
194 63 
39 12 
130 42 
108 35 
179 58 
145 47 
118 38 
9 2 
59 18 
34 10 
186 61 
30 9 
53 16 
73 23 
97 31 
120 39 
95 30 
15 4 
100 32 
168 55 
105 34 
38 11 
92 29 
25 7 
41 12 
139 45 
54 17 
165 54 
129 42 
170 55 
47 14 
102 33 
152 49 
85 27 
20 5 
151 49 
71 22 
117 38 
143 46 
134 43 
169 55 
82 26 
33 10 
133 43 
106 34 
185 60 
141 46 
76 24 
28 8 
7 1 
176 57 
