141 23
96 31 
64 20 
141 46 
30 9 
127 41 
85 27 
101 33 
139 45 
20 6 
119 39 
9 2 
31 9 
66 21 
5 1 
123 40 
125 41 
108 35 
61 19 
6 1 
86 28 
79 25 
12 3 
126 41 
16 4 
43 13 
109 35 
89 29 
107 35 
23 7 
94 30 
56 18 
36 11 
103 33 
41 13 
18 5 
21 6 
100 32 
55 17 
121 39 
19 5 
59 19 
57 18 
104 34 
7 1 
35 11 
17 5 
45 14 
29 9 
51 16 
93 30 
87 28 
88 28 
134 44 
83 27 
24 7 
120 39 
75 24 
52 16 
28 8 
42 13 
115 37 
54 17 
122 40 
124 40 
116 38 
32 10 
76 24 
137 45 
80 26 
106 34 
46 14 
60 19 
15 4 
130 42 
4 0 
48 15 
38 12 
33 10 
73 23 
50 16 
71 23 
26 8 
58 18 
13 3 
102 33 
62 20 
25 7 
67 21 
11 3 
47 15 
44 14 
111 36 
8 2 
131 43 
82 26 
136 44 
110 36 
69 22 
39 12 
70 22 
142 46 
77 25 
22 6 
90 29 
49 15 
53 17 
81 26 
117 38 
74 24 
114 37 
138 45 
135 44 
68 22 
112 36 
95 31 
129 42 
118 38 
84 27 
3 0 
128 42 
63 20 
72 23 
27 8 
91 29 
92 30 
140 46 
10 2 
65 21 
14 4 
40 12 
78 25 
97 31 
99 32 
37 11 
132 43 
34 10 
143 47 
105 34 
133 43 
98 32 
113 37 
