82 13
65 21 
71 23 
16 4 
58 18 
45 14 
40 12 
79 25 
10 2 
23 7 
41 13 
29 9 
26 8 
25 7 
15 4 
44 14 
46 14 
73 23 
11 3 
5 1 
24 7 
66 21 
52 16 
69 22 
55 17 
78 25 
34 10 
33 10 
39 12 
32 10 
56 18 
70 22 
31 9 
17 5 
27 8 
84 27 
43 13 
6 1 
37 11 
38 12 
42 13 
9 2 
3 0 
68 22 
49 15 
77 25 
7 1 
53 17 
83 27 
20 6 
60 19 
8 2 
13 3 
12 3 
82 26 
63 20 
4 0 
48 15 
22 6 
75 24 
72 23 
50 16 
67 21 
80 26 
74 24 
18 5 
36 11 
81 26 
57 18 
59 19 
30 9 
21 6 
54 17 
76 24 
62 20 
61 19 
35 11 
64 20 
14 4 
47 15 
28 8 
51 16 
19 5 
