166 27
105 34 
9 2 
12 3 
95 31 
155 51 
47 15 
131 43 
121 39 
48 15 
54 17 
67 21 
124 40 
76 24 
49 15 
39 12 
43 13 
27 8 
130 42 
140 46 
120 39 
14 4 
107 35 
13 3 
100 32 
66 21 
38 12 
94 30 
29 9 
160 52 
50 16 
4 0 
99 32 
136 44 
118 38 
88 28 
19 5 
41 13 
114 37 
141 46 
156 51 
62 20 
115 37 
8 2 
165 54 
60 19 
55 17 
162 53 
10 2 
90 29 
139 45 
145 47 
92 30 
40 12 
21 6 
7 1 
158 52 
80 26 
23 7 
56 18 
148 48 
45 14 
125 41 
138 45 
159 52 
75 24 
128 42 
101 33 
132 43 
5 1 
147 48 
17 5 
32 10 
166 54 
163 53 
93 30 
96 31 
53 17 
119 39 
117 38 
152 50 
113 37 
150 49 
24 7 
30 9 
15 4 
83 27 
91 29 
59 19 
108 35 
69 22 
122 40 
103 33 
73 23 
154 50 
6 1 
74 24 
144 47 
42 13 
37 11 
104 34 
35 11 
3 0 
146 48 
71 23 
116 38 
134 44 
126 41 
110 36 
77 25 
112 36 
63 20 
81 26 
78 25 
18 5 
86 28 
33 10 
137 45 
64 20 
34 10 
82 26 
57 18 
28 8 
153 50 
143 47 
26 8 
106 34 
89 29 
22 6 
58 18 
36 11 
46 14 
102 33 
44 14 
135 44 
161 53 
129 42 
31 9 
70 22 
133 43 
164 54 
168 55 
87 28 
16 4 
149 49 
65 21 
68 22 
52 16 
85 27 
20 6 
97 31 
109 35 
79 25 
151 49 
61 19 
84 27 
11 3 
98 32 
25 7 
142 46 
72 23 
51 16 
111 36 
123 40 
157 51 
167 55 
127 41 
