125 20
46 14 
63 20 
118 38 
11 3 
74 24 
85 27 
106 34 
95 31 
20 6 
56 18 
70 22 
50 16 
51 16 
5 1 
33 10 
83 27 
94 30 
116 38 
54 17 
105 34 
64 20 
99 32 
58 18 
89 29 
27 8 
24 7 
79 25 
19 5 
39 12 
22 6 
61 19 
47 15 
12 3 
113 37 
120 39 
48 15 
104 34 
43 13 
62 20 
103 33 
60 19 
29 9 
90 29 
35 11 
73 23 
53 17 
65 21 
32 10 
80 26 
101 33 
107 35 
42 13 
59 19 
72 23 
57 18 
49 15 
21 6 
7 1 
40 12 
88 28 
15 4 
87 28 
37 11 
82 26 
126 41 
30 9 
91 29 
76 24 
67 21 
109 35 
108 35 
98 32 
10 2 
68 22 
69 22 
71 23 
114 37 
45 14 
8 2 
81 26 
18 5 
44 14 
4 0 
38 12 
102 33 
23 7 
111 36 
86 28 
119 39 
6 1 
14 4 
110 36 
122 40 
31 9 
97 31 
66 21 
124 40 
13 3 
115 37 
26 8 
52 16 
17 5 
16 4 
125 41 
78 25 
75 24 
41 13 
55 17 
121 39 
100 32 
25 7 
9 2 
112 36 
77 25 
117 38 
92 30 
3 0 
36 11 
34 10 
96 31 
84 27 
127 41 
28 8 
93 30 
123 40 
