152 25
126 41 
118 38 
28 8 
106 34 
87 28 
130 42 
114 37 
102 33 
27 8 
64 20 
42 13 
8 2 
11 3 
38 12 
145 47 
30 9 
141 46 
51 16 
144 47 
52 16 
48 15 
143 47 
150 49 
133 43 
92 30 
117 38 
147 48 
136 44 
90 29 
148 48 
82 26 
152 50 
139 45 
3 0 
95 31 
70 22 
29 9 
13 3 
76 24 
58 18 
72 23 
120 39 
49 15 
62 20 
84 27 
26 8 
10 2 
67 21 
35 11 
154 50 
83 27 
15 4 
113 37 
112 36 
115 37 
104 34 
97 31 
85 27 
124 40 
41 13 
36 11 
77 25 
19 5 
46 14 
122 40 
34 10 
78 25 
151 49 
17 5 
7 1 
59 19 
131 43 
18 5 
71 23 
57 18 
31 9 
149 49 
101 33 
98 32 
68 22 
63 20 
40 12 
12 3 
89 29 
142 46 
75 24 
111 36 
103 33 
53 17 
55 17 
61 19 
65 21 
79 25 
32 10 
60 19 
134 44 
96 31 
93 30 
110 36 
80 26 
109 35 
116 38 
91 29 
132 43 
127 41 
20 6 
39 12 
137 45 
22 6 
94 30 
33 10 
44 14 
135 44 
105 34 
128 42 
6 1 
43 13 
119 39 
146 48 
73 23 
54 17 
138 45 
153 50 
23 7 
45 14 
14 4 
125 41 
86 28 
74 24 
56 18 
47 15 
9 2 
88 28 
66 21 
129 42 
123 40 
107 35 
140 46 
81 26 
21 6 
4 0 
24 7 
5 1 
25 7 
16 4 
108 35 
69 22 
50 16 
100 32 
37 11 
99 32 
121 39 
