100 16
81 26 
32 10 
6 1 
36 11 
34 10 
101 33 
43 13 
39 12 
37 11 
3 0 
20 6 
9 2 
96 31 
47 15 
94 30 
63 20 
28 8 
82 26 
100 32 
10 2 
87 28 
52 16 
57 18 
46 14 
44 14 
54 17 
58 18 
93 30 
50 16 
88 28 
35 11 
18 5 
97 31 
15 4 
49 15 
16 4 
95 31 
71 23 
89 29 
99 32 
91 29 
48 15 
77 25 
92 30 
79 25 
5 1 
45 14 
85 27 
12 3 
27 8 
56 18 
67 21 
72 23 
33 10 
31 9 
22 6 
26 8 
55 17 
17 5 
98 32 
73 23 
19 5 
53 17 
7 1 
41 13 
30 9 
61 19 
23 7 
69 22 
21 6 
51 16 
42 13 
76 24 
40 12 
84 27 
83 27 
25 7 
24 7 
62 20 
68 22 
60 19 
64 20 
65 21 
70 22 
4 0 
90 29 
14 4 
29 9 
13 3 
74 24 
11 3 
80 26 
38 12 
8 2 
102 33 
86 28 
59 19 
78 25 
66 21 
75 24 
