131 21
103 33 
29 9 
12 3 
35 11 
89 29 
93 30 
106 34 
126 41 
10 2 
38 12 
9 2 
48 15 
82 26 
26 8 
68 22 
62 20 
74 24 
76 24 
53 17 
25 7 
20 6 
67 21 
85 27 
99 32 
34 10 
13 3 
81 26 
70 22 
108 35 
87 28 
109 35 
72 23 
94 30 
96 31 
64 20 
98 32 
113 37 
45 14 
47 15 
79 25 
52 16 
88 28 
129 42 
123 40 
132 43 
24 7 
71 23 
46 14 
95 31 
104 34 
7 1 
86 28 
83 27 
54 17 
41 13 
102 33 
119 39 
100 32 
42 13 
16 4 
44 14 
121 39 
21 6 
122 40 
116 38 
117 38 
28 8 
114 37 
69 22 
57 18 
118 38 
61 19 
55 17 
133 43 
124 40 
65 21 
49 15 
14 4 
8 2 
78 25 
66 21 
4 0 
97 31 
5 1 
131 43 
11 3 
112 36 
105 34 
115 37 
17 5 
60 19 
23 7 
43 13 
58 18 
75 24 
107 35 
30 9 
22 6 
59 19 
128 42 
110 36 
120 39 
92 30 
125 41 
90 29 
73 23 
50 16 
63 20 
130 42 
40 12 
51 16 
33 10 
36 11 
101 33 
77 25 
6 1 
18 5 
37 11 
39 12 
84 27 
27 8 
31 9 
19 5 
32 10 
111 36 
80 26 
91 29 
3 0 
56 18 
15 4 
127 41 
