168 28
133 43 
16 4 
137 45 
73 23 
119 39 
29 9 
100 32 
166 54 
155 51 
101 33 
88 28 
10 2 
3 0 
159 52 
140 46 
58 18 
147 48 
65 21 
121 39 
156 51 
70 22 
35 11 
45 14 
30 9 
126 41 
43 13 
163 53 
143 47 
129 42 
9 2 
60 19 
151 49 
95 31 
81 26 
8 2 
17 5 
164 54 
21 6 
94 30 
76 24 
34 10 
104 34 
118 38 
98 32 
116 38 
51 16 
127 41 
105 34 
66 21 
68 22 
52 16 
109 35 
142 46 
64 20 
67 21 
50 16 
93 30 
84 27 
103 33 
124 40 
12 3 
165 54 
82 26 
41 13 
37 11 
62 20 
91 29 
26 8 
77 25 
113 37 
75 24 
102 33 
27 8 
160 52 
4 0 
31 9 
141 46 
123 40 
89 29 
139 45 
152 50 
83 27 
80 26 
20 6 
148 48 
136 44 
145 47 
63 20 
167 55 
53 17 
149 49 
24 7 
5 1 
110 36 
6 1 
170 56 
13 3 
130 42 
39 12 
90 29 
78 25 
71 23 
144 47 
168 55 
46 14 
132 43 
11 3 
47 15 
86 28 
28 8 
22 6 
59 19 
135 44 
79 25 
69 22 
169 55 
115 37 
154 50 
125 41 
57 18 
48 15 
38 12 
36 11 
85 27 
55 17 
49 15 
72 23 
33 10 
42 13 
134 44 
87 28 
106 34 
23 7 
108 35 
161 53 
120 39 
112 36 
97 31 
131 43 
111 36 
56 18 
128 42 
74 24 
19 5 
14 4 
7 1 
158 52 
92 30 
15 4 
44 14 
162 53 
40 12 
96 31 
32 10 
114 37 
146 48 
107 35 
157 51 
122 40 
153 50 
54 17 
99 32 
61 19 
117 38 
25 7 
150 49 
138 45 
18 5 
