88 14
87 28 
64 20 
46 14 
21 6 
35 11 
6 1 
65 21 
38 12 
55 17 
86 28 
77 25 
20 6 
24 7 
47 15 
58 18 
73 23 
10 2 
85 27 
66 21 
90 29 
63 20 
54 17 
62 20 
59 19 
16 4 
8 2 
11 3 
9 2 
26 8 
44 14 
23 7 
80 26 
70 22 
51 16 
41 13 
53 17 
82 26 
37 11 
56 18 
17 5 
33 10 
81 26 
61 19 
88 28 
48 15 
83 27 
71 23 
25 7 
43 13 
60 19 
52 16 
27 8 
32 10 
74 24 
68 22 
4 0 
49 15 
84 27 
3 0 
28 8 
89 29 
22 6 
42 13 
12 3 
13 3 
75 24 
67 21 
45 14 
69 22 
34 10 
18 5 
39 12 
15 4 
72 23 
40 12 
7 1 
14 4 
78 25 
57 18 
19 5 
50 16 
5 1 
76 24 
30 9 
36 11 
29 9 
31 9 
79 25 
