129 21
112 36 
40 12 
47 15 
12 3 
9 2 
51 16 
88 28 
61 19 
119 39 
7 1 
109 35 
32 10 
49 15 
66 21 
48 15 
77 25 
69 22 
75 24 
25 7 
104 34 
113 37 
55 17 
80 26 
121 39 
78 25 
107 35 
100 32 
11 3 
128 42 
122 40 
52 16 
3 0 
10 2 
62 20 
90 29 
41 13 
102 33 
17 5 
116 38 
106 34 
125 41 
68 22 
126 41 
24 7 
53 17 
108 35 
130 42 
97 31 
79 25 
56 18 
5 1 
58 18 
124 40 
120 39 
18 5 
13 3 
42 13 
31 9 
74 24 
73 23 
23 7 
76 24 
118 38 
43 13 
70 22 
93 30 
87 28 
71 23 
110 36 
45 14 
81 26 
39 12 
111 36 
4 0 
16 4 
82 26 
95 31 
26 8 
92 30 
34 10 
72 23 
6 1 
22 6 
19 5 
96 31 
50 16 
36 11 
105 34 
99 32 
14 4 
89 29 
46 14 
98 32 
15 4 
115 37 
30 9 
101 33 
123 40 
21 6 
103 33 
91 29 
8 2 
117 38 
29 9 
94 30 
85 27 
86 28 
28 8 
54 17 
129 42 
83 27 
127 41 
84 27 
27 8 
59 19 
63 20 
37 11 
131 43 
33 10 
35 11 
20 6 
64 20 
67 21 
44 14 
65 21 
60 19 
57 18 
114 37 
38 12 
