177 29
65 21 
111 36 
55 17 
124 40 
67 21 
112 36 
99 32 
35 11 
19 5 
4 0 
79 25 
21 6 
122 40 
138 45 
48 15 
120 39 
126 41 
44 14 
84 27 
60 19 
157 51 
90 29 
174 57 
118 38 
140 46 
81 26 
144 47 
105 34 
72 23 
14 4 
101 33 
123 40 
20 6 
62 20 
49 15 
74 24 
102 33 
9 2 
135 44 
7 1 
45 14 
129 42 
23 7 
5 1 
125 41 
36 11 
128 42 
109 35 
110 36 
63 20 
134 44 
145 47 
141 46 
166 54 
88 28 
61 19 
106 34 
56 18 
150 49 
33 10 
162 53 
16 4 
165 54 
38 12 
58 18 
34 10 
57 18 
104 34 
17 5 
64 20 
68 22 
136 44 
8 2 
54 17 
143 47 
163 53 
70 22 
153 50 
103 33 
28 8 
25 7 
160 52 
151 49 
46 14 
32 10 
66 21 
86 28 
76 24 
95 31 
175 57 
82 26 
52 16 
173 57 
113 37 
142 46 
22 6 
177 58 
30 9 
164 54 
26 8 
87 28 
10 2 
85 27 
15 4 
91 29 
167 55 
73 23 
100 32 
115 37 
18 5 
29 9 
114 37 
51 16 
148 48 
80 26 
130 42 
152 50 
43 13 
93 30 
50 16 
94 30 
154 50 
92 30 
53 17 
156 51 
27 8 
147 48 
116 38 
169 55 
133 43 
96 31 
107 35 
3 0 
159 52 
158 52 
12 3 
83 27 
137 45 
149 49 
77 25 
179 59 
131 43 
78 25 
39 12 
168 55 
178 58 
42 13 
172 56 
119 39 
161 53 
139 45 
171 56 
59 19 
98 32 
40 12 
69 22 
127 41 
41 13 
170 56 
37 11 
13 3 
75 24 
89 29 
71 23 
11 3 
155 51 
121 39 
97 31 
24 7 
108 35 
47 15 
6 1 
117 38 
132 43 
31 9 
146 48 
176 58 
