110 18
112 36 
108 35 
39 12 
56 17 
96 31 
106 34 
68 21 
47 14 
89 28 
45 14 
99 32 
34 10 
104 33 
48 15 
82 26 
23 6 
32 9 
41 12 
14 3 
103 33 
58 18 
7 1 
12 3 
87 28 
31 9 
98 31 
59 18 
16 4 
8 1 
109 35 
60 19 
78 25 
9 2 
61 19 
69 22 
29 8 
70 22 
21 6 
13 3 
65 20 
77 24 
74 23 
66 21 
51 16 
81 26 
10 2 
4 0 
22 6 
75 24 
24 7 
20 5 
101 32 
73 23 
37 11 
97 31 
76 24 
25 7 
30 9 
83 26 
19 5 
92 29 
26 7 
63 20 
40 12 
57 18 
84 27 
27 8 
55 17 
86 27 
43 13 
5 0 
18 5 
107 34 
33 10 
67 21 
3 0 
90 29 
15 4 
17 4 
94 30 
53 16 
88 28 
85 27 
102 33 
35 10 
110 35 
100 32 
111 36 
54 17 
105 34 
91 29 
6 1 
36 11 
46 14 
72 23 
93 30 
49 15 
64 20 
11 2 
50 15 
44 13 
38 11 
28 8 
62 19 
71 22 
42 13 
80 25 
95 30 
79 25 
52 16 
