81 13
46 14 
48 15 
4 0 
23 6 
7 1 
70 22 
66 21 
12 3 
76 24 
3 0 
16 4 
15 4 
61 19 
6 1 
50 15 
65 20 
30 9 
64 20 
10 2 
26 7 
33 10 
27 8 
22 6 
59 18 
18 5 
21 6 
49 15 
57 18 
72 23 
44 13 
36 11 
25 7 
69 22 
5 0 
39 12 
55 17 
56 17 
38 11 
67 21 
60 19 
32 9 
82 26 
14 3 
19 5 
43 13 
62 19 
11 2 
31 9 
34 10 
45 14 
28 8 
24 7 
37 11 
74 23 
78 25 
77 24 
73 23 
41 12 
81 26 
52 16 
17 4 
42 13 
13 3 
9 2 
47 14 
29 8 
8 1 
79 25 
51 16 
83 26 
40 12 
68 21 
71 22 
58 18 
63 20 
35 10 
75 24 
20 5 
53 16 
54 17 
80 25 
