113 18
33 10 
24 7 
87 28 
65 21 
16 4 
6 1 
109 35 
30 9 
101 33 
72 23 
45 14 
56 18 
41 13 
48 15 
54 17 
36 11 
32 10 
68 22 
67 21 
25 7 
53 17 
29 9 
28 8 
84 27 
75 24 
21 6 
50 16 
106 34 
82 26 
78 25 
15 4 
92 30 
7 1 
11 3 
93 30 
97 31 
74 24 
51 16 
46 14 
64 20 
61 19 
17 5 
63 20 
38 12 
79 25 
47 15 
85 27 
58 18 
20 6 
43 13 
49 15 
10 2 
5 1 
107 35 
108 35 
9 2 
8 2 
99 32 
70 22 
39 12 
103 33 
91 29 
69 22 
86 28 
80 26 
55 17 
83 27 
34 10 
12 3 
37 11 
22 6 
19 5 
113 37 
88 28 
100 32 
44 14 
81 26 
114 37 
111 36 
66 21 
112 36 
26 8 
90 29 
60 19 
3 0 
40 12 
42 13 
96 31 
94 30 
52 16 
73 23 
18 5 
98 32 
62 20 
110 36 
57 18 
4 0 
23 7 
27 8 
77 25 
105 34 
102 33 
104 34 
115 37 
89 29 
71 23 
35 11 
59 19 
31 9 
76 24 
14 4 
95 31 
13 3 
