135 22
59 18 
39 12 
127 41 
65 20 
119 38 
135 44 
60 19 
79 25 
50 15 
19 5 
70 22 
24 7 
97 31 
136 44 
64 20 
31 9 
72 23 
23 6 
26 7 
124 40 
96 31 
3 0 
86 27 
18 5 
122 39 
43 13 
5 0 
116 37 
42 13 
48 15 
94 30 
80 25 
63 20 
13 3 
6 1 
9 2 
32 9 
129 42 
16 4 
76 24 
28 8 
88 28 
98 31 
103 33 
36 11 
7 1 
61 19 
85 27 
69 22 
81 26 
21 6 
51 16 
15 4 
118 38 
89 28 
117 38 
101 32 
22 6 
35 10 
133 43 
49 15 
38 11 
34 10 
108 35 
55 17 
82 26 
113 36 
78 25 
45 14 
47 14 
74 23 
41 12 
62 19 
4 0 
91 29 
95 30 
106 34 
90 29 
115 37 
52 16 
8 1 
40 12 
84 27 
77 24 
125 40 
29 8 
107 34 
104 33 
120 39 
12 3 
100 32 
10 2 
73 23 
56 17 
99 32 
121 39 
20 5 
14 3 
17 4 
87 28 
114 37 
30 9 
131 42 
33 10 
44 13 
37 11 
66 21 
105 34 
54 17 
110 35 
68 21 
67 21 
109 35 
111 36 
126 41 
75 24 
123 40 
53 16 
132 43 
57 18 
71 22 
58 18 
83 26 
27 8 
134 43 
92 29 
128 41 
46 14 
137 44 
93 30 
102 33 
130 42 
25 7 
11 2 
112 36 
