162 27
140 46 
141 46 
46 14 
45 14 
44 14 
79 25 
65 21 
153 50 
55 17 
111 36 
99 32 
30 9 
57 18 
12 3 
135 44 
5 1 
164 54 
154 50 
67 21 
42 13 
138 45 
40 12 
152 50 
41 13 
158 52 
56 18 
105 34 
32 10 
70 22 
118 38 
159 52 
72 23 
106 34 
19 5 
15 4 
51 16 
58 18 
102 33 
110 36 
77 25 
35 11 
95 31 
109 35 
4 0 
122 40 
121 39 
7 1 
162 53 
76 24 
130 42 
117 38 
96 31 
3 0 
86 28 
38 12 
161 53 
60 19 
84 27 
26 8 
103 33 
23 7 
151 49 
113 37 
24 7 
50 16 
52 16 
91 29 
68 22 
10 2 
126 41 
37 11 
94 30 
90 29 
98 32 
92 30 
120 39 
73 23 
136 44 
145 47 
18 5 
163 53 
11 3 
8 2 
147 48 
29 9 
75 24 
137 45 
100 32 
143 47 
53 17 
39 12 
6 1 
14 4 
48 15 
61 19 
89 29 
97 31 
81 26 
157 51 
21 6 
150 49 
87 28 
16 4 
36 11 
107 35 
80 26 
112 36 
156 51 
20 6 
59 19 
114 37 
104 34 
119 39 
132 43 
116 38 
49 15 
13 3 
139 45 
22 6 
31 9 
101 33 
34 10 
108 35 
71 23 
134 44 
142 46 
69 22 
124 40 
83 27 
131 43 
27 8 
47 15 
9 2 
123 40 
17 5 
62 20 
82 26 
63 20 
144 47 
160 52 
28 8 
93 30 
85 27 
64 20 
115 37 
125 41 
74 24 
127 41 
25 7 
133 43 
54 17 
149 49 
33 10 
88 28 
66 21 
129 42 
43 13 
148 48 
128 42 
78 25 
155 51 
146 48 
