76 12
17 5 
29 9 
64 20 
32 10 
9 2 
13 3 
78 25 
18 5 
7 1 
57 18 
76 24 
33 10 
25 7 
31 9 
56 18 
15 4 
62 20 
72 23 
22 6 
60 19 
48 15 
19 5 
20 6 
30 9 
44 14 
54 17 
28 8 
24 7 
53 17 
66 21 
39 12 
41 13 
4 0 
52 16 
6 1 
42 13 
40 12 
69 22 
75 24 
27 8 
38 12 
50 16 
5 1 
70 22 
67 21 
11 3 
21 6 
10 2 
16 4 
36 11 
43 13 
51 16 
55 17 
23 7 
68 22 
46 14 
47 15 
26 8 
37 11 
12 3 
3 0 
61 19 
65 21 
49 15 
63 20 
77 25 
8 2 
58 18 
73 23 
59 19 
14 4 
45 14 
34 10 
35 11 
71 23 
74 24 
