138 23
56 18 
17 5 
8 2 
58 18 
99 32 
123 40 
102 33 
124 40 
117 38 
72 23 
25 7 
87 28 
71 23 
18 5 
120 39 
47 15 
119 39 
109 35 
28 8 
125 41 
111 36 
93 30 
76 24 
104 34 
132 43 
12 3 
21 6 
27 8 
37 11 
41 13 
35 11 
10 2 
138 45 
79 25 
38 12 
77 25 
83 27 
128 42 
110 36 
94 30 
34 10 
51 16 
65 21 
60 19 
122 40 
106 34 
80 26 
67 21 
20 6 
22 6 
113 37 
86 28 
133 43 
126 41 
16 4 
39 12 
88 28 
101 33 
84 27 
70 22 
96 31 
97 31 
127 41 
48 15 
29 9 
46 14 
6 1 
61 19 
64 20 
75 24 
52 16 
130 42 
136 44 
44 14 
54 17 
36 11 
43 13 
69 22 
129 42 
134 44 
82 26 
15 4 
26 8 
98 32 
9 2 
42 13 
3 0 
85 27 
24 7 
53 17 
92 30 
139 45 
107 35 
50 16 
74 24 
57 18 
13 3 
114 37 
135 44 
121 39 
4 0 
19 5 
115 37 
81 26 
78 25 
89 29 
30 9 
140 46 
137 45 
66 21 
11 3 
131 43 
108 35 
32 10 
49 15 
23 7 
33 10 
95 31 
103 33 
62 20 
112 36 
14 4 
40 12 
118 38 
91 29 
55 17 
68 22 
63 20 
45 14 
116 38 
5 1 
90 29 
7 1 
59 19 
31 9 
105 34 
73 23 
100 32 
