97 16
47 15 
99 32 
63 20 
19 5 
58 18 
10 2 
53 17 
91 29 
70 22 
83 27 
90 29 
18 5 
55 17 
36 11 
12 3 
92 30 
77 25 
94 30 
17 5 
64 20 
14 4 
45 14 
75 24 
44 14 
66 21 
22 6 
32 10 
87 28 
39 12 
15 4 
93 30 
67 21 
20 6 
49 15 
34 10 
88 28 
89 29 
74 24 
8 2 
54 17 
62 20 
43 13 
65 21 
69 22 
31 9 
26 8 
11 3 
82 26 
46 14 
5 1 
71 23 
28 8 
4 0 
96 31 
23 7 
25 7 
72 23 
86 28 
95 31 
78 25 
37 11 
27 8 
68 22 
52 16 
79 25 
60 19 
38 12 
13 3 
33 10 
21 6 
40 12 
29 9 
30 9 
81 26 
48 15 
7 1 
97 31 
16 4 
73 23 
35 11 
41 13 
24 7 
9 2 
56 18 
85 27 
80 26 
76 24 
98 32 
50 16 
3 0 
57 18 
51 16 
42 13 
84 27 
6 1 
61 19 
59 19 
