200 33
185 61 
155 51 
4 0 
27 8 
32 10 
74 24 
201 66 
73 23 
92 30 
51 16 
88 28 
110 36 
45 14 
138 45 
70 22 
187 61 
91 29 
23 7 
115 37 
66 21 
196 64 
189 62 
170 56 
129 42 
192 63 
127 41 
31 9 
9 2 
102 33 
68 22 
52 16 
167 55 
41 13 
199 65 
159 52 
142 46 
198 65 
178 58 
109 35 
34 10 
15 4 
172 56 
113 37 
21 6 
57 18 
125 41 
148 48 
108 35 
33 10 
117 38 
157 51 
93 30 
184 60 
75 24 
86 28 
163 53 
76 24 
202 66 
24 7 
193 63 
19 5 
38 12 
166 54 
158 52 
164 54 
116 38 
29 9 
72 23 
141 46 
40 12 
26 8 
153 50 
67 21 
58 18 
62 20 
103 33 
22 6 
18 5 
8 2 
112 36 
28 8 
160 52 
132 43 
95 31 
190 62 
133 43 
39 12 
140 46 
128 42 
123 40 
99 32 
179 59 
165 54 
137 45 
5 1 
49 15 
46 14 
96 31 
61 19 
87 28 
154 50 
35 11 
126 41 
176 58 
81 26 
56 18 
111 36 
180 59 
43 13 
147 48 
183 60 
120 39 
175 57 
151 49 
63 20 
48 15 
20 6 
78 25 
12 3 
55 17 
171 56 
149 49 
118 38 
7 1 
200 66 
97 31 
181 59 
139 45 
79 25 
10 2 
174 57 
136 44 
44 14 
121 39 
3 0 
122 40 
65 21 
53 17 
101 33 
143 47 
131 43 
100 32 
197 65 
90 29 
168 55 
60 19 
191 63 
188 62 
173 57 
161 53 
71 23 
94 30 
195 64 
14 4 
145 47 
124 40 
130 42 
107 35 
177 58 
36 11 
16 4 
150 49 
119 39 
169 55 
182 60 
77 25 
25 7 
42 13 
186 61 
59 19 
106 34 
144 47 
64 20 
17 5 
30 9 
98 32 
11 3 
135 44 
80 26 
6 1 
134 44 
37 11 
82 26 
84 27 
54 17 
114 37 
83 27 
13 3 
69 22 
47 15 
85 27 
50 16 
156 51 
194 64 
89 29 
152 50 
105 34 
104 34 
146 48 
162 53 
