167 27
81 26 
63 20 
14 4 
95 31 
64 20 
166 54 
20 6 
91 29 
44 14 
38 12 
165 54 
22 6 
99 32 
37 11 
113 37 
147 48 
118 38 
29 9 
28 8 
100 32 
104 34 
24 7 
167 55 
101 33 
108 35 
94 30 
141 46 
45 14 
163 53 
49 15 
66 21 
87 28 
72 23 
82 26 
133 43 
149 49 
164 54 
168 55 
96 31 
148 48 
135 44 
36 11 
50 16 
126 41 
127 41 
40 12 
11 3 
61 19 
145 47 
34 10 
115 37 
162 53 
110 36 
30 9 
8 2 
15 4 
23 7 
84 27 
85 27 
4 0 
32 10 
154 50 
150 49 
152 50 
17 5 
92 30 
68 22 
131 43 
41 13 
10 2 
57 18 
124 40 
156 51 
3 0 
140 46 
109 35 
35 11 
52 16 
76 24 
128 42 
69 22 
67 21 
31 9 
62 20 
79 25 
132 43 
153 50 
5 1 
54 17 
121 39 
70 22 
18 5 
142 46 
119 39 
25 7 
137 45 
111 36 
159 52 
123 40 
138 45 
59 19 
39 12 
55 17 
155 51 
56 18 
107 35 
103 33 
16 4 
93 30 
125 41 
158 52 
90 29 
117 38 
77 25 
33 10 
136 44 
143 47 
160 52 
114 37 
86 28 
130 42 
73 23 
151 49 
161 53 
80 26 
139 45 
146 48 
53 17 
116 38 
89 29 
19 5 
122 40 
83 27 
129 42 
102 33 
88 28 
74 24 
58 18 
71 23 
157 51 
120 39 
13 3 
12 3 
7 1 
112 36 
134 44 
97 31 
51 16 
6 1 
75 24 
46 14 
42 13 
48 15 
21 6 
27 8 
98 32 
26 8 
47 15 
65 21 
144 47 
169 55 
106 34 
9 2 
60 19 
78 25 
43 13 
105 34 
