165 27
22 6 
112 36 
51 16 
73 23 
94 30 
54 17 
85 27 
84 27 
166 54 
80 26 
116 38 
64 20 
107 35 
155 51 
99 32 
126 41 
68 22 
144 47 
123 40 
57 18 
87 28 
7 1 
26 8 
27 8 
91 29 
11 3 
30 9 
159 52 
93 30 
140 46 
92 30 
77 25 
130 42 
143 47 
24 7 
19 5 
60 19 
98 32 
119 39 
43 13 
135 44 
104 34 
138 45 
88 28 
114 37 
136 44 
78 25 
25 7 
121 39 
13 3 
163 53 
16 4 
75 24 
17 5 
156 51 
89 29 
28 8 
157 51 
65 21 
86 28 
102 33 
133 43 
58 18 
45 14 
35 11 
115 37 
15 4 
48 15 
124 40 
141 46 
6 1 
154 50 
137 45 
20 6 
32 10 
122 40 
8 2 
108 35 
81 26 
106 34 
76 24 
36 11 
44 14 
14 4 
129 42 
23 7 
105 34 
74 24 
149 49 
40 12 
125 41 
46 14 
56 18 
145 47 
113 37 
147 48 
39 12 
31 9 
82 26 
18 5 
47 15 
142 46 
161 53 
69 22 
118 38 
165 54 
71 23 
63 20 
53 17 
79 25 
158 52 
103 33 
66 21 
151 49 
117 38 
167 55 
95 31 
55 17 
67 21 
160 52 
59 19 
164 54 
4 0 
109 35 
162 53 
12 3 
139 45 
101 33 
70 22 
132 43 
128 42 
134 44 
50 16 
33 10 
62 20 
42 13 
29 9 
52 16 
146 48 
61 19 
96 31 
34 10 
21 6 
10 2 
41 13 
5 1 
111 36 
83 27 
38 12 
120 39 
90 29 
131 43 
110 36 
9 2 
3 0 
152 50 
97 31 
37 11 
148 48 
72 23 
127 41 
100 32 
153 50 
49 15 
150 49 
