122 20
85 27 
110 36 
3 0 
5 1 
115 37 
118 38 
49 15 
117 38 
93 30 
97 31 
103 33 
81 26 
123 40 
114 37 
120 39 
88 28 
95 31 
99 32 
72 23 
122 40 
66 21 
54 17 
7 1 
84 27 
57 18 
62 20 
60 19 
102 33 
24 7 
6 1 
11 3 
101 33 
35 11 
14 4 
48 15 
83 27 
65 21 
30 9 
116 38 
80 26 
96 31 
25 7 
61 19 
28 8 
73 23 
119 39 
108 35 
10 2 
18 5 
59 19 
9 2 
86 28 
78 25 
43 13 
92 30 
113 37 
107 35 
52 16 
75 24 
37 11 
87 28 
77 25 
105 34 
111 36 
32 10 
67 21 
36 11 
8 2 
98 32 
82 26 
31 9 
45 14 
12 3 
47 15 
63 20 
90 29 
13 3 
124 40 
76 24 
19 5 
44 14 
112 36 
23 7 
79 25 
71 23 
53 17 
51 16 
33 10 
94 30 
109 35 
42 13 
69 22 
74 24 
121 39 
29 9 
17 5 
104 34 
20 6 
55 17 
21 6 
16 4 
58 18 
91 29 
22 6 
40 12 
39 12 
26 8 
38 12 
56 18 
70 22 
89 29 
64 20 
106 34 
15 4 
46 14 
50 16 
100 32 
27 8 
34 10 
4 0 
68 22 
41 13 
