147 24
64 20 
21 6 
90 29 
58 18 
117 38 
133 43 
104 34 
48 15 
56 18 
114 37 
125 41 
76 24 
130 42 
35 11 
105 34 
25 7 
15 4 
120 39 
118 38 
139 45 
72 23 
86 28 
33 10 
78 25 
111 36 
75 24 
27 8 
60 19 
143 47 
26 8 
3 0 
106 34 
137 45 
31 9 
49 15 
92 30 
44 14 
138 45 
83 27 
88 28 
19 5 
122 40 
82 26 
99 32 
11 3 
134 44 
103 33 
113 37 
57 18 
109 35 
29 9 
61 19 
116 38 
124 40 
16 4 
18 5 
39 12 
14 4 
38 12 
37 11 
50 16 
32 10 
100 32 
65 21 
54 17 
135 44 
115 37 
10 2 
63 20 
85 27 
148 48 
132 43 
12 3 
136 44 
30 9 
41 13 
43 13 
66 21 
34 10 
40 12 
107 35 
74 24 
80 26 
4 0 
91 29 
102 33 
70 22 
97 31 
81 26 
67 21 
131 43 
140 46 
96 31 
68 22 
59 19 
77 25 
69 22 
145 47 
6 1 
119 39 
9 2 
141 46 
142 46 
17 5 
127 41 
98 32 
94 30 
126 41 
71 23 
146 48 
147 48 
52 16 
36 11 
73 23 
8 2 
121 39 
22 6 
95 31 
62 20 
108 35 
24 7 
101 33 
20 6 
149 49 
47 15 
123 40 
42 13 
112 36 
45 14 
28 8 
23 7 
13 3 
84 27 
79 25 
93 30 
144 47 
129 42 
51 16 
128 42 
5 1 
46 14 
7 1 
53 17 
87 28 
55 17 
89 29 
110 36 
