169 28
75 24 
137 45 
74 24 
20 6 
31 9 
93 30 
157 51 
41 13 
57 18 
140 46 
99 32 
55 17 
113 37 
119 39 
156 51 
47 15 
8 2 
65 21 
96 31 
121 39 
12 3 
146 48 
68 22 
82 26 
88 28 
4 0 
13 3 
123 40 
79 25 
125 41 
49 15 
9 2 
155 51 
170 56 
3 0 
44 14 
150 49 
100 32 
108 35 
144 47 
89 29 
52 16 
78 25 
26 8 
51 16 
147 48 
114 37 
105 34 
122 40 
134 44 
154 50 
103 33 
62 20 
77 25 
148 48 
102 33 
160 52 
112 36 
39 12 
34 10 
22 6 
166 54 
141 46 
16 4 
116 38 
159 52 
58 18 
117 38 
86 28 
94 30 
149 49 
28 8 
169 55 
64 20 
118 38 
115 37 
126 41 
6 1 
145 47 
70 22 
92 30 
143 47 
73 23 
163 53 
10 2 
24 7 
81 26 
90 29 
151 49 
91 29 
5 1 
152 50 
69 22 
132 43 
59 19 
45 14 
53 17 
30 9 
130 42 
139 45 
128 42 
66 21 
87 28 
106 34 
29 9 
153 50 
33 10 
85 27 
27 8 
111 36 
38 12 
15 4 
37 11 
56 18 
171 56 
25 7 
35 11 
17 5 
133 43 
54 17 
161 53 
120 39 
67 21 
110 36 
72 23 
76 24 
46 14 
162 53 
142 46 
71 23 
23 7 
109 35 
168 55 
7 1 
61 19 
97 31 
32 10 
129 42 
83 27 
40 12 
84 27 
135 44 
60 19 
164 54 
18 5 
104 34 
43 13 
48 15 
158 52 
95 31 
136 44 
80 26 
165 54 
36 11 
107 35 
21 6 
138 45 
127 41 
98 32 
124 40 
50 16 
19 5 
167 55 
11 3 
14 4 
131 43 
63 20 
42 13 
101 33 
