160 26
11 3 
80 26 
134 44 
130 42 
161 53 
105 34 
93 30 
8 2 
122 40 
143 47 
51 16 
19 5 
132 43 
138 45 
154 50 
54 17 
83 27 
159 52 
49 15 
110 36 
142 46 
147 48 
60 19 
52 16 
50 16 
116 38 
88 28 
26 8 
89 29 
100 32 
106 34 
155 51 
67 21 
66 21 
65 21 
119 39 
53 17 
124 40 
14 4 
84 27 
76 24 
69 22 
120 39 
115 37 
61 19 
72 23 
117 38 
74 24 
13 3 
150 49 
81 26 
102 33 
127 41 
36 11 
63 20 
31 9 
5 1 
28 8 
85 27 
10 2 
149 49 
62 20 
7 1 
91 29 
160 52 
148 48 
24 7 
90 29 
126 41 
151 49 
45 14 
48 15 
157 51 
58 18 
140 46 
78 25 
47 15 
9 2 
57 18 
133 43 
59 19 
46 14 
32 10 
64 20 
71 23 
15 4 
114 37 
103 33 
144 47 
34 10 
136 44 
25 7 
87 28 
94 30 
41 13 
112 36 
75 24 
108 35 
128 42 
152 50 
70 22 
3 0 
125 41 
42 13 
107 35 
146 48 
40 12 
17 5 
123 40 
79 25 
131 43 
38 12 
29 9 
109 35 
141 46 
77 25 
153 50 
4 0 
21 6 
6 1 
44 14 
97 31 
39 12 
135 44 
96 31 
145 47 
113 37 
56 18 
12 3 
82 26 
68 22 
139 45 
33 10 
129 42 
86 28 
95 31 
111 36 
137 45 
73 23 
30 9 
104 34 
20 6 
118 38 
101 33 
92 30 
37 11 
43 13 
162 53 
99 32 
35 11 
158 52 
55 17 
16 4 
98 32 
121 39 
23 7 
156 51 
27 8 
22 6 
18 5 
