98 16
19 5 
40 12 
38 12 
34 10 
78 25 
37 11 
59 19 
47 15 
79 25 
58 18 
39 12 
93 30 
68 22 
21 6 
18 5 
43 13 
31 9 
88 28 
75 24 
35 11 
87 28 
52 16 
61 19 
44 14 
72 23 
92 30 
15 4 
11 3 
7 1 
66 21 
57 18 
33 10 
85 27 
64 20 
74 24 
42 13 
41 13 
30 9 
96 31 
36 11 
55 17 
99 32 
97 31 
56 18 
51 16 
6 1 
28 8 
94 30 
76 24 
77 25 
70 22 
48 15 
90 29 
22 6 
23 7 
29 9 
16 4 
12 3 
49 15 
84 27 
9 2 
8 2 
25 7 
24 7 
50 16 
54 17 
14 4 
65 21 
63 20 
67 21 
13 3 
69 22 
80 26 
17 5 
62 20 
27 8 
100 32 
45 14 
82 26 
4 0 
5 1 
73 23 
98 32 
71 23 
60 19 
32 10 
20 6 
53 17 
46 14 
89 29 
91 29 
86 28 
83 27 
10 2 
3 0 
95 31 
26 8 
81 26 
