146 24
104 34 
101 33 
19 5 
67 21 
130 42 
138 45 
50 16 
97 31 
10 2 
31 9 
107 35 
13 3 
129 42 
66 21 
49 15 
43 13 
55 17 
117 38 
11 3 
6 1 
69 22 
76 24 
102 33 
16 4 
33 10 
136 44 
79 25 
93 30 
28 8 
132 43 
17 5 
75 24 
121 39 
73 23 
91 29 
21 6 
61 19 
45 14 
74 24 
89 29 
146 48 
95 31 
46 14 
35 11 
7 1 
65 21 
8 2 
20 6 
142 46 
26 8 
23 7 
86 28 
58 18 
72 23 
36 11 
137 45 
126 41 
70 22 
108 35 
32 10 
139 45 
62 20 
118 38 
145 47 
34 10 
100 32 
111 36 
133 43 
87 28 
119 39 
39 12 
48 15 
109 35 
115 37 
85 27 
125 41 
99 32 
52 16 
120 39 
77 25 
25 7 
98 32 
148 48 
113 37 
127 41 
94 30 
88 28 
103 33 
56 18 
140 46 
122 40 
3 0 
53 17 
106 34 
47 15 
81 26 
124 40 
144 47 
30 9 
141 46 
57 18 
15 4 
41 13 
24 7 
105 34 
63 20 
134 44 
143 47 
42 13 
9 2 
123 40 
44 14 
147 48 
29 9 
59 19 
4 0 
38 12 
60 19 
78 25 
64 20 
22 6 
80 26 
14 4 
12 3 
116 38 
5 1 
112 36 
131 43 
84 27 
92 30 
54 17 
71 23 
37 11 
68 22 
82 26 
40 12 
128 42 
135 44 
90 29 
83 27 
96 31 
18 5 
110 36 
51 16 
114 37 
27 8 
