137 22
5 1 
90 29 
33 10 
117 38 
23 7 
127 41 
65 21 
70 22 
56 18 
126 41 
82 26 
21 6 
28 8 
95 31 
109 35 
13 3 
92 30 
67 21 
88 28 
111 36 
48 15 
94 30 
45 14 
26 8 
41 13 
61 19 
19 5 
24 7 
63 20 
91 29 
124 40 
44 14 
96 31 
100 32 
104 34 
40 12 
4 0 
27 8 
16 4 
57 18 
77 25 
97 31 
35 11 
38 12 
102 33 
62 20 
68 22 
114 37 
42 13 
18 5 
43 13 
73 23 
103 33 
31 9 
76 24 
34 10 
107 35 
135 44 
86 28 
130 42 
99 32 
8 2 
50 16 
69 22 
116 38 
132 43 
139 45 
52 16 
120 39 
133 43 
106 34 
129 42 
39 12 
131 43 
60 19 
17 5 
83 27 
115 37 
138 45 
54 17 
9 2 
30 9 
12 3 
74 24 
112 36 
123 40 
66 21 
93 30 
119 39 
136 44 
89 29 
37 11 
64 20 
29 9 
84 27 
14 4 
78 25 
75 24 
11 3 
59 19 
53 17 
118 38 
55 17 
125 41 
10 2 
32 10 
87 28 
47 15 
110 36 
85 27 
15 4 
105 34 
80 26 
113 37 
7 1 
81 26 
36 11 
72 23 
22 6 
128 42 
137 45 
71 23 
51 16 
121 39 
134 44 
122 40 
79 25 
6 1 
46 14 
101 33 
98 32 
58 18 
25 7 
108 35 
3 0 
20 6 
49 15 
