107 17
78 25 
48 15 
51 16 
40 12 
20 6 
95 31 
68 22 
105 34 
75 24 
31 9 
35 11 
65 21 
76 24 
70 22 
25 7 
53 17 
83 27 
97 31 
49 15 
41 13 
13 3 
69 22 
32 10 
89 29 
29 9 
62 20 
94 30 
37 11 
92 30 
22 6 
47 15 
39 12 
26 8 
23 7 
45 14 
81 26 
101 33 
7 1 
82 26 
14 4 
59 19 
63 20 
96 31 
34 10 
64 20 
24 7 
58 18 
5 1 
100 32 
42 13 
99 32 
86 28 
74 24 
73 23 
27 8 
17 5 
77 25 
44 14 
21 6 
55 17 
12 3 
106 34 
36 11 
10 2 
18 5 
91 29 
50 16 
93 30 
16 4 
4 0 
3 0 
84 27 
88 28 
107 35 
38 12 
54 17 
90 29 
19 5 
85 27 
66 21 
71 23 
6 1 
103 33 
98 32 
60 19 
33 10 
67 21 
61 19 
57 18 
80 26 
43 13 
87 28 
15 4 
28 8 
56 18 
52 16 
11 3 
8 2 
9 2 
108 35 
46 14 
102 33 
72 23 
104 34 
79 25 
109 35 
30 9 
