173 28
16 4 
22 6 
48 15 
5 1 
160 52 
122 40 
100 32 
95 31 
27 8 
158 52 
25 7 
142 46 
109 35 
135 44 
153 50 
89 29 
35 11 
44 14 
156 51 
38 12 
145 47 
82 26 
113 37 
47 15 
67 21 
88 28 
174 57 
3 0 
31 9 
64 20 
83 27 
78 25 
76 24 
29 9 
141 46 
12 3 
65 21 
111 36 
132 43 
171 56 
126 41 
130 42 
32 10 
167 55 
106 34 
21 6 
127 41 
123 40 
150 49 
116 38 
4 0 
170 56 
97 31 
164 54 
7 1 
46 14 
68 22 
45 14 
71 23 
129 42 
175 57 
19 5 
57 18 
101 33 
165 54 
140 46 
112 36 
110 36 
85 27 
120 39 
118 38 
124 40 
93 30 
115 37 
6 1 
24 7 
56 18 
102 33 
51 16 
134 44 
13 3 
163 53 
169 55 
26 8 
86 28 
62 20 
139 45 
121 39 
173 57 
92 30 
54 17 
28 8 
98 32 
84 27 
131 43 
99 32 
133 43 
49 15 
14 4 
87 28 
161 53 
94 30 
59 19 
37 11 
42 13 
159 52 
74 24 
75 24 
77 25 
23 7 
146 48 
154 50 
143 47 
96 31 
70 22 
104 34 
80 26 
66 21 
91 29 
11 3 
125 41 
58 18 
39 12 
108 35 
8 2 
15 4 
136 44 
9 2 
34 10 
53 17 
90 29 
10 2 
69 22 
103 33 
114 37 
172 56 
155 51 
55 17 
144 47 
63 20 
137 45 
40 12 
60 19 
151 49 
52 16 
148 48 
107 35 
17 5 
162 53 
43 13 
36 11 
128 42 
61 19 
81 26 
41 13 
119 39 
105 34 
20 6 
168 55 
149 49 
152 50 
73 23 
18 5 
33 10 
72 23 
147 48 
157 51 
79 25 
166 54 
117 38 
138 45 
30 9 
50 16 
