128 21
122 40 
35 11 
115 37 
83 27 
68 22 
4 0 
93 30 
14 4 
107 35 
46 14 
59 19 
65 21 
60 19 
88 28 
24 7 
20 6 
98 32 
63 20 
13 3 
114 37 
12 3 
43 13 
45 14 
52 16 
119 39 
56 18 
81 26 
22 6 
121 39 
9 2 
71 23 
94 30 
3 0 
66 21 
100 32 
123 40 
74 24 
108 35 
78 25 
62 20 
92 30 
25 7 
117 38 
37 11 
42 13 
111 36 
50 16 
73 23 
130 42 
6 1 
30 9 
15 4 
5 1 
48 15 
104 34 
54 17 
96 31 
90 29 
28 8 
125 41 
79 25 
110 36 
58 18 
55 17 
38 12 
64 20 
57 18 
112 36 
105 34 
113 37 
129 42 
75 24 
95 31 
102 33 
99 32 
21 6 
36 11 
61 19 
91 29 
32 10 
120 39 
51 16 
47 15 
19 5 
70 22 
87 28 
8 2 
126 41 
77 25 
76 24 
124 40 
116 38 
67 21 
29 9 
34 10 
89 29 
27 8 
11 3 
106 34 
23 7 
118 38 
44 14 
10 2 
72 23 
69 22 
127 41 
109 35 
49 15 
103 33 
17 5 
101 33 
84 27 
31 9 
18 5 
26 8 
16 4 
128 42 
40 12 
97 31 
33 10 
39 12 
7 1 
85 27 
41 13 
86 28 
82 26 
53 17 
80 26 
