198 33
195 64 
91 29 
42 13 
123 40 
198 65 
48 15 
180 59 
69 22 
112 36 
102 33 
189 62 
151 49 
77 25 
185 61 
196 64 
12 3 
135 44 
116 38 
88 28 
111 36 
61 19 
26 8 
178 58 
39 12 
66 21 
149 49 
147 48 
166 54 
10 2 
46 14 
72 23 
20 6 
158 52 
54 17 
168 55 
137 45 
23 7 
163 53 
162 53 
14 4 
68 22 
140 46 
109 35 
107 35 
99 32 
47 15 
76 24 
80 26 
100 32 
83 27 
156 51 
90 29 
159 52 
58 18 
125 41 
115 37 
188 62 
128 42 
62 20 
6 1 
67 21 
172 56 
131 43 
85 27 
9 2 
35 11 
75 24 
179 59 
49 15 
44 14 
133 43 
130 42 
60 19 
108 35 
81 26 
16 4 
71 23 
144 47 
29 9 
64 20 
7 1 
173 57 
139 45 
150 49 
175 57 
52 16 
105 34 
37 11 
157 51 
200 66 
36 11 
65 21 
13 3 
121 39 
126 41 
118 38 
63 20 
34 10 
84 27 
153 50 
134 44 
25 7 
164 54 
154 50 
113 37 
114 37 
165 54 
142 46 
78 25 
96 31 
170 56 
143 47 
197 65 
73 23 
56 18 
19 5 
110 36 
183 60 
199 65 
184 60 
24 7 
146 48 
167 55 
174 57 
120 39 
119 39 
136 44 
182 60 
152 50 
181 59 
4 0 
18 5 
15 4 
148 48 
190 62 
50 16 
51 16 
22 6 
160 52 
138 45 
32 10 
92 30 
194 64 
127 41 
82 26 
169 55 
95 31 
70 22 
27 8 
93 30 
86 28 
94 30 
122 40 
129 42 
38 12 
155 51 
97 31 
21 6 
59 19 
192 63 
74 24 
132 43 
104 34 
106 34 
17 5 
87 28 
145 47 
8 2 
30 9 
31 9 
124 40 
193 63 
176 58 
101 33 
57 18 
43 13 
89 29 
3 0 
11 3 
171 56 
45 14 
103 33 
187 61 
41 13 
117 38 
177 58 
53 17 
79 25 
186 61 
191 63 
28 8 
141 46 
40 12 
98 32 
161 53 
55 17 
5 1 
33 10 
