183 30
41 12 
47 14 
18 5 
92 29 
74 23 
151 49 
157 51 
39 12 
5 0 
163 53 
23 6 
158 51 
183 60 
111 36 
90 29 
126 41 
107 34 
110 35 
52 16 
40 12 
79 25 
153 50 
71 22 
17 4 
127 41 
102 33 
11 2 
57 18 
98 31 
10 2 
37 11 
80 25 
60 19 
168 55 
83 26 
181 59 
14 3 
32 9 
73 23 
101 32 
136 44 
155 50 
147 48 
27 8 
65 20 
16 4 
61 19 
112 36 
19 5 
95 30 
42 13 
29 8 
33 10 
20 5 
91 29 
38 11 
25 7 
184 60 
134 43 
164 53 
131 42 
50 15 
185 60 
173 56 
144 47 
117 38 
81 26 
140 45 
49 15 
24 7 
146 47 
170 55 
128 41 
45 14 
6 1 
174 57 
176 57 
9 2 
100 32 
148 48 
78 25 
125 40 
122 39 
132 43 
36 11 
169 55 
141 46 
58 18 
12 3 
93 30 
59 18 
3 0 
46 14 
51 16 
171 56 
154 50 
156 51 
109 35 
149 48 
55 17 
13 3 
113 36 
182 59 
142 46 
106 34 
118 38 
121 39 
152 49 
28 8 
104 33 
75 24 
96 31 
54 17 
68 21 
129 42 
70 22 
87 28 
7 1 
135 44 
162 53 
84 27 
175 57 
166 54 
159 52 
161 52 
76 24 
97 31 
21 6 
67 21 
133 43 
53 16 
56 17 
69 22 
177 58 
4 0 
8 1 
15 4 
85 27 
124 40 
66 21 
31 9 
179 58 
99 32 
64 20 
35 10 
139 45 
88 28 
30 9 
34 10 
145 47 
43 13 
48 15 
172 56 
72 23 
82 26 
116 37 
103 33 
180 59 
86 27 
63 20 
150 49 
114 37 
94 30 
137 44 
160 52 
44 13 
108 35 
105 34 
165 54 
62 19 
89 28 
130 42 
143 46 
22 6 
120 39 
115 37 
138 45 
123 40 
167 54 
178 58 
26 7 
119 38 
77 24 
