159 26
8 1 
128 41 
134 43 
158 51 
27 8 
103 33 
117 38 
20 5 
51 16 
108 35 
59 18 
3 0 
133 43 
37 11 
89 28 
46 14 
91 29 
66 21 
7 1 
105 34 
35 10 
92 29 
41 12 
161 52 
107 34 
21 6 
19 5 
110 35 
53 16 
122 39 
39 12 
93 30 
114 37 
116 37 
82 26 
87 28 
78 25 
132 43 
44 13 
71 22 
106 34 
48 15 
74 23 
125 40 
57 18 
36 11 
138 45 
34 10 
148 48 
13 3 
143 46 
153 50 
124 40 
81 26 
29 8 
127 41 
100 32 
140 45 
109 35 
121 39 
49 15 
24 7 
16 4 
98 31 
23 6 
12 3 
14 3 
77 24 
4 0 
88 28 
115 37 
58 18 
28 8 
120 39 
43 13 
119 38 
123 40 
62 19 
63 20 
38 11 
137 44 
79 25 
64 20 
147 48 
97 31 
56 17 
144 47 
72 23 
50 15 
45 14 
31 9 
9 2 
70 22 
47 14 
112 36 
130 42 
40 12 
22 6 
32 9 
145 47 
75 24 
149 48 
65 20 
95 30 
67 21 
99 32 
10 2 
152 49 
68 21 
54 17 
17 4 
160 52 
94 30 
90 29 
142 46 
111 36 
86 27 
6 1 
150 49 
159 52 
73 23 
25 7 
11 2 
69 22 
139 45 
118 38 
60 19 
83 26 
156 51 
61 19 
76 24 
96 31 
80 25 
102 33 
18 5 
85 27 
104 33 
154 50 
42 13 
26 7 
33 10 
5 0 
146 47 
151 49 
113 36 
129 42 
141 46 
135 44 
157 51 
155 50 
131 42 
126 41 
55 17 
15 4 
101 32 
30 9 
52 16 
136 44 
84 27 
