174 29
124 40 
121 39 
89 29 
165 54 
122 40 
16 4 
73 23 
114 37 
99 32 
56 18 
47 15 
7 1 
112 36 
23 7 
148 48 
163 53 
86 28 
159 52 
87 28 
14 4 
108 35 
21 6 
150 49 
19 5 
46 14 
88 28 
156 51 
111 36 
162 53 
78 25 
142 46 
51 16 
74 24 
136 44 
152 50 
139 45 
132 43 
133 43 
62 20 
118 38 
36 11 
172 56 
27 8 
154 50 
30 9 
6 1 
113 37 
29 9 
38 12 
97 31 
10 2 
44 14 
32 10 
43 13 
144 47 
17 5 
116 38 
143 47 
101 33 
98 32 
54 17 
146 48 
102 33 
72 23 
131 43 
3 0 
115 37 
48 15 
166 54 
164 54 
94 30 
34 10 
175 57 
84 27 
41 13 
80 26 
96 31 
161 53 
24 7 
57 18 
85 27 
123 40 
103 33 
83 27 
9 2 
134 44 
90 29 
140 46 
49 15 
8 2 
71 23 
151 49 
64 20 
70 22 
169 55 
5 1 
22 6 
135 44 
174 57 
137 45 
176 58 
18 5 
147 48 
58 18 
155 51 
55 17 
52 16 
40 12 
170 56 
81 26 
39 12 
149 49 
65 21 
110 36 
138 45 
91 29 
92 30 
93 30 
120 39 
168 55 
12 3 
173 57 
37 11 
125 41 
35 11 
95 31 
141 46 
77 25 
128 42 
157 51 
13 3 
53 17 
76 24 
171 56 
75 24 
50 16 
42 13 
66 21 
109 35 
63 20 
82 26 
106 34 
129 42 
60 19 
45 14 
100 32 
68 22 
158 52 
4 0 
117 38 
20 6 
61 19 
33 10 
160 52 
167 55 
119 39 
25 7 
15 4 
105 34 
153 50 
79 25 
104 34 
127 41 
69 22 
11 3 
130 42 
145 47 
107 35 
31 9 
26 8 
28 8 
67 21 
126 41 
59 19 
