193 32
28 8 
24 7 
115 37 
157 51 
8 2 
148 48 
13 3 
61 19 
71 23 
26 8 
103 33 
77 25 
144 47 
154 50 
53 17 
143 47 
15 4 
63 20 
107 35 
95 31 
22 6 
19 5 
101 33 
164 54 
10 2 
14 4 
121 39 
133 43 
155 51 
80 26 
104 34 
83 27 
78 25 
11 3 
56 18 
139 45 
151 49 
190 62 
110 36 
84 27 
185 61 
50 16 
127 41 
60 19 
7 1 
193 63 
146 48 
149 49 
194 64 
106 34 
102 33 
189 62 
81 26 
168 55 
129 42 
171 56 
136 44 
108 35 
114 37 
124 40 
31 9 
131 43 
21 6 
180 59 
137 45 
85 27 
6 1 
173 57 
43 13 
39 12 
132 43 
182 60 
68 22 
66 21 
128 42 
125 41 
167 55 
37 11 
118 38 
86 28 
183 60 
16 4 
58 18 
181 59 
89 29 
156 51 
34 10 
117 38 
163 53 
135 44 
29 9 
170 56 
18 5 
88 28 
75 24 
23 7 
45 14 
49 15 
46 14 
94 30 
42 13 
147 48 
141 46 
82 26 
130 42 
47 15 
27 8 
87 28 
91 29 
116 38 
186 61 
122 40 
177 58 
5 1 
184 60 
76 24 
69 22 
17 5 
79 25 
33 10 
52 16 
40 12 
161 53 
159 52 
72 23 
105 34 
175 57 
41 13 
140 46 
158 52 
178 58 
35 11 
90 29 
191 63 
96 31 
38 12 
73 23 
57 18 
172 56 
134 44 
150 49 
54 17 
179 59 
62 20 
169 55 
97 31 
92 30 
165 54 
187 61 
55 17 
70 22 
174 57 
20 6 
32 10 
120 39 
112 36 
30 9 
51 16 
152 50 
142 46 
59 19 
9 2 
12 3 
145 47 
100 32 
119 39 
188 62 
36 11 
67 21 
99 32 
176 58 
93 30 
123 40 
98 32 
44 14 
192 63 
74 24 
65 21 
4 0 
109 35 
25 7 
64 20 
160 52 
166 54 
3 0 
111 36 
153 50 
138 45 
113 37 
195 64 
162 53 
126 41 
48 15 
