124 20
94 30 
91 29 
60 19 
26 8 
33 10 
11 3 
76 24 
5 1 
49 15 
71 23 
62 20 
121 39 
92 30 
6 1 
50 16 
41 13 
32 10 
108 35 
44 14 
31 9 
13 3 
16 4 
30 9 
102 33 
14 4 
9 2 
98 32 
57 18 
97 31 
89 29 
15 4 
116 38 
18 5 
114 37 
118 38 
68 22 
117 38 
3 0 
88 28 
101 33 
47 15 
17 5 
38 12 
59 19 
55 17 
36 11 
23 7 
73 23 
10 2 
120 39 
28 8 
43 13 
100 32 
123 40 
82 26 
103 33 
20 6 
87 28 
35 11 
67 21 
21 6 
58 18 
51 16 
111 36 
54 17 
125 41 
29 9 
25 7 
90 29 
37 11 
95 31 
86 28 
4 0 
77 25 
110 36 
112 36 
96 31 
122 40 
93 30 
119 39 
124 40 
106 34 
63 20 
7 1 
39 12 
81 26 
85 27 
115 37 
99 32 
72 23 
8 2 
19 5 
113 37 
64 20 
53 17 
45 14 
109 35 
104 34 
78 25 
79 25 
27 8 
126 41 
65 21 
105 34 
56 18 
42 13 
74 24 
70 22 
107 35 
80 26 
46 14 
52 16 
75 24 
69 22 
24 7 
66 21 
12 3 
83 27 
48 15 
22 6 
40 12 
61 19 
84 27 
34 10 
