190 31
57 18 
25 7 
139 45 
93 30 
11 3 
62 20 
22 6 
125 41 
77 25 
174 57 
16 4 
96 31 
14 4 
47 15 
181 59 
56 18 
147 48 
119 39 
3 0 
138 45 
9 2 
129 42 
176 58 
37 11 
21 6 
183 60 
141 46 
87 28 
7 1 
128 42 
107 35 
171 56 
169 55 
61 19 
103 33 
106 34 
190 62 
85 27 
19 5 
161 53 
185 61 
54 17 
105 34 
12 3 
167 55 
58 18 
13 3 
104 34 
44 14 
166 54 
75 24 
158 52 
4 0 
64 20 
59 19 
118 38 
172 56 
49 15 
137 45 
132 43 
41 13 
38 12 
71 23 
188 62 
116 38 
115 37 
42 13 
153 50 
164 54 
39 12 
134 44 
17 5 
99 32 
69 22 
146 48 
20 6 
133 43 
27 8 
110 36 
92 30 
72 23 
114 37 
117 38 
135 44 
94 30 
98 32 
155 51 
24 7 
131 43 
130 42 
101 33 
159 52 
63 20 
53 17 
168 55 
5 1 
178 58 
186 61 
126 41 
10 2 
187 61 
112 36 
191 63 
86 28 
179 59 
100 32 
157 51 
55 17 
184 60 
189 62 
163 53 
8 2 
140 46 
88 28 
35 11 
109 35 
40 12 
152 50 
170 56 
120 39 
6 1 
48 15 
154 50 
89 29 
123 40 
121 39 
52 16 
82 26 
136 44 
36 11 
113 37 
83 27 
28 8 
70 22 
29 9 
124 40 
73 23 
165 54 
68 22 
144 47 
43 13 
78 25 
80 26 
90 29 
175 57 
173 57 
102 33 
76 24 
66 21 
143 47 
127 41 
33 10 
31 9 
95 31 
30 9 
34 10 
150 49 
51 16 
15 4 
46 14 
160 52 
60 19 
145 47 
162 53 
151 49 
84 27 
50 16 
91 29 
149 49 
81 26 
74 24 
108 35 
111 36 
97 31 
156 51 
45 14 
142 46 
23 7 
18 5 
182 60 
67 21 
65 21 
148 48 
32 10 
122 40 
26 8 
79 25 
177 58 
192 63 
180 59 
