93 15
77 24 
34 10 
50 15 
16 4 
13 3 
51 16 
64 20 
6 1 
28 8 
86 27 
56 17 
78 25 
66 21 
19 5 
55 17 
31 9 
85 27 
91 29 
35 10 
73 23 
67 21 
7 1 
36 11 
15 4 
59 18 
22 6 
20 5 
11 2 
54 17 
89 28 
5 0 
76 24 
61 19 
87 28 
30 9 
70 22 
37 11 
18 5 
12 3 
83 26 
40 12 
21 6 
32 9 
80 25 
90 29 
43 13 
47 14 
94 30 
60 19 
81 26 
46 14 
42 13 
9 2 
74 23 
84 27 
27 8 
57 18 
38 11 
14 3 
8 1 
58 18 
52 16 
17 4 
72 23 
79 25 
82 26 
23 6 
88 28 
69 22 
41 12 
10 2 
48 15 
39 12 
68 21 
62 19 
3 0 
26 7 
53 16 
63 20 
24 7 
71 22 
93 30 
29 8 
4 0 
45 14 
49 15 
33 10 
25 7 
95 30 
75 24 
44 13 
92 29 
65 20 
