134 22
77 25 
42 13 
81 26 
46 14 
11 3 
96 31 
62 20 
64 20 
38 12 
28 8 
87 28 
94 30 
5 1 
6 1 
50 16 
39 12 
16 4 
80 26 
113 37 
71 23 
76 24 
79 25 
90 29 
52 16 
59 19 
13 3 
32 10 
57 18 
93 30 
18 5 
130 42 
27 8 
33 10 
74 24 
4 0 
95 31 
70 22 
126 41 
72 23 
51 16 
102 33 
65 21 
54 17 
36 11 
63 20 
15 4 
121 39 
100 32 
97 31 
20 6 
48 15 
98 32 
45 14 
47 15 
67 21 
29 9 
69 22 
66 21 
17 5 
35 11 
41 13 
109 35 
106 34 
73 23 
114 37 
61 19 
53 17 
88 28 
21 6 
115 37 
91 29 
105 34 
8 2 
34 10 
116 38 
117 38 
24 7 
85 27 
60 19 
132 43 
99 32 
123 40 
7 1 
25 7 
92 30 
12 3 
110 36 
134 44 
30 9 
56 18 
136 44 
58 18 
122 40 
82 26 
104 34 
86 28 
43 13 
55 17 
131 43 
108 35 
107 35 
31 9 
26 8 
124 40 
14 4 
89 29 
103 33 
125 41 
75 24 
78 25 
49 15 
10 2 
101 33 
127 41 
3 0 
133 43 
120 39 
44 14 
135 44 
40 12 
83 27 
23 7 
84 27 
111 36 
68 22 
37 11 
112 36 
128 42 
119 39 
19 5 
129 42 
22 6 
118 38 
9 2 
