175 29
100 32 
63 20 
72 23 
53 17 
47 15 
7 1 
51 16 
5 1 
164 54 
130 42 
58 18 
86 28 
173 57 
123 40 
42 13 
114 37 
84 27 
64 20 
172 56 
68 22 
128 42 
40 12 
24 7 
49 15 
161 53 
167 55 
177 58 
10 2 
88 28 
131 43 
150 49 
3 0 
152 50 
62 20 
78 25 
110 36 
101 33 
125 41 
71 23 
96 31 
106 34 
176 58 
92 30 
127 41 
75 24 
147 48 
14 4 
19 5 
121 39 
79 25 
174 57 
55 17 
122 40 
171 56 
57 18 
98 32 
156 51 
70 22 
33 10 
52 16 
61 19 
77 25 
140 46 
138 45 
25 7 
93 30 
129 42 
155 51 
26 8 
21 6 
39 12 
135 44 
116 38 
46 14 
151 49 
136 44 
117 38 
160 52 
35 11 
105 34 
126 41 
4 0 
163 53 
139 45 
36 11 
48 15 
154 50 
149 49 
18 5 
38 12 
69 22 
16 4 
95 31 
115 37 
85 27 
66 21 
137 45 
34 10 
159 52 
99 32 
118 38 
109 35 
111 36 
102 33 
169 55 
170 56 
97 31 
80 26 
113 37 
146 48 
132 43 
144 47 
20 6 
22 6 
67 21 
30 9 
165 54 
134 44 
81 26 
108 35 
65 21 
56 18 
27 8 
107 35 
158 52 
89 29 
59 19 
157 51 
83 27 
112 36 
15 4 
23 7 
94 30 
44 14 
9 2 
43 13 
11 3 
45 14 
82 26 
162 53 
87 28 
13 3 
8 2 
166 54 
119 39 
12 3 
76 24 
175 57 
60 19 
120 39 
142 46 
168 55 
148 48 
28 8 
37 11 
124 40 
29 9 
133 43 
103 33 
104 34 
32 10 
153 50 
141 46 
54 17 
6 1 
90 29 
91 29 
50 16 
73 23 
17 5 
74 24 
41 13 
143 47 
145 47 
31 9 
