112 18
11 3 
61 19 
110 36 
26 8 
98 32 
76 24 
81 26 
74 24 
47 15 
38 12 
6 1 
5 1 
40 12 
10 2 
33 10 
105 34 
65 21 
113 37 
67 21 
44 14 
8 2 
25 7 
64 20 
50 16 
17 5 
49 15 
100 32 
27 8 
91 29 
82 26 
96 31 
57 18 
46 14 
62 20 
9 2 
101 33 
37 11 
103 33 
60 19 
68 22 
102 33 
109 35 
56 18 
73 23 
106 34 
108 35 
19 5 
12 3 
69 22 
63 20 
93 30 
95 31 
23 7 
13 3 
36 11 
16 4 
89 29 
41 13 
99 32 
52 16 
90 29 
4 0 
20 6 
88 28 
84 27 
75 24 
104 34 
3 0 
59 19 
66 21 
22 6 
45 14 
55 17 
42 13 
21 6 
114 37 
94 30 
80 26 
107 35 
111 36 
54 17 
14 4 
34 10 
28 8 
7 1 
78 25 
85 27 
83 27 
53 17 
97 31 
29 9 
87 28 
71 23 
92 30 
51 16 
24 7 
86 28 
72 23 
79 25 
15 4 
31 9 
32 10 
70 22 
18 5 
112 36 
48 15 
35 11 
30 9 
43 13 
58 18 
77 25 
39 12 
