163 27
59 19 
138 45 
13 3 
3 0 
30 9 
72 23 
128 42 
40 12 
105 34 
58 18 
66 21 
56 18 
71 23 
143 47 
119 39 
4 0 
92 30 
139 45 
23 7 
110 36 
130 42 
87 28 
165 54 
61 19 
95 31 
84 27 
5 1 
46 14 
17 5 
164 54 
120 39 
150 49 
123 40 
53 17 
38 12 
97 31 
153 50 
43 13 
100 32 
113 37 
10 2 
160 52 
79 25 
34 10 
86 28 
147 48 
36 11 
121 39 
75 24 
156 51 
106 34 
78 25 
134 44 
122 40 
140 46 
21 6 
145 47 
24 7 
32 10 
52 16 
94 30 
125 41 
96 31 
18 5 
20 6 
112 36 
42 13 
69 22 
136 44 
48 15 
47 15 
115 37 
50 16 
93 30 
129 42 
67 21 
15 4 
28 8 
70 22 
117 38 
151 49 
101 33 
144 47 
9 2 
33 10 
45 14 
37 11 
163 53 
135 44 
89 29 
103 33 
126 41 
146 48 
22 6 
90 29 
65 21 
77 25 
108 35 
11 3 
159 52 
158 52 
25 7 
29 9 
44 14 
161 53 
141 46 
49 15 
88 28 
149 49 
99 32 
41 13 
55 17 
85 27 
107 35 
64 20 
152 50 
98 32 
68 22 
127 41 
131 43 
14 4 
124 40 
63 20 
7 1 
73 23 
16 4 
104 34 
60 19 
109 35 
142 46 
111 36 
155 51 
154 50 
35 11 
82 26 
27 8 
31 9 
19 5 
8 2 
81 26 
157 51 
114 37 
162 53 
51 16 
137 45 
133 43 
132 43 
74 24 
26 8 
102 33 
83 27 
80 26 
39 12 
62 20 
54 17 
76 24 
57 18 
6 1 
148 48 
118 38 
91 29 
12 3 
116 38 
