114 18
75 24 
101 32 
65 20 
104 33 
100 32 
90 29 
86 27 
8 1 
40 12 
31 9 
11 2 
23 6 
34 10 
27 8 
43 13 
114 37 
112 36 
82 26 
53 16 
47 14 
26 7 
102 33 
115 37 
91 29 
105 34 
50 15 
85 27 
12 3 
33 10 
67 21 
73 23 
79 25 
88 28 
71 22 
55 17 
63 20 
72 23 
44 13 
78 25 
92 29 
69 22 
95 30 
103 33 
28 8 
20 5 
15 4 
76 24 
13 3 
58 18 
68 21 
111 36 
116 37 
107 34 
80 25 
52 16 
108 35 
17 4 
39 12 
14 3 
10 2 
56 17 
36 11 
93 30 
7 1 
41 12 
74 23 
64 20 
46 14 
59 18 
6 1 
49 15 
89 28 
32 9 
3 0 
9 2 
110 35 
38 11 
81 26 
106 34 
99 32 
45 14 
98 31 
42 13 
37 11 
21 6 
51 16 
84 27 
4 0 
77 24 
29 8 
97 31 
19 5 
62 19 
25 7 
48 15 
24 7 
54 17 
83 26 
35 10 
87 28 
60 19 
113 36 
61 19 
16 4 
70 22 
94 30 
30 9 
18 5 
66 21 
57 18 
5 0 
22 6 
109 35 
96 31 
