158 26
129 42 
137 45 
90 29 
147 48 
99 32 
10 2 
120 39 
58 18 
45 14 
65 21 
110 36 
96 31 
60 19 
88 28 
150 49 
74 24 
62 20 
126 41 
37 11 
55 17 
40 12 
34 10 
80 26 
61 19 
3 0 
28 8 
153 50 
52 16 
43 13 
73 23 
85 27 
72 23 
146 48 
135 44 
145 47 
158 52 
138 45 
152 50 
50 16 
140 46 
69 22 
105 34 
75 24 
100 32 
81 26 
98 32 
127 41 
125 41 
130 42 
11 3 
36 11 
143 47 
68 22 
122 40 
76 24 
136 44 
116 38 
35 11 
51 16 
84 27 
134 44 
39 12 
13 3 
66 21 
54 17 
42 13 
63 20 
93 30 
44 14 
114 37 
9 2 
12 3 
148 48 
151 49 
118 38 
33 10 
27 8 
92 30 
160 52 
22 6 
133 43 
25 7 
59 19 
67 21 
104 34 
71 23 
16 4 
32 10 
49 15 
7 1 
56 18 
23 7 
89 29 
47 15 
101 33 
155 51 
128 42 
21 6 
113 37 
94 30 
31 9 
26 8 
115 37 
87 28 
117 38 
86 28 
29 9 
106 34 
112 36 
157 51 
154 50 
103 33 
8 2 
38 12 
121 39 
15 4 
82 26 
139 45 
144 47 
132 43 
24 7 
53 17 
97 31 
102 33 
123 40 
14 4 
107 35 
5 1 
77 25 
64 20 
19 5 
6 1 
131 43 
124 40 
109 35 
95 31 
4 0 
159 52 
46 14 
17 5 
156 51 
149 49 
111 36 
142 46 
18 5 
83 27 
91 29 
41 13 
141 46 
20 6 
30 9 
70 22 
79 25 
48 15 
119 39 
108 35 
57 18 
78 25 
