189 31
35 10 
54 17 
42 13 
151 49 
108 35 
167 54 
174 57 
66 21 
106 34 
73 23 
31 9 
92 29 
154 50 
191 62 
17 4 
103 33 
132 43 
18 5 
175 57 
137 44 
25 7 
145 47 
129 42 
30 9 
173 56 
88 28 
128 41 
185 60 
22 6 
110 35 
77 24 
153 50 
75 24 
9 2 
149 48 
82 26 
119 38 
179 58 
178 58 
148 48 
58 18 
125 40 
113 36 
190 62 
166 54 
8 1 
118 38 
120 39 
161 52 
180 59 
57 18 
80 25 
74 23 
13 3 
81 26 
19 5 
183 60 
127 41 
40 12 
43 13 
187 61 
155 50 
15 4 
48 15 
142 46 
69 22 
23 6 
140 45 
93 30 
168 55 
59 18 
126 41 
171 56 
112 36 
109 35 
5 0 
28 8 
68 21 
102 33 
34 10 
52 16 
123 40 
184 60 
117 38 
158 51 
56 17 
60 19 
6 1 
98 31 
38 11 
39 12 
170 55 
157 51 
29 8 
14 3 
177 58 
85 27 
44 13 
3 0 
95 30 
4 0 
37 11 
162 53 
64 20 
152 49 
131 42 
36 11 
71 22 
76 24 
94 30 
189 62 
134 43 
181 59 
100 32 
96 31 
136 44 
188 61 
72 23 
70 22 
16 4 
159 52 
27 8 
90 29 
67 21 
133 43 
124 40 
83 26 
53 16 
10 2 
147 48 
97 31 
176 57 
79 25 
163 53 
45 14 
105 34 
61 19 
89 28 
160 52 
41 12 
150 49 
12 3 
144 47 
50 15 
116 37 
78 25 
141 46 
169 55 
24 7 
143 46 
63 20 
107 34 
55 17 
99 32 
47 14 
135 44 
138 45 
111 36 
46 14 
32 9 
33 10 
84 27 
91 29 
65 20 
104 33 
115 37 
26 7 
186 61 
87 28 
7 1 
130 42 
49 15 
86 27 
165 54 
164 53 
122 39 
20 5 
51 16 
139 45 
11 2 
156 51 
101 32 
62 19 
172 56 
182 59 
121 39 
114 37 
21 6 
146 47 
