116 19
108 35 
6 1 
74 23 
32 9 
27 8 
35 10 
37 11 
62 19 
104 33 
115 37 
113 36 
59 18 
85 27 
44 13 
114 37 
38 11 
103 33 
116 37 
31 9 
24 7 
7 1 
73 23 
84 27 
52 16 
58 18 
66 21 
49 15 
72 23 
106 34 
102 33 
93 30 
79 25 
87 28 
18 5 
22 6 
69 22 
30 9 
54 17 
48 15 
83 26 
63 20 
51 16 
67 21 
64 20 
109 35 
13 3 
34 10 
15 4 
25 7 
76 24 
101 32 
26 7 
4 0 
99 32 
47 14 
92 29 
90 29 
112 36 
68 21 
111 36 
80 25 
21 6 
95 30 
94 30 
43 13 
97 31 
88 28 
3 0 
14 3 
61 19 
86 27 
117 38 
89 28 
71 22 
107 34 
57 18 
75 24 
23 6 
56 17 
39 12 
11 2 
45 14 
60 19 
36 11 
53 16 
17 4 
77 24 
19 5 
10 2 
12 3 
8 1 
33 10 
100 32 
9 2 
42 13 
105 34 
91 29 
78 25 
40 12 
16 4 
81 26 
65 20 
50 15 
28 8 
20 5 
96 31 
5 0 
118 38 
82 26 
70 22 
46 14 
110 35 
55 17 
29 8 
41 12 
98 31 
