111 18
67 21 
42 13 
80 26 
77 25 
71 23 
95 31 
26 8 
37 11 
57 18 
17 5 
46 14 
96 31 
14 4 
11 3 
113 37 
20 6 
38 12 
88 28 
84 27 
110 36 
5 1 
98 32 
19 5 
62 20 
82 26 
112 36 
24 7 
18 5 
12 3 
94 30 
99 32 
105 34 
106 34 
87 28 
73 23 
102 33 
8 2 
92 30 
86 28 
48 15 
34 10 
39 12 
93 30 
59 19 
69 22 
74 24 
83 27 
21 6 
104 34 
70 22 
45 14 
25 7 
85 27 
44 14 
91 29 
56 18 
76 24 
108 35 
7 1 
64 20 
90 29 
40 12 
50 16 
35 11 
41 13 
43 13 
109 35 
101 33 
49 15 
31 9 
54 17 
107 35 
100 32 
16 4 
30 9 
72 23 
15 4 
81 26 
75 24 
10 2 
13 3 
29 9 
60 19 
27 8 
103 33 
28 8 
89 29 
6 1 
58 18 
68 22 
23 7 
65 21 
66 21 
79 25 
51 16 
47 15 
32 10 
61 19 
53 17 
55 17 
9 2 
111 36 
52 16 
97 31 
63 20 
36 11 
33 10 
22 6 
3 0 
78 25 
4 0 
