105 17
90 29 
65 21 
62 20 
49 15 
37 11 
68 22 
92 30 
46 14 
25 7 
19 5 
10 2 
31 9 
23 7 
26 8 
70 22 
52 16 
89 29 
13 3 
28 8 
105 34 
57 18 
34 10 
87 28 
82 26 
15 4 
64 20 
32 10 
83 27 
93 30 
54 17 
71 23 
8 2 
76 24 
104 34 
16 4 
88 28 
91 29 
99 32 
58 18 
63 20 
39 12 
74 24 
56 18 
36 11 
12 3 
103 33 
47 15 
84 27 
48 15 
53 17 
59 19 
22 6 
44 14 
24 7 
29 9 
5 1 
85 27 
4 0 
78 25 
40 12 
75 24 
9 2 
69 22 
35 11 
79 25 
100 32 
50 16 
61 19 
11 3 
45 14 
42 13 
27 8 
51 16 
33 10 
55 17 
6 1 
106 34 
67 21 
66 21 
77 25 
94 30 
14 4 
80 26 
72 23 
86 28 
17 5 
102 33 
21 6 
95 31 
30 9 
81 26 
60 19 
3 0 
97 31 
98 32 
43 13 
41 13 
20 6 
101 33 
107 35 
73 23 
18 5 
38 12 
7 1 
96 31 
