77 12
26 8 
52 16 
57 18 
34 10 
28 8 
13 3 
54 17 
30 9 
51 16 
64 20 
18 5 
27 8 
20 6 
35 11 
66 21 
78 25 
49 15 
42 13 
59 19 
55 17 
24 7 
22 6 
46 14 
3 0 
47 15 
33 10 
12 3 
72 23 
48 15 
60 19 
32 10 
70 22 
8 2 
38 12 
40 12 
79 25 
21 6 
56 18 
16 4 
76 24 
63 20 
68 22 
69 22 
15 4 
67 21 
77 25 
75 24 
11 3 
31 9 
10 2 
58 18 
74 24 
36 11 
14 4 
41 13 
62 20 
53 17 
23 7 
6 1 
71 23 
44 14 
19 5 
5 1 
17 5 
25 7 
45 14 
43 13 
9 2 
37 11 
29 9 
73 23 
61 19 
7 1 
39 12 
50 16 
4 0 
65 21 
