192 32
156 51 
29 9 
184 60 
117 38 
27 8 
61 19 
172 56 
56 18 
81 26 
25 7 
149 49 
26 8 
191 63 
75 24 
54 17 
168 55 
171 56 
151 49 
193 63 
188 62 
93 30 
28 8 
143 47 
88 28 
49 15 
112 36 
134 44 
67 21 
104 34 
186 61 
31 9 
68 22 
44 14 
9 2 
139 45 
17 5 
133 43 
128 42 
86 28 
164 54 
14 4 
189 62 
161 53 
43 13 
150 49 
113 37 
148 48 
38 12 
169 55 
20 6 
90 29 
183 60 
15 4 
60 19 
11 3 
19 5 
192 63 
100 32 
109 35 
170 56 
116 38 
119 39 
132 43 
108 35 
13 3 
10 2 
7 1 
91 29 
77 25 
125 41 
141 46 
16 4 
72 23 
175 57 
101 33 
142 46 
79 25 
174 57 
24 7 
154 50 
48 15 
120 39 
160 52 
131 43 
58 18 
159 52 
153 50 
147 48 
166 54 
18 5 
23 7 
122 40 
145 47 
137 45 
36 11 
99 32 
69 22 
8 2 
115 37 
129 42 
42 13 
83 27 
126 41 
107 35 
4 0 
123 40 
66 21 
39 12 
63 20 
121 39 
124 40 
157 51 
47 15 
84 27 
40 12 
97 31 
110 36 
53 17 
74 24 
85 27 
111 36 
144 47 
180 59 
152 50 
32 10 
95 31 
94 30 
50 16 
37 11 
176 58 
41 13 
106 34 
130 42 
138 45 
33 10 
158 52 
89 29 
190 62 
78 25 
76 24 
12 3 
45 14 
167 55 
62 20 
102 33 
34 10 
185 61 
64 20 
162 53 
80 26 
73 23 
140 46 
5 1 
87 28 
127 41 
92 30 
177 58 
35 11 
178 58 
65 21 
71 23 
165 54 
135 44 
3 0 
163 53 
181 59 
21 6 
6 1 
146 48 
55 17 
173 57 
59 19 
51 16 
103 33 
179 59 
182 60 
98 32 
22 6 
194 64 
52 16 
187 61 
57 18 
114 37 
30 9 
105 34 
46 14 
70 22 
136 44 
96 31 
118 38 
155 51 
82 26 
