199 33
180 59 
71 23 
154 50 
45 14 
94 30 
31 9 
26 8 
86 28 
66 21 
146 48 
179 59 
187 61 
164 54 
197 65 
149 49 
177 58 
7 1 
163 53 
189 62 
77 25 
12 3 
103 33 
150 49 
33 10 
196 64 
195 64 
44 14 
35 11 
135 44 
72 23 
5 1 
52 16 
142 46 
101 33 
40 12 
60 19 
155 51 
53 17 
131 43 
143 47 
201 66 
188 62 
165 54 
73 23 
112 36 
8 2 
162 53 
133 43 
183 60 
144 47 
36 11 
169 55 
176 58 
178 58 
14 4 
81 26 
50 16 
193 63 
200 66 
184 60 
10 2 
18 5 
46 14 
88 28 
130 42 
105 34 
192 63 
166 54 
140 46 
67 21 
85 27 
161 53 
141 46 
32 10 
9 2 
111 36 
138 45 
107 35 
175 57 
119 39 
96 31 
69 22 
13 3 
78 25 
23 7 
167 55 
198 65 
136 44 
95 31 
68 22 
75 24 
109 35 
70 22 
97 31 
185 61 
24 7 
148 48 
127 41 
118 38 
25 7 
126 41 
128 42 
93 30 
42 13 
106 34 
117 38 
87 28 
49 15 
19 5 
120 39 
37 11 
29 9 
152 50 
156 51 
83 27 
91 29 
181 59 
159 52 
160 52 
3 0 
57 18 
74 24 
34 10 
30 9 
48 15 
99 32 
76 24 
62 20 
182 60 
38 12 
114 37 
108 35 
102 33 
89 29 
137 45 
124 40 
55 17 
172 56 
194 64 
147 48 
190 62 
158 52 
100 32 
58 18 
15 4 
121 39 
157 51 
173 57 
171 56 
170 56 
151 49 
82 26 
139 45 
90 29 
39 12 
92 30 
125 41 
132 43 
80 26 
4 0 
41 13 
28 8 
16 4 
145 47 
191 63 
199 65 
20 6 
56 18 
43 13 
186 61 
134 44 
11 3 
65 21 
98 32 
115 37 
64 20 
63 20 
47 15 
174 57 
110 36 
59 19 
84 27 
17 5 
153 50 
168 55 
51 16 
123 40 
22 6 
122 40 
129 42 
6 1 
21 6 
27 8 
113 37 
61 19 
54 17 
104 34 
116 38 
79 25 
