133 22
103 33 
80 26 
71 23 
131 43 
11 3 
104 34 
14 4 
75 24 
112 36 
28 8 
23 7 
5 1 
72 23 
94 30 
108 35 
117 38 
48 15 
125 41 
95 31 
10 2 
132 43 
123 40 
27 8 
122 40 
31 9 
76 24 
110 36 
29 9 
43 13 
30 9 
87 28 
114 37 
77 25 
81 26 
8 2 
121 39 
63 20 
99 32 
53 17 
15 4 
17 5 
74 24 
3 0 
90 29 
32 10 
111 36 
133 43 
56 18 
26 8 
88 28 
116 38 
128 42 
21 6 
37 11 
60 19 
33 10 
113 37 
73 23 
46 14 
83 27 
57 18 
118 38 
96 31 
66 21 
109 35 
107 35 
67 21 
93 30 
64 20 
69 22 
101 33 
18 5 
54 17 
58 18 
119 39 
41 13 
44 14 
6 1 
124 40 
22 6 
86 28 
9 2 
20 6 
78 25 
16 4 
134 44 
120 39 
79 25 
25 7 
91 29 
4 0 
38 12 
82 26 
85 27 
105 34 
115 37 
59 19 
39 12 
24 7 
106 34 
55 17 
97 31 
47 15 
13 3 
35 11 
61 19 
45 14 
89 29 
129 42 
34 10 
98 32 
126 41 
68 22 
51 16 
19 5 
135 44 
70 22 
127 41 
84 27 
7 1 
12 3 
40 12 
92 30 
36 11 
65 21 
52 16 
50 16 
42 13 
100 32 
130 42 
62 20 
49 15 
102 33 
