80 13
43 13 
52 16 
30 9 
27 8 
14 4 
74 24 
13 3 
5 1 
41 13 
16 4 
42 13 
44 14 
15 4 
78 25 
63 20 
32 10 
66 21 
73 23 
6 1 
53 17 
19 5 
50 16 
81 26 
64 20 
46 14 
70 22 
35 11 
20 6 
80 26 
21 6 
61 19 
23 7 
60 19 
4 0 
3 0 
62 20 
26 8 
28 8 
75 24 
9 2 
68 22 
8 2 
33 10 
34 10 
57 18 
67 21 
79 25 
18 5 
12 3 
17 5 
51 16 
49 15 
56 18 
69 22 
25 7 
72 23 
10 2 
59 19 
58 18 
39 12 
47 15 
71 23 
29 9 
77 25 
36 11 
82 26 
48 15 
24 7 
38 12 
31 9 
37 11 
45 14 
54 17 
76 24 
7 1 
65 21 
40 12 
55 17 
11 3 
22 6 
