94 15
78 25 
33 10 
65 20 
25 7 
16 4 
29 8 
66 21 
94 30 
75 24 
46 14 
47 14 
12 3 
35 10 
55 17 
58 18 
23 6 
73 23 
85 27 
24 7 
9 2 
34 10 
92 29 
10 2 
59 18 
70 22 
45 14 
64 20 
32 9 
28 8 
53 16 
71 22 
82 26 
91 29 
37 11 
19 5 
39 12 
13 3 
21 6 
52 16 
18 5 
68 21 
50 15 
76 24 
86 27 
11 2 
5 0 
36 11 
84 27 
57 18 
15 4 
79 25 
41 12 
43 13 
60 19 
56 17 
27 8 
62 19 
51 16 
77 24 
17 4 
7 1 
26 7 
95 30 
42 13 
81 26 
72 23 
90 29 
4 0 
6 1 
69 22 
3 0 
63 20 
49 15 
38 11 
14 3 
88 28 
74 23 
20 5 
40 12 
67 21 
83 26 
8 1 
93 30 
31 9 
48 15 
54 17 
22 6 
30 9 
80 25 
96 31 
61 19 
89 28 
44 13 
87 28 
