87 14
83 27 
13 3 
9 2 
11 3 
59 19 
72 23 
78 25 
56 18 
87 28 
45 14 
6 1 
39 12 
51 16 
36 11 
70 22 
27 8 
65 21 
49 15 
37 11 
66 21 
86 28 
42 13 
47 15 
80 26 
32 10 
44 14 
64 20 
25 7 
88 28 
89 29 
34 10 
50 16 
7 1 
4 0 
40 12 
22 6 
58 18 
29 9 
14 4 
85 27 
52 16 
63 20 
33 10 
10 2 
81 26 
21 6 
69 22 
19 5 
55 17 
30 9 
54 17 
38 12 
8 2 
16 4 
67 21 
3 0 
53 17 
77 25 
68 22 
12 3 
5 1 
61 19 
43 13 
31 9 
18 5 
48 15 
17 5 
74 24 
62 20 
79 25 
84 27 
41 13 
35 11 
57 18 
20 6 
76 24 
60 19 
82 26 
15 4 
46 14 
26 8 
73 23 
28 8 
75 24 
24 7 
23 7 
71 23 
