91 15
39 12 
87 28 
10 2 
73 23 
86 28 
76 24 
19 5 
48 15 
63 20 
27 8 
46 14 
82 26 
83 27 
88 28 
47 15 
16 4 
20 6 
44 14 
43 13 
7 1 
31 9 
8 2 
68 22 
30 9 
91 29 
53 17 
89 29 
54 17 
51 16 
38 12 
56 18 
84 27 
35 11 
74 24 
23 7 
90 29 
49 15 
75 24 
55 17 
59 19 
93 30 
26 8 
17 5 
61 19 
85 27 
42 13 
80 26 
40 12 
21 6 
25 7 
6 1 
67 21 
65 21 
34 10 
66 21 
36 11 
45 14 
5 1 
28 8 
64 20 
14 4 
33 10 
58 18 
78 25 
15 4 
12 3 
57 18 
62 20 
41 13 
77 25 
69 22 
11 3 
81 26 
4 0 
71 23 
37 11 
70 22 
3 0 
92 30 
52 16 
24 7 
22 6 
79 25 
9 2 
32 10 
29 9 
60 19 
50 16 
13 3 
72 23 
18 5 
