123 20
47 15 
61 19 
26 8 
103 33 
107 35 
41 13 
58 18 
10 2 
33 10 
124 40 
39 12 
57 18 
17 5 
52 16 
9 2 
66 21 
71 23 
92 30 
16 4 
65 21 
3 0 
113 37 
94 30 
97 31 
37 11 
76 24 
67 21 
29 9 
24 7 
49 15 
89 29 
95 31 
122 40 
73 23 
23 7 
19 5 
25 7 
28 8 
85 27 
109 35 
18 5 
84 27 
6 1 
111 36 
32 10 
77 25 
88 28 
102 33 
34 10 
60 19 
4 0 
98 32 
43 13 
117 38 
118 38 
105 34 
51 16 
83 27 
21 6 
79 25 
20 6 
8 2 
11 3 
78 25 
14 4 
110 36 
108 35 
68 22 
15 4 
45 14 
38 12 
53 17 
116 38 
46 14 
90 29 
104 34 
70 22 
82 26 
87 28 
120 39 
80 26 
5 1 
115 37 
119 39 
72 23 
42 13 
7 1 
62 20 
44 14 
56 18 
112 36 
54 17 
100 32 
35 11 
93 30 
86 28 
31 9 
96 31 
55 17 
101 33 
81 26 
123 40 
50 16 
125 41 
106 34 
36 11 
69 22 
74 24 
40 12 
91 29 
99 32 
59 19 
27 8 
30 9 
12 3 
63 20 
64 20 
75 24 
121 39 
22 6 
48 15 
114 37 
13 3 
