95 15
81 26 
13 3 
60 19 
95 31 
62 20 
97 31 
46 14 
45 14 
96 31 
64 20 
71 23 
66 21 
40 12 
88 28 
10 2 
65 21 
67 21 
24 7 
34 10 
85 27 
17 5 
44 14 
73 23 
31 9 
80 26 
77 25 
68 22 
50 16 
79 25 
87 28 
70 22 
75 24 
32 10 
19 5 
52 16 
53 17 
59 19 
21 6 
20 6 
29 9 
92 30 
37 11 
36 11 
12 3 
7 1 
90 29 
89 29 
14 4 
58 18 
84 27 
72 23 
74 24 
63 20 
54 17 
4 0 
83 27 
55 17 
51 16 
61 19 
42 13 
16 4 
47 15 
18 5 
9 2 
56 18 
22 6 
15 4 
57 18 
26 8 
25 7 
8 2 
76 24 
38 12 
23 7 
48 15 
86 28 
11 3 
33 10 
41 13 
69 22 
78 25 
28 8 
27 8 
94 30 
3 0 
39 12 
5 1 
91 29 
35 11 
49 15 
30 9 
43 13 
6 1 
93 30 
82 26 
