191 31
59 19 
141 46 
133 43 
174 57 
105 34 
181 59 
139 45 
140 46 
73 23 
143 47 
50 16 
144 47 
28 8 
92 30 
20 6 
97 31 
21 6 
66 21 
11 3 
166 54 
123 40 
184 60 
118 38 
5 1 
13 3 
137 45 
96 31 
134 44 
120 39 
37 11 
81 26 
114 37 
58 18 
16 4 
169 55 
6 1 
107 35 
135 44 
90 29 
18 5 
188 62 
40 12 
75 24 
182 60 
87 28 
98 32 
71 23 
161 53 
95 31 
138 45 
67 21 
70 22 
53 17 
165 54 
42 13 
88 28 
79 25 
99 32 
126 41 
76 24 
127 41 
86 28 
186 61 
153 50 
145 47 
44 14 
157 51 
14 4 
9 2 
160 52 
178 58 
39 12 
69 22 
41 13 
23 7 
122 40 
170 56 
64 20 
124 40 
108 35 
154 50 
189 62 
56 18 
27 8 
84 27 
32 10 
102 33 
132 43 
192 63 
121 39 
147 48 
104 34 
93 30 
158 52 
187 61 
74 24 
89 29 
52 16 
185 61 
33 10 
183 60 
130 42 
148 48 
131 43 
17 5 
191 63 
62 20 
180 59 
168 55 
45 14 
103 33 
149 49 
112 36 
26 8 
119 39 
116 38 
85 27 
60 19 
80 26 
7 1 
171 56 
29 9 
24 7 
49 15 
156 51 
65 21 
113 37 
31 9 
100 32 
163 53 
51 16 
110 36 
175 57 
128 42 
36 11 
151 49 
4 0 
55 17 
19 5 
82 26 
159 52 
190 62 
150 49 
34 10 
179 59 
77 25 
115 37 
142 46 
167 55 
10 2 
22 6 
72 23 
176 58 
162 53 
117 38 
106 34 
136 44 
101 33 
38 12 
193 63 
35 11 
30 9 
129 42 
164 54 
54 17 
63 20 
48 15 
3 0 
109 35 
83 27 
15 4 
125 41 
12 3 
155 51 
172 56 
46 14 
25 7 
173 57 
68 22 
43 13 
94 30 
91 29 
111 36 
61 19 
146 48 
57 18 
78 25 
8 2 
152 50 
177 58 
47 15 
