157 26
50 16 
64 20 
36 11 
98 32 
148 48 
158 52 
138 45 
96 31 
95 31 
10 2 
101 33 
62 20 
108 35 
28 8 
25 7 
154 50 
42 13 
63 20 
68 22 
131 43 
82 26 
125 41 
56 18 
92 30 
150 49 
132 43 
74 24 
78 25 
6 1 
145 47 
133 43 
12 3 
4 0 
77 25 
9 2 
31 9 
46 14 
118 38 
151 49 
116 38 
57 18 
112 36 
139 45 
69 22 
135 44 
142 46 
7 1 
29 9 
147 48 
111 36 
86 28 
91 29 
103 33 
89 29 
126 41 
159 52 
20 6 
84 27 
53 17 
18 5 
83 27 
149 49 
113 37 
3 0 
48 15 
76 24 
71 23 
19 5 
66 21 
123 40 
65 21 
43 13 
85 27 
35 11 
156 51 
80 26 
130 42 
153 50 
106 34 
75 24 
120 39 
121 39 
129 42 
33 10 
13 3 
37 11 
21 6 
23 7 
109 35 
60 19 
38 12 
26 8 
146 48 
51 16 
79 25 
114 37 
45 14 
8 2 
52 16 
16 4 
90 29 
143 47 
27 8 
54 17 
11 3 
24 7 
58 18 
73 23 
155 51 
81 26 
32 10 
134 44 
136 44 
61 19 
14 4 
137 45 
99 32 
107 35 
102 33 
39 12 
144 47 
152 50 
105 34 
100 32 
124 40 
34 10 
104 34 
140 46 
59 19 
93 30 
127 41 
128 42 
47 15 
30 9 
40 12 
88 28 
94 30 
117 38 
70 22 
72 23 
119 39 
115 37 
157 51 
44 14 
141 46 
41 13 
22 6 
17 5 
110 36 
55 17 
67 21 
97 31 
49 15 
87 28 
5 1 
122 40 
15 4 
