99 16
42 13 
85 27 
77 25 
21 6 
97 31 
81 26 
3 0 
74 24 
99 32 
4 0 
54 17 
14 4 
22 6 
95 31 
16 4 
17 5 
84 27 
100 32 
7 1 
11 3 
25 7 
10 2 
57 18 
35 11 
82 26 
43 13 
40 12 
15 4 
53 17 
49 15 
72 23 
29 9 
65 21 
80 26 
60 19 
28 8 
23 7 
68 22 
79 25 
50 16 
75 24 
45 14 
20 6 
56 18 
19 5 
47 15 
52 16 
18 5 
93 30 
91 29 
5 1 
34 10 
66 21 
30 9 
67 21 
70 22 
48 15 
39 12 
98 32 
87 28 
37 11 
63 20 
78 25 
32 10 
27 8 
83 27 
46 14 
59 19 
31 9 
38 12 
41 13 
96 31 
33 10 
62 20 
76 24 
44 14 
9 2 
55 17 
69 22 
13 3 
89 29 
36 11 
73 23 
88 28 
64 20 
86 28 
94 30 
26 8 
71 23 
101 33 
90 29 
51 16 
8 2 
61 19 
24 7 
58 18 
92 30 
6 1 
12 3 
