117 19
78 25 
34 10 
74 23 
32 9 
64 20 
109 35 
46 14 
102 33 
77 24 
94 30 
75 24 
116 37 
101 32 
113 36 
30 9 
48 15 
24 7 
17 4 
111 36 
79 25 
19 5 
21 6 
81 26 
25 7 
66 21 
118 38 
23 6 
60 19 
6 1 
114 37 
55 17 
112 36 
73 23 
91 29 
11 2 
22 6 
14 3 
95 30 
92 29 
69 22 
100 32 
82 26 
115 37 
20 5 
56 17 
36 11 
59 18 
44 13 
103 33 
84 27 
70 22 
3 0 
117 38 
54 17 
83 26 
9 2 
50 15 
98 31 
18 5 
89 28 
107 34 
86 27 
85 27 
57 18 
96 31 
68 21 
105 34 
90 29 
87 28 
33 10 
35 10 
41 12 
28 8 
67 21 
53 16 
110 35 
40 12 
62 19 
13 3 
4 0 
72 23 
15 4 
97 31 
80 25 
39 12 
99 32 
10 2 
71 22 
12 3 
5 0 
42 13 
106 34 
37 11 
7 1 
38 11 
61 19 
26 7 
108 35 
93 30 
119 38 
47 14 
76 24 
45 14 
52 16 
88 28 
63 20 
27 8 
51 16 
8 1 
16 4 
49 15 
31 9 
104 33 
43 13 
65 20 
29 8 
58 18 
