120 20
41 13 
120 39 
23 7 
77 25 
101 33 
105 34 
48 15 
67 21 
60 19 
62 20 
100 32 
13 3 
111 36 
57 18 
82 26 
85 27 
42 13 
79 25 
64 20 
53 17 
19 5 
45 14 
25 7 
104 34 
116 38 
112 36 
65 21 
106 34 
97 31 
63 20 
66 21 
14 4 
27 8 
107 35 
103 33 
33 10 
81 26 
35 11 
55 17 
7 1 
113 37 
15 4 
70 22 
69 22 
56 18 
30 9 
16 4 
29 9 
39 12 
11 3 
49 15 
87 28 
44 14 
78 25 
46 14 
95 31 
32 10 
76 24 
68 22 
36 11 
8 2 
12 3 
40 12 
115 37 
4 0 
17 5 
83 27 
109 35 
122 40 
89 29 
51 16 
73 23 
118 38 
88 28 
121 39 
110 36 
75 24 
24 7 
20 6 
80 26 
72 23 
114 37 
26 8 
50 16 
96 31 
21 6 
54 17 
86 28 
59 19 
10 2 
6 1 
99 32 
43 13 
98 32 
74 24 
18 5 
94 30 
119 39 
93 30 
61 19 
9 2 
22 6 
102 33 
37 11 
5 1 
3 0 
28 8 
38 12 
52 16 
117 38 
84 27 
71 23 
91 29 
34 10 
31 9 
58 18 
47 15 
90 29 
92 30 
108 35 
