126 21
93 30 
108 35 
114 37 
53 17 
46 14 
103 33 
70 22 
4 0 
69 22 
41 13 
6 1 
110 36 
84 27 
37 11 
112 36 
5 1 
34 10 
67 21 
31 9 
45 14 
68 22 
128 42 
42 13 
55 17 
44 14 
59 19 
26 8 
39 12 
25 7 
78 25 
88 28 
36 11 
126 41 
105 34 
14 4 
104 34 
85 27 
97 31 
17 5 
22 6 
51 16 
122 40 
98 32 
30 9 
28 8 
87 28 
115 37 
81 26 
95 31 
13 3 
96 31 
35 11 
3 0 
15 4 
64 20 
18 5 
71 23 
8 2 
99 32 
65 21 
19 5 
47 15 
86 28 
11 3 
58 18 
61 19 
29 9 
16 4 
38 12 
82 26 
91 29 
76 24 
106 34 
124 40 
33 10 
90 29 
9 2 
54 17 
120 39 
72 23 
27 8 
118 38 
62 20 
40 12 
12 3 
21 6 
117 38 
32 10 
49 15 
50 16 
52 16 
7 1 
43 13 
125 41 
20 6 
113 37 
79 25 
57 18 
24 7 
111 36 
75 24 
116 38 
66 21 
109 35 
107 35 
100 32 
89 29 
80 26 
60 19 
74 24 
83 27 
119 39 
121 39 
63 20 
102 33 
127 41 
73 23 
48 15 
56 18 
94 30 
101 33 
10 2 
123 40 
92 30 
77 25 
23 7 
