92 15
51 16 
40 12 
79 25 
42 13 
36 11 
23 7 
89 29 
60 19 
10 2 
90 29 
15 4 
35 11 
25 7 
91 29 
65 21 
58 18 
16 4 
63 20 
88 28 
41 13 
86 28 
82 26 
72 23 
71 23 
13 3 
19 5 
84 27 
22 6 
43 13 
93 30 
18 5 
94 30 
47 15 
45 14 
20 6 
85 27 
29 9 
87 28 
81 26 
37 11 
69 22 
30 9 
3 0 
73 23 
52 16 
28 8 
39 12 
11 3 
56 18 
46 14 
55 17 
12 3 
34 10 
26 8 
49 15 
33 10 
38 12 
54 17 
48 15 
31 9 
53 17 
44 14 
62 20 
80 26 
6 1 
75 24 
14 4 
50 16 
17 5 
64 20 
32 10 
9 2 
4 0 
68 22 
78 25 
21 6 
83 27 
24 7 
7 1 
77 25 
27 8 
59 19 
92 30 
61 19 
76 24 
8 2 
66 21 
67 21 
57 18 
5 1 
70 22 
74 24 
