181 30
142 46 
59 19 
21 6 
146 48 
61 19 
87 28 
46 14 
30 9 
41 13 
42 13 
33 10 
101 33 
115 37 
8 2 
24 7 
174 57 
7 1 
100 32 
104 34 
154 50 
88 28 
58 18 
149 49 
19 5 
102 33 
162 53 
183 60 
84 27 
57 18 
168 55 
134 44 
124 40 
157 51 
177 58 
66 21 
32 10 
125 41 
127 41 
139 45 
51 16 
182 60 
53 17 
16 4 
28 8 
114 37 
119 39 
122 40 
93 30 
112 36 
14 4 
3 0 
65 21 
22 6 
34 10 
69 22 
133 43 
48 15 
136 44 
75 24 
150 49 
103 33 
176 58 
140 46 
38 12 
116 38 
141 46 
113 37 
91 29 
40 12 
175 57 
148 48 
161 53 
35 11 
170 56 
76 24 
43 13 
169 55 
132 43 
18 5 
50 16 
158 52 
47 15 
173 57 
94 30 
83 27 
181 59 
80 26 
25 7 
108 35 
6 1 
164 54 
151 49 
15 4 
82 26 
171 56 
27 8 
74 24 
36 11 
159 52 
72 23 
160 52 
26 8 
60 19 
163 53 
49 15 
56 18 
54 17 
78 25 
107 35 
20 6 
179 59 
81 26 
165 54 
12 3 
86 28 
109 35 
67 21 
130 42 
68 22 
166 54 
152 50 
129 42 
99 32 
10 2 
117 38 
11 3 
85 27 
31 9 
77 25 
155 51 
123 40 
45 14 
105 34 
131 43 
23 7 
143 47 
29 9 
120 39 
73 23 
63 20 
13 3 
147 48 
110 36 
92 30 
180 59 
64 20 
135 44 
153 50 
98 32 
55 17 
95 31 
172 56 
178 58 
111 36 
118 38 
79 25 
4 0 
90 29 
126 41 
144 47 
5 1 
128 42 
71 23 
89 29 
137 45 
97 31 
37 11 
9 2 
96 31 
52 16 
156 51 
17 5 
62 20 
138 45 
44 14 
70 22 
39 12 
167 55 
121 39 
145 47 
106 34 
