176 29
37 11 
36 11 
55 17 
78 25 
6 1 
120 39 
52 16 
98 32 
170 56 
145 47 
64 20 
169 55 
13 3 
151 49 
111 36 
114 37 
74 24 
82 26 
106 34 
126 41 
152 50 
61 19 
178 58 
95 31 
138 45 
119 39 
87 28 
104 34 
69 22 
148 48 
93 30 
117 38 
164 54 
15 4 
44 14 
71 23 
101 33 
122 40 
157 51 
43 13 
153 50 
26 8 
113 37 
20 6 
133 43 
28 8 
105 34 
86 28 
171 56 
67 21 
81 26 
165 54 
19 5 
54 17 
132 43 
10 2 
66 21 
79 25 
25 7 
125 41 
135 44 
83 27 
50 16 
42 13 
72 23 
12 3 
156 51 
65 21 
103 33 
160 52 
110 36 
124 40 
158 52 
53 17 
174 57 
116 38 
41 13 
118 38 
46 14 
21 6 
130 42 
18 5 
146 48 
48 15 
142 46 
51 16 
155 51 
97 31 
166 54 
22 6 
100 32 
168 55 
88 28 
77 25 
144 47 
172 56 
136 44 
73 23 
134 44 
59 19 
14 4 
141 46 
76 24 
127 41 
115 37 
107 35 
92 30 
147 48 
89 29 
99 32 
35 11 
68 22 
75 24 
176 58 
84 27 
58 18 
27 8 
38 12 
109 35 
94 30 
47 15 
159 52 
129 42 
140 46 
70 22 
17 5 
154 50 
167 55 
60 19 
121 39 
143 47 
175 57 
33 10 
8 2 
57 18 
80 26 
39 12 
149 49 
102 33 
9 2 
128 42 
32 10 
137 45 
63 20 
34 10 
7 1 
173 57 
90 29 
162 53 
40 12 
24 7 
31 9 
23 7 
3 0 
5 1 
163 53 
45 14 
4 0 
108 35 
150 49 
131 43 
161 53 
16 4 
91 29 
62 20 
112 36 
29 9 
96 31 
49 15 
85 27 
30 9 
11 3 
139 45 
56 18 
177 58 
123 40 
