86 14
28 8 
43 13 
52 16 
62 20 
12 3 
38 12 
72 23 
20 6 
71 23 
80 26 
65 21 
66 21 
78 25 
67 21 
32 10 
59 19 
27 8 
25 7 
31 9 
82 26 
83 27 
74 24 
51 16 
4 0 
86 28 
39 12 
88 28 
55 17 
26 8 
63 20 
85 27 
69 22 
58 18 
53 17 
3 0 
70 22 
18 5 
81 26 
87 28 
64 20 
48 15 
54 17 
68 22 
77 25 
14 4 
5 1 
6 1 
22 6 
15 4 
46 14 
34 10 
19 5 
79 25 
10 2 
29 9 
75 24 
50 16 
23 7 
61 19 
9 2 
45 14 
35 11 
30 9 
37 11 
7 1 
36 11 
49 15 
76 24 
24 7 
17 5 
16 4 
11 3 
60 19 
41 13 
33 10 
8 2 
40 12 
47 15 
84 27 
42 13 
21 6 
56 18 
73 23 
44 14 
13 3 
57 18 
