149 24
37 11 
126 41 
79 25 
60 19 
66 21 
109 35 
106 34 
74 23 
73 23 
150 49 
72 23 
147 48 
91 29 
42 13 
20 5 
145 47 
50 15 
33 10 
4 0 
92 29 
46 14 
11 2 
44 13 
101 32 
17 4 
140 45 
142 46 
23 6 
141 46 
12 3 
81 26 
19 5 
94 30 
137 44 
89 28 
110 35 
70 22 
30 9 
113 36 
64 20 
117 38 
22 6 
80 25 
83 26 
105 34 
130 42 
45 14 
125 40 
62 19 
128 41 
58 18 
84 27 
77 24 
48 15 
116 37 
54 17 
78 25 
14 3 
119 38 
146 47 
86 27 
27 8 
25 7 
111 36 
144 47 
53 16 
102 33 
87 28 
88 28 
21 6 
139 45 
133 43 
10 2 
149 48 
24 7 
39 12 
151 49 
40 12 
51 16 
121 39 
135 44 
3 0 
82 26 
56 17 
95 30 
7 1 
97 31 
96 31 
28 8 
26 7 
15 4 
41 12 
67 21 
124 40 
71 22 
32 9 
9 2 
90 29 
134 43 
93 30 
35 10 
99 32 
13 3 
127 41 
61 19 
129 42 
16 4 
120 39 
43 13 
107 34 
75 24 
6 1 
8 1 
36 11 
49 15 
69 22 
136 44 
98 31 
138 45 
29 8 
85 27 
18 5 
118 38 
143 46 
123 40 
112 36 
34 10 
59 18 
31 9 
100 32 
131 42 
63 20 
68 21 
65 20 
114 37 
115 37 
132 43 
52 16 
5 0 
76 24 
55 17 
104 33 
108 35 
103 33 
148 48 
47 14 
122 39 
57 18 
38 11 
