196 32
198 65 
184 60 
193 63 
137 45 
150 49 
166 54 
30 9 
127 41 
114 37 
191 63 
188 62 
22 6 
189 62 
105 34 
115 37 
32 10 
65 21 
117 38 
78 25 
38 12 
16 4 
87 28 
64 20 
37 11 
185 61 
161 53 
91 29 
129 42 
62 20 
165 54 
181 59 
95 31 
44 14 
194 64 
35 11 
28 8 
147 48 
41 13 
86 28 
180 59 
40 12 
113 37 
34 10 
72 23 
172 56 
101 33 
173 57 
80 26 
83 27 
4 0 
186 61 
84 27 
139 45 
177 58 
27 8 
149 49 
196 64 
89 29 
108 35 
55 17 
82 26 
17 5 
144 47 
12 3 
106 34 
112 36 
162 53 
75 24 
85 27 
15 4 
96 31 
143 47 
42 13 
74 24 
46 14 
120 39 
123 40 
176 58 
9 2 
29 9 
151 49 
170 56 
138 45 
183 60 
111 36 
140 46 
152 50 
52 16 
69 22 
7 1 
71 23 
70 22 
103 33 
53 17 
136 44 
142 46 
167 55 
43 13 
179 59 
160 52 
130 42 
39 12 
61 19 
51 16 
93 30 
8 2 
79 25 
100 32 
77 25 
49 15 
54 17 
168 55 
157 51 
67 21 
19 5 
131 43 
23 7 
31 9 
25 7 
145 47 
128 42 
158 52 
134 44 
50 16 
104 34 
118 38 
13 3 
94 30 
119 39 
187 61 
195 64 
156 51 
125 41 
56 18 
190 62 
135 44 
68 22 
102 33 
171 56 
159 52 
3 0 
60 19 
122 40 
110 36 
121 39 
109 35 
6 1 
124 40 
59 19 
81 26 
47 15 
178 58 
33 10 
58 18 
11 3 
192 63 
36 11 
90 29 
18 5 
97 31 
88 28 
153 50 
21 6 
98 32 
141 46 
126 41 
10 2 
63 20 
155 51 
5 1 
174 57 
20 6 
148 48 
154 50 
133 43 
132 43 
99 32 
57 18 
73 23 
197 65 
24 7 
164 54 
66 21 
92 30 
163 53 
182 60 
14 4 
146 48 
169 55 
45 14 
76 24 
116 38 
48 15 
26 8 
107 35 
175 57 
