109 18
39 12 
23 7 
13 3 
6 1 
78 25 
26 8 
45 14 
9 2 
34 10 
84 27 
12 3 
72 23 
85 27 
32 10 
104 34 
100 32 
103 33 
47 15 
69 22 
83 27 
92 30 
61 19 
24 7 
31 9 
27 8 
105 34 
8 2 
89 29 
63 20 
57 18 
41 13 
17 5 
75 24 
48 15 
93 30 
68 22 
62 20 
80 26 
42 13 
15 4 
22 6 
107 35 
65 21 
64 20 
99 32 
38 12 
111 36 
76 24 
82 26 
20 6 
44 14 
90 29 
70 22 
91 29 
73 23 
97 31 
67 21 
79 25 
74 24 
52 16 
71 23 
50 16 
108 35 
43 13 
95 31 
21 6 
5 1 
59 19 
86 28 
16 4 
28 8 
102 33 
18 5 
98 32 
46 14 
10 2 
94 30 
33 10 
77 25 
4 0 
7 1 
66 21 
36 11 
54 17 
14 4 
88 28 
56 18 
30 9 
11 3 
101 33 
3 0 
96 31 
55 17 
53 17 
19 5 
40 12 
29 9 
106 34 
110 36 
35 11 
58 18 
49 15 
87 28 
25 7 
37 11 
81 26 
109 35 
51 16 
60 19 
