197 32
135 44 
95 31 
187 61 
136 44 
113 37 
197 65 
39 12 
103 33 
49 15 
175 57 
165 54 
164 54 
33 10 
40 12 
174 57 
25 7 
72 23 
28 8 
38 12 
82 26 
75 24 
158 52 
129 42 
110 36 
48 15 
146 48 
93 30 
23 7 
53 17 
154 50 
181 59 
66 21 
120 39 
52 16 
125 41 
20 6 
92 30 
99 32 
32 10 
31 9 
94 30 
130 42 
134 44 
105 34 
55 17 
102 33 
173 57 
171 56 
19 5 
8 2 
151 49 
63 20 
108 35 
109 35 
21 6 
74 24 
100 32 
178 58 
68 22 
42 13 
166 54 
138 45 
47 15 
119 39 
5 1 
16 4 
198 65 
10 2 
104 34 
70 22 
182 60 
157 51 
176 58 
61 19 
29 9 
167 55 
144 47 
43 13 
11 3 
172 56 
30 9 
118 38 
18 5 
193 63 
91 29 
3 0 
117 38 
86 28 
7 1 
143 47 
169 55 
9 2 
36 11 
123 40 
27 8 
196 64 
87 28 
186 61 
141 46 
132 43 
41 13 
127 41 
58 18 
131 43 
67 21 
89 29 
78 25 
73 23 
126 41 
84 27 
24 7 
148 48 
180 59 
156 51 
44 14 
85 27 
150 49 
71 23 
162 53 
183 60 
107 35 
6 1 
152 50 
12 3 
76 24 
155 51 
168 55 
35 11 
17 5 
59 19 
111 36 
65 21 
77 25 
115 37 
62 20 
140 46 
79 25 
188 62 
112 36 
46 14 
133 43 
190 62 
194 64 
122 40 
159 52 
14 4 
177 58 
54 17 
153 50 
56 18 
15 4 
142 46 
81 26 
50 16 
114 37 
34 10 
57 18 
179 59 
185 61 
170 56 
116 38 
192 63 
160 52 
161 53 
69 22 
80 26 
4 0 
139 45 
88 28 
128 42 
163 53 
98 32 
22 6 
191 63 
60 19 
124 40 
45 14 
97 31 
26 8 
101 33 
147 48 
121 39 
199 65 
189 62 
184 60 
137 45 
37 11 
83 27 
145 47 
64 20 
149 49 
51 16 
106 34 
96 31 
13 3 
195 64 
90 29 
