118 19
67 21 
116 38 
73 23 
45 14 
56 18 
5 1 
57 18 
113 37 
108 35 
81 26 
46 14 
90 29 
48 15 
68 22 
17 5 
117 38 
52 16 
83 27 
10 2 
97 31 
110 36 
106 34 
24 7 
55 17 
69 22 
93 30 
49 15 
101 33 
119 39 
85 27 
114 37 
115 37 
43 13 
31 9 
6 1 
21 6 
100 32 
42 13 
66 21 
109 35 
99 32 
70 22 
86 28 
94 30 
33 10 
37 11 
30 9 
12 3 
35 11 
104 34 
16 4 
34 10 
64 20 
91 29 
28 8 
15 4 
38 12 
58 18 
82 26 
14 4 
19 5 
53 17 
96 31 
92 30 
50 16 
75 24 
102 33 
9 2 
4 0 
118 38 
36 11 
79 25 
27 8 
7 1 
107 35 
32 10 
63 20 
41 13 
44 14 
72 23 
89 29 
3 0 
80 26 
61 19 
120 39 
74 24 
47 15 
62 20 
71 23 
65 21 
20 6 
98 32 
95 31 
25 7 
11 3 
103 33 
76 24 
54 17 
78 25 
29 9 
18 5 
88 28 
77 25 
84 27 
13 3 
26 8 
8 2 
39 12 
51 16 
59 19 
23 7 
112 36 
105 34 
87 28 
60 19 
111 36 
40 12 
22 6 
