178 29
159 52 
142 46 
100 32 
12 3 
49 15 
18 5 
131 43 
110 36 
132 43 
144 47 
121 39 
150 49 
178 58 
40 12 
98 32 
138 45 
164 54 
166 54 
86 28 
170 56 
5 1 
126 41 
90 29 
140 46 
168 55 
130 42 
169 55 
162 53 
78 25 
72 23 
103 33 
11 3 
107 35 
38 12 
45 14 
21 6 
118 38 
51 16 
70 22 
172 56 
124 40 
94 30 
62 20 
141 46 
128 42 
85 27 
52 16 
161 53 
116 38 
163 53 
57 18 
44 14 
104 34 
114 37 
31 9 
102 33 
157 51 
66 21 
155 51 
93 30 
19 5 
154 50 
35 11 
29 9 
84 27 
75 24 
8 2 
54 17 
173 57 
61 19 
113 37 
77 25 
4 0 
56 18 
108 35 
145 47 
60 19 
133 43 
135 44 
147 48 
105 34 
99 32 
139 45 
25 7 
80 26 
36 11 
59 19 
95 31 
175 57 
14 4 
74 24 
177 58 
129 42 
160 52 
180 59 
167 55 
20 6 
97 31 
64 20 
83 27 
146 48 
143 47 
28 8 
111 36 
174 57 
127 41 
134 44 
34 10 
120 39 
137 45 
6 1 
71 23 
89 29 
24 7 
63 20 
106 34 
76 24 
53 17 
50 16 
7 1 
68 22 
67 21 
92 30 
91 29 
158 52 
119 39 
81 26 
125 41 
176 58 
79 25 
171 56 
58 18 
46 14 
30 9 
13 3 
149 49 
117 38 
151 49 
65 21 
23 7 
152 50 
165 54 
39 12 
179 59 
42 13 
115 37 
136 44 
10 2 
123 40 
32 10 
112 36 
47 15 
88 28 
26 8 
82 26 
73 23 
109 35 
9 2 
33 10 
148 48 
41 13 
16 4 
153 50 
87 28 
69 22 
43 13 
15 4 
101 33 
156 51 
27 8 
37 11 
3 0 
17 5 
55 17 
96 31 
48 15 
22 6 
122 40 
