188 31
20 5 
186 61 
119 38 
32 9 
69 22 
124 40 
58 18 
92 29 
31 9 
46 14 
5 0 
75 24 
38 11 
143 46 
23 6 
85 27 
181 59 
76 24 
41 12 
91 29 
19 5 
93 30 
141 46 
125 40 
117 38 
132 43 
68 21 
103 33 
44 13 
90 29 
55 17 
60 19 
59 18 
43 13 
107 34 
129 42 
123 40 
145 47 
66 21 
173 56 
164 53 
13 3 
156 51 
118 38 
162 53 
139 45 
99 32 
153 50 
131 42 
177 58 
147 48 
81 26 
137 44 
40 12 
115 37 
122 39 
87 28 
78 25 
67 21 
170 55 
15 4 
126 41 
26 7 
71 22 
96 31 
165 54 
109 35 
6 1 
144 47 
61 19 
12 3 
88 28 
184 60 
79 25 
21 6 
183 60 
185 60 
98 31 
16 4 
83 26 
25 7 
77 24 
10 2 
136 44 
24 7 
17 4 
50 15 
111 36 
151 49 
157 51 
148 48 
146 47 
95 30 
158 51 
112 36 
108 35 
100 32 
172 56 
7 1 
65 20 
154 50 
80 25 
33 10 
120 39 
57 18 
29 8 
171 56 
97 31 
73 23 
94 30 
169 55 
163 53 
14 3 
34 10 
128 41 
22 6 
64 20 
189 62 
161 52 
48 15 
106 34 
72 23 
176 57 
155 50 
138 45 
51 16 
30 9 
54 17 
190 62 
52 16 
167 54 
168 55 
53 16 
11 2 
18 5 
8 1 
28 8 
179 58 
150 49 
45 14 
101 32 
113 36 
42 13 
82 26 
114 37 
36 11 
63 20 
174 57 
130 42 
160 52 
35 10 
37 11 
187 61 
102 33 
62 19 
47 14 
188 61 
159 52 
140 45 
104 33 
152 49 
110 35 
127 41 
84 27 
166 54 
149 48 
74 23 
175 57 
86 27 
39 12 
134 43 
9 2 
116 37 
56 17 
180 59 
27 8 
4 0 
182 59 
178 58 
133 43 
135 44 
89 28 
49 15 
142 46 
70 22 
3 0 
121 39 
105 34 
