187 31
118 38 
78 25 
33 10 
114 37 
27 8 
34 10 
11 3 
180 59 
121 39 
97 31 
61 19 
52 16 
63 20 
12 3 
134 44 
66 21 
57 18 
142 46 
38 12 
110 36 
82 26 
4 0 
165 54 
164 54 
56 18 
172 56 
9 2 
108 35 
69 22 
140 46 
3 0 
26 8 
132 43 
23 7 
76 24 
151 49 
179 59 
10 2 
153 50 
20 6 
65 21 
103 33 
123 40 
122 40 
81 26 
40 12 
169 55 
185 61 
154 50 
96 31 
177 58 
163 53 
90 29 
83 27 
107 35 
88 28 
35 11 
86 28 
59 19 
135 44 
162 53 
141 46 
175 57 
174 57 
155 51 
17 5 
128 42 
145 47 
15 4 
31 9 
129 42 
184 60 
85 27 
168 55 
136 44 
113 37 
5 1 
102 33 
45 14 
14 4 
53 17 
71 23 
120 39 
93 30 
133 43 
58 18 
30 9 
24 7 
178 58 
16 4 
75 24 
161 53 
138 45 
148 48 
46 14 
19 5 
170 56 
7 1 
182 60 
111 36 
105 34 
79 25 
146 48 
37 11 
104 34 
74 24 
167 55 
186 61 
36 11 
70 22 
80 26 
25 7 
98 32 
92 30 
147 48 
119 39 
173 57 
181 59 
48 15 
187 61 
137 45 
115 37 
150 49 
176 58 
166 54 
51 16 
54 17 
44 14 
139 45 
157 51 
91 29 
62 20 
77 25 
160 52 
131 43 
18 5 
28 8 
87 28 
130 42 
84 27 
89 29 
49 15 
106 34 
116 38 
21 6 
67 21 
109 35 
43 13 
124 40 
72 23 
127 41 
149 49 
158 52 
32 10 
188 62 
101 33 
95 31 
68 22 
60 19 
47 15 
50 16 
171 56 
39 12 
13 3 
64 20 
29 9 
125 41 
126 41 
94 30 
183 60 
73 23 
159 52 
6 1 
22 6 
144 47 
8 2 
143 47 
41 13 
112 36 
156 51 
55 17 
189 62 
99 32 
117 38 
152 50 
42 13 
100 32 
