132 22
76 24 
53 17 
64 20 
61 19 
34 10 
117 38 
78 25 
103 33 
90 29 
119 39 
67 21 
48 15 
33 10 
3 0 
32 10 
133 43 
131 43 
77 25 
28 8 
121 39 
79 25 
13 3 
125 41 
70 22 
132 43 
93 30 
17 5 
55 17 
54 17 
43 13 
127 41 
66 21 
21 6 
106 34 
57 18 
110 36 
87 28 
100 32 
123 40 
134 44 
129 42 
98 32 
83 27 
111 36 
86 28 
85 27 
65 21 
120 39 
35 11 
107 35 
105 34 
20 6 
25 7 
26 8 
23 7 
50 16 
59 19 
116 38 
12 3 
51 16 
38 12 
36 11 
80 26 
99 32 
24 7 
75 24 
11 3 
71 23 
62 20 
9 2 
101 33 
7 1 
109 35 
60 19 
27 8 
128 42 
31 9 
96 31 
118 38 
5 1 
104 34 
115 37 
89 29 
113 37 
18 5 
126 41 
112 36 
16 4 
19 5 
41 13 
52 16 
63 20 
8 2 
94 30 
88 28 
40 12 
114 37 
42 13 
68 22 
74 24 
4 0 
6 1 
81 26 
122 40 
30 9 
22 6 
58 18 
124 40 
102 33 
47 15 
56 18 
37 11 
84 27 
69 22 
10 2 
72 23 
39 12 
73 23 
29 9 
49 15 
45 14 
95 31 
130 42 
91 29 
97 31 
82 26 
108 35 
92 30 
44 14 
14 4 
46 14 
15 4 
