195 32
106 34 
14 4 
134 44 
44 14 
16 4 
86 28 
185 61 
65 21 
50 16 
112 36 
29 9 
195 64 
162 53 
33 10 
69 22 
80 26 
102 33 
176 58 
154 50 
27 8 
41 13 
138 45 
79 25 
104 34 
52 16 
82 26 
20 6 
89 29 
124 40 
11 3 
10 2 
184 60 
77 25 
126 41 
97 31 
54 17 
180 59 
94 30 
161 53 
91 29 
163 53 
191 63 
167 55 
107 35 
123 40 
19 5 
100 32 
5 1 
66 21 
170 56 
40 12 
75 24 
158 52 
84 27 
24 7 
143 47 
188 62 
55 17 
156 51 
6 1 
145 47 
117 38 
22 6 
136 44 
17 5 
196 64 
56 18 
49 15 
43 13 
181 59 
13 3 
144 47 
38 12 
3 0 
115 37 
7 1 
148 48 
25 7 
182 60 
58 18 
173 57 
64 20 
26 8 
130 42 
63 20 
140 46 
147 48 
132 43 
187 61 
95 31 
125 41 
137 45 
81 26 
120 39 
47 15 
61 19 
98 32 
76 24 
111 36 
31 9 
99 32 
109 35 
135 44 
142 46 
9 2 
45 14 
70 22 
90 29 
73 23 
114 37 
36 11 
155 51 
175 57 
62 20 
110 36 
127 41 
177 58 
78 25 
32 10 
68 22 
103 33 
53 17 
151 49 
193 63 
171 56 
128 42 
178 58 
139 45 
189 62 
133 43 
159 52 
108 35 
174 57 
39 12 
23 7 
74 24 
28 8 
37 11 
183 60 
192 63 
18 5 
172 56 
42 13 
153 50 
122 40 
87 28 
34 10 
101 33 
35 11 
150 49 
60 19 
146 48 
51 16 
8 2 
164 54 
197 65 
57 18 
179 59 
46 14 
92 30 
105 34 
118 38 
12 3 
88 28 
4 0 
157 51 
83 27 
129 42 
169 55 
113 37 
48 15 
121 39 
131 43 
15 4 
141 46 
67 21 
166 54 
186 61 
168 55 
85 27 
190 62 
93 30 
160 52 
96 31 
72 23 
149 49 
71 23 
119 39 
194 64 
165 54 
116 38 
21 6 
59 19 
152 50 
30 9 
