170 28
41 13 
24 7 
130 42 
84 27 
158 52 
161 53 
74 24 
98 32 
126 41 
129 42 
77 25 
94 30 
42 13 
49 15 
60 19 
125 41 
37 11 
73 23 
81 26 
89 29 
124 40 
63 20 
29 9 
86 28 
4 0 
23 7 
148 48 
33 10 
3 0 
90 29 
13 3 
134 44 
97 31 
128 42 
76 24 
43 13 
157 51 
58 18 
92 30 
168 55 
26 8 
131 43 
7 1 
144 47 
167 55 
113 37 
172 56 
59 19 
152 50 
12 3 
153 50 
85 27 
87 28 
19 5 
151 49 
139 45 
88 28 
93 30 
22 6 
120 39 
96 31 
18 5 
40 12 
133 43 
56 18 
16 4 
11 3 
99 32 
64 20 
47 15 
50 16 
127 41 
6 1 
46 14 
28 8 
70 22 
38 12 
102 33 
45 14 
171 56 
142 46 
162 53 
117 38 
36 11 
69 22 
55 17 
14 4 
103 33 
143 47 
39 12 
5 1 
17 5 
71 23 
114 37 
123 40 
57 18 
91 29 
67 21 
147 48 
116 38 
79 25 
78 25 
137 45 
44 14 
109 35 
160 52 
100 32 
132 43 
159 52 
119 39 
27 8 
164 54 
48 15 
21 6 
154 50 
51 16 
136 44 
118 38 
150 49 
31 9 
62 20 
165 54 
95 31 
108 35 
166 54 
135 44 
35 11 
20 6 
82 26 
54 17 
25 7 
163 53 
80 26 
170 56 
169 55 
9 2 
106 34 
30 9 
101 33 
156 51 
65 21 
68 22 
66 21 
10 2 
52 16 
122 40 
83 27 
149 49 
115 37 
145 47 
105 34 
110 36 
34 10 
61 19 
121 39 
141 46 
53 17 
146 48 
72 23 
32 10 
8 2 
111 36 
112 36 
140 46 
138 45 
75 24 
107 35 
104 34 
15 4 
155 51 
