144 24
122 40 
76 24 
44 14 
50 16 
142 46 
63 20 
82 26 
66 21 
132 43 
11 3 
30 9 
134 44 
58 18 
80 26 
14 4 
18 5 
124 40 
71 23 
60 19 
89 29 
90 29 
94 30 
20 6 
127 41 
41 13 
31 9 
96 31 
95 31 
81 26 
8 2 
86 28 
22 6 
93 30 
55 17 
118 38 
48 15 
10 2 
34 10 
38 12 
101 33 
68 22 
17 5 
113 37 
104 34 
137 45 
46 14 
115 37 
69 22 
12 3 
74 24 
16 4 
64 20 
40 12 
121 39 
47 15 
37 11 
138 45 
56 18 
79 25 
119 39 
107 35 
112 36 
51 16 
57 18 
52 16 
111 36 
128 42 
15 4 
36 11 
42 13 
61 19 
59 19 
120 39 
125 41 
28 8 
77 25 
26 8 
70 22 
105 34 
35 11 
126 41 
13 3 
49 15 
9 2 
27 8 
91 29 
139 45 
75 24 
141 46 
136 44 
88 28 
21 6 
135 44 
78 25 
39 12 
100 32 
19 5 
102 33 
83 27 
110 36 
106 34 
130 42 
32 10 
117 38 
45 14 
65 21 
4 0 
6 1 
109 35 
84 27 
108 35 
5 1 
87 28 
29 9 
123 40 
116 38 
145 47 
3 0 
53 17 
129 42 
143 47 
24 7 
25 7 
54 17 
85 27 
99 32 
98 32 
23 7 
114 37 
131 43 
140 46 
73 23 
72 23 
133 43 
67 21 
62 20 
144 47 
33 10 
103 33 
97 31 
43 13 
146 48 
92 30 
7 1 
