155 25
25 7 
104 34 
62 20 
64 20 
152 50 
31 9 
123 40 
88 28 
90 29 
114 37 
70 22 
85 27 
40 12 
36 11 
107 35 
83 27 
14 4 
155 51 
153 50 
157 51 
82 26 
34 10 
28 8 
46 14 
80 26 
65 21 
38 12 
52 16 
29 9 
144 47 
91 29 
139 45 
74 24 
89 29 
130 42 
47 15 
10 2 
68 22 
18 5 
12 3 
115 37 
51 16 
63 20 
117 38 
39 12 
92 30 
6 1 
55 17 
13 3 
53 17 
54 17 
32 10 
116 38 
145 47 
16 4 
4 0 
78 25 
98 32 
113 37 
95 31 
8 2 
100 32 
61 19 
71 23 
43 13 
119 39 
11 3 
133 43 
121 39 
111 36 
48 15 
35 11 
20 6 
33 10 
42 13 
76 24 
37 11 
126 41 
7 1 
125 41 
19 5 
94 30 
75 24 
129 42 
102 33 
127 41 
23 7 
73 23 
150 49 
109 35 
147 48 
24 7 
93 30 
9 2 
134 44 
15 4 
112 36 
136 44 
149 49 
17 5 
84 27 
5 1 
146 48 
60 19 
131 43 
120 39 
77 25 
44 14 
141 46 
57 18 
138 45 
67 21 
22 6 
151 49 
135 44 
99 32 
59 19 
86 28 
41 13 
148 48 
154 50 
122 40 
72 23 
96 31 
27 8 
79 25 
87 28 
49 15 
137 45 
21 6 
69 22 
66 21 
56 18 
143 47 
128 42 
142 46 
101 33 
103 33 
97 31 
58 18 
81 26 
26 8 
132 43 
108 35 
110 36 
45 14 
50 16 
156 51 
106 34 
105 34 
3 0 
140 46 
30 9 
124 40 
118 38 
