164 27
6 1 
61 19 
52 16 
155 51 
31 9 
103 33 
141 46 
48 15 
165 54 
49 15 
12 3 
118 38 
119 39 
11 3 
10 2 
109 35 
86 28 
143 47 
162 53 
138 45 
152 50 
151 49 
3 0 
123 40 
24 7 
43 13 
101 33 
18 5 
146 48 
117 38 
25 7 
47 15 
73 23 
139 45 
130 42 
76 24 
51 16 
121 39 
116 38 
102 33 
128 42 
4 0 
148 48 
99 32 
70 22 
132 43 
88 28 
98 32 
66 21 
164 54 
19 5 
5 1 
136 44 
160 52 
114 37 
83 27 
100 32 
150 49 
50 16 
57 18 
79 25 
8 2 
108 35 
7 1 
15 4 
156 51 
17 5 
87 28 
41 13 
159 52 
65 21 
140 46 
107 35 
129 42 
62 20 
46 14 
133 43 
134 44 
16 4 
153 50 
28 8 
94 30 
145 47 
67 21 
33 10 
13 3 
161 53 
154 50 
37 11 
135 44 
142 46 
82 26 
95 31 
157 51 
81 26 
44 14 
85 27 
64 20 
131 43 
120 39 
14 4 
30 9 
93 30 
53 17 
45 14 
75 24 
36 11 
126 41 
122 40 
54 17 
149 49 
26 8 
71 23 
56 18 
105 34 
106 34 
21 6 
59 19 
110 36 
27 8 
84 27 
127 41 
58 18 
166 54 
40 12 
20 6 
90 29 
124 40 
68 22 
42 13 
55 17 
38 12 
63 20 
32 10 
137 45 
104 34 
60 19 
163 53 
29 9 
23 7 
89 29 
115 37 
22 6 
113 37 
74 24 
125 41 
35 11 
158 52 
97 31 
112 36 
9 2 
69 22 
111 36 
72 23 
92 30 
34 10 
147 48 
144 47 
96 31 
80 26 
78 25 
91 29 
39 12 
77 25 
