108 18
8 2 
75 24 
91 29 
58 18 
82 26 
67 21 
38 12 
97 31 
45 14 
33 10 
76 24 
41 13 
19 5 
71 23 
108 35 
29 9 
56 18 
70 22 
10 2 
52 16 
5 1 
80 26 
61 19 
60 19 
92 30 
47 15 
50 16 
74 24 
53 17 
25 7 
99 32 
7 1 
66 21 
85 27 
18 5 
49 15 
32 10 
100 32 
44 14 
65 21 
93 30 
104 34 
55 17 
12 3 
87 28 
31 9 
73 23 
11 3 
15 4 
17 5 
86 28 
34 10 
30 9 
27 8 
9 2 
77 25 
40 12 
101 33 
69 22 
42 13 
98 32 
72 23 
24 7 
62 20 
102 33 
36 11 
96 31 
28 8 
35 11 
20 6 
59 19 
83 27 
106 34 
110 36 
16 4 
78 25 
51 16 
105 34 
23 7 
13 3 
3 0 
90 29 
81 26 
95 31 
39 12 
109 35 
54 17 
79 25 
46 14 
48 15 
64 20 
22 6 
88 28 
6 1 
103 33 
68 22 
43 13 
89 29 
37 11 
107 35 
14 4 
4 0 
84 27 
26 8 
94 30 
63 20 
57 18 
21 6 
