139 23
74 24 
73 23 
18 5 
13 3 
69 22 
53 17 
11 3 
76 24 
33 10 
71 23 
12 3 
17 5 
41 13 
121 39 
100 32 
123 40 
82 26 
126 41 
62 20 
64 20 
96 31 
131 43 
51 16 
138 45 
22 6 
140 46 
8 2 
19 5 
25 7 
10 2 
84 27 
59 19 
47 15 
137 45 
91 29 
43 13 
70 22 
40 12 
66 21 
4 0 
57 18 
14 4 
30 9 
118 38 
29 9 
20 6 
104 34 
77 25 
72 23 
103 33 
7 1 
31 9 
124 40 
24 7 
125 41 
132 43 
128 42 
65 21 
21 6 
89 29 
38 12 
27 8 
115 37 
113 37 
9 2 
88 28 
94 30 
102 33 
114 37 
67 21 
28 8 
134 44 
6 1 
92 30 
63 20 
49 15 
110 36 
80 26 
79 25 
52 16 
36 11 
37 11 
135 44 
127 41 
15 4 
141 46 
5 1 
3 0 
85 27 
58 18 
83 27 
119 39 
26 8 
61 19 
112 36 
107 35 
139 45 
39 12 
75 24 
35 11 
54 17 
44 14 
50 16 
34 10 
97 31 
111 36 
136 44 
42 13 
68 22 
129 42 
130 42 
93 30 
86 28 
46 14 
45 14 
99 32 
60 19 
56 18 
55 17 
108 35 
16 4 
98 32 
81 26 
95 31 
78 25 
101 33 
122 40 
106 34 
116 38 
48 15 
105 34 
87 28 
117 38 
120 39 
32 10 
23 7 
90 29 
133 43 
109 35 
