142 23
56 18 
88 28 
36 11 
136 44 
27 8 
98 32 
71 23 
140 46 
62 20 
133 43 
142 46 
9 2 
87 28 
100 32 
26 8 
109 35 
61 19 
40 12 
63 20 
81 26 
58 18 
135 44 
7 1 
25 7 
118 38 
74 24 
111 36 
105 34 
94 30 
24 7 
42 13 
23 7 
18 5 
124 40 
112 36 
116 38 
85 27 
67 21 
126 41 
117 38 
57 18 
8 2 
68 22 
86 28 
52 16 
143 47 
20 6 
120 39 
99 32 
138 45 
78 25 
66 21 
113 37 
28 8 
75 24 
90 29 
46 14 
17 5 
80 26 
33 10 
30 9 
55 17 
47 15 
141 46 
89 29 
134 44 
51 16 
96 31 
43 13 
13 3 
72 23 
29 9 
83 27 
21 6 
139 45 
125 41 
127 41 
32 10 
15 4 
129 42 
4 0 
73 23 
82 26 
64 20 
69 22 
65 21 
131 43 
48 15 
70 22 
114 37 
101 33 
54 17 
115 37 
12 3 
10 2 
19 5 
16 4 
44 14 
110 36 
92 30 
132 43 
144 47 
119 39 
137 45 
79 25 
77 25 
107 35 
39 12 
93 30 
14 4 
37 11 
84 27 
108 35 
11 3 
130 42 
121 39 
31 9 
104 34 
53 17 
76 24 
34 10 
49 15 
128 42 
22 6 
59 19 
5 1 
6 1 
106 34 
38 12 
91 29 
122 40 
60 19 
95 31 
123 40 
45 14 
3 0 
35 11 
41 13 
50 16 
103 33 
102 33 
97 31 
