127 21
49 15 
62 20 
112 36 
67 21 
91 29 
116 38 
50 16 
101 33 
78 25 
105 34 
98 32 
55 17 
36 11 
110 36 
48 15 
125 41 
61 19 
42 13 
108 35 
38 12 
114 37 
24 7 
59 19 
127 41 
65 21 
54 17 
88 28 
10 2 
19 5 
87 28 
64 20 
86 28 
23 7 
60 19 
113 37 
126 41 
68 22 
17 5 
81 26 
35 11 
109 35 
119 39 
29 9 
13 3 
25 7 
21 6 
76 24 
47 15 
89 29 
69 22 
52 16 
22 6 
53 17 
16 4 
18 5 
51 16 
43 13 
20 6 
96 31 
45 14 
46 14 
71 23 
41 13 
104 34 
100 32 
124 40 
79 25 
40 12 
27 8 
107 35 
122 40 
56 18 
57 18 
12 3 
111 36 
72 23 
102 33 
14 4 
15 4 
37 11 
120 39 
34 10 
90 29 
30 9 
77 25 
39 12 
31 9 
80 26 
115 37 
121 39 
92 30 
82 26 
128 42 
75 24 
123 40 
6 1 
58 18 
83 27 
106 34 
85 27 
7 1 
63 20 
26 8 
74 24 
28 8 
95 31 
3 0 
32 10 
5 1 
117 38 
70 22 
97 31 
103 33 
129 42 
73 23 
99 32 
94 30 
33 10 
8 2 
118 38 
66 21 
44 14 
84 27 
11 3 
9 2 
93 30 
4 0 
