184 30
112 36 
79 25 
185 61 
91 29 
109 35 
21 6 
14 4 
58 18 
117 38 
183 60 
141 46 
110 36 
73 23 
33 10 
42 13 
71 23 
4 0 
127 41 
86 28 
136 44 
181 59 
130 42 
26 8 
101 33 
115 37 
151 49 
100 32 
164 54 
134 44 
24 7 
99 32 
165 54 
7 1 
69 22 
174 57 
31 9 
83 27 
98 32 
53 17 
46 14 
76 24 
137 45 
178 58 
176 58 
16 4 
22 6 
153 50 
18 5 
11 3 
166 54 
68 22 
93 30 
63 20 
138 45 
13 3 
36 11 
152 50 
128 42 
172 56 
10 2 
66 21 
38 12 
50 16 
47 15 
171 56 
3 0 
114 37 
48 15 
177 58 
52 16 
96 31 
49 15 
169 55 
133 43 
149 49 
39 12 
74 24 
160 52 
54 17 
55 17 
90 29 
113 37 
97 31 
103 33 
19 5 
121 39 
29 9 
59 19 
156 51 
72 23 
32 10 
82 26 
5 1 
95 31 
17 5 
75 24 
64 20 
92 30 
25 7 
111 36 
12 3 
61 19 
126 41 
107 35 
132 43 
155 51 
139 45 
119 39 
146 48 
168 55 
57 18 
30 9 
148 48 
175 57 
170 56 
87 28 
65 21 
106 34 
51 16 
27 8 
159 52 
162 53 
180 59 
81 26 
67 21 
118 38 
8 2 
142 46 
157 51 
94 30 
116 38 
35 11 
120 39 
184 60 
158 52 
89 29 
88 28 
173 57 
6 1 
122 40 
182 60 
34 10 
20 6 
78 25 
15 4 
37 11 
143 47 
179 59 
41 13 
40 12 
140 46 
77 25 
135 44 
167 55 
154 50 
23 7 
125 41 
44 14 
70 22 
102 33 
62 20 
104 34 
105 34 
84 27 
163 53 
147 48 
144 47 
80 26 
186 61 
131 43 
108 35 
28 8 
85 27 
9 2 
60 19 
123 40 
129 42 
124 40 
145 47 
43 13 
45 14 
161 53 
150 49 
56 18 
