130 21
100 32 
38 11 
69 22 
96 31 
42 13 
86 27 
36 11 
103 33 
26 7 
7 1 
87 28 
33 10 
54 17 
53 16 
41 12 
40 12 
30 9 
43 13 
27 8 
24 7 
83 26 
68 21 
122 39 
28 8 
19 5 
65 20 
105 34 
117 38 
128 41 
67 21 
64 20 
75 24 
116 37 
72 23 
44 13 
76 24 
132 43 
59 18 
129 42 
119 38 
25 7 
93 30 
6 1 
10 2 
79 25 
113 36 
120 39 
101 32 
56 17 
12 3 
47 14 
110 35 
55 17 
5 0 
60 19 
127 41 
14 3 
39 12 
49 15 
97 31 
126 41 
121 39 
51 16 
99 32 
125 40 
78 25 
46 14 
23 6 
108 35 
20 5 
95 30 
81 26 
66 21 
57 18 
37 11 
21 6 
131 42 
45 14 
29 8 
82 26 
31 9 
84 27 
90 29 
61 19 
123 40 
124 40 
50 15 
92 29 
106 34 
112 36 
32 9 
102 33 
58 18 
3 0 
63 20 
104 33 
52 16 
85 27 
15 4 
91 29 
71 22 
48 15 
11 2 
74 23 
77 24 
88 28 
70 22 
80 25 
34 10 
18 5 
13 3 
107 34 
62 19 
17 4 
114 37 
94 30 
35 10 
115 37 
130 42 
98 31 
89 28 
4 0 
109 35 
73 23 
118 38 
16 4 
8 1 
9 2 
111 36 
22 6 
