83 13
69 22 
21 6 
34 10 
40 12 
48 15 
54 17 
68 22 
24 7 
22 6 
38 12 
16 4 
5 1 
42 13 
36 11 
43 13 
55 17 
33 10 
27 8 
84 27 
8 2 
80 26 
81 26 
12 3 
15 4 
61 19 
10 2 
20 6 
75 24 
3 0 
70 22 
83 27 
23 7 
82 26 
51 16 
9 2 
79 25 
44 14 
60 19 
52 16 
77 25 
59 19 
63 20 
46 14 
6 1 
31 9 
14 4 
13 3 
72 23 
76 24 
67 21 
73 23 
41 13 
32 10 
4 0 
17 5 
78 25 
62 20 
65 21 
18 5 
85 27 
11 3 
74 24 
28 8 
47 15 
50 16 
53 17 
26 8 
30 9 
56 18 
37 11 
64 20 
35 11 
58 18 
45 14 
57 18 
25 7 
7 1 
66 21 
49 15 
71 23 
39 12 
19 5 
29 9 
