185 30
38 12 
33 10 
172 56 
181 59 
135 44 
23 7 
136 44 
130 42 
85 27 
48 15 
160 52 
65 21 
161 53 
96 31 
4 0 
26 8 
117 38 
42 13 
69 22 
79 25 
118 38 
40 12 
94 30 
54 17 
138 45 
134 44 
56 18 
126 41 
164 54 
83 27 
9 2 
32 10 
167 55 
8 2 
44 14 
184 60 
162 53 
169 55 
116 38 
27 8 
97 31 
182 60 
108 35 
128 42 
92 30 
100 32 
145 47 
155 51 
175 57 
21 6 
57 18 
150 49 
121 39 
80 26 
110 36 
132 43 
133 43 
20 6 
46 14 
122 40 
6 1 
90 29 
119 39 
106 34 
141 46 
86 28 
29 9 
15 4 
148 48 
99 32 
28 8 
153 50 
103 33 
109 35 
159 52 
102 33 
51 16 
107 35 
187 61 
73 23 
49 15 
140 46 
66 21 
41 13 
186 61 
78 25 
35 11 
7 1 
144 47 
165 54 
185 61 
113 37 
74 24 
177 58 
60 19 
123 40 
120 39 
53 17 
3 0 
131 43 
55 17 
59 19 
19 5 
88 28 
170 56 
50 16 
171 56 
14 4 
125 41 
39 12 
13 3 
178 58 
101 33 
139 45 
68 22 
77 25 
174 57 
62 20 
67 21 
98 32 
64 20 
137 45 
30 9 
17 5 
173 57 
22 6 
75 24 
82 26 
146 48 
36 11 
95 31 
89 29 
71 23 
166 54 
76 24 
58 18 
52 16 
129 42 
81 26 
168 55 
154 50 
176 58 
127 41 
163 53 
183 60 
24 7 
72 23 
149 49 
5 1 
16 4 
61 19 
91 29 
104 34 
158 52 
37 11 
31 9 
25 7 
84 27 
114 37 
47 15 
142 46 
111 36 
34 10 
179 59 
151 49 
10 2 
143 47 
124 40 
157 51 
115 37 
12 3 
147 48 
180 59 
87 28 
63 20 
18 5 
105 34 
152 50 
70 22 
156 51 
11 3 
43 13 
93 30 
112 36 
45 14 
