90 15
20 6 
43 13 
53 17 
56 18 
60 19 
35 11 
38 12 
61 19 
90 29 
21 6 
64 20 
12 3 
66 21 
16 4 
70 22 
17 5 
28 8 
54 17 
33 10 
50 16 
87 28 
42 13 
81 26 
36 11 
4 0 
91 29 
45 14 
76 24 
92 30 
18 5 
86 28 
80 26 
27 8 
51 16 
72 23 
10 2 
68 22 
19 5 
69 22 
3 0 
15 4 
57 18 
25 7 
29 9 
52 16 
7 1 
41 13 
82 26 
73 23 
37 11 
23 7 
31 9 
85 27 
26 8 
9 2 
32 10 
5 1 
84 27 
44 14 
78 25 
49 15 
47 15 
22 6 
30 9 
62 20 
11 3 
48 15 
74 24 
83 27 
67 21 
8 2 
24 7 
88 28 
77 25 
34 10 
79 25 
58 18 
71 23 
65 21 
14 4 
59 19 
6 1 
55 17 
13 3 
89 29 
39 12 
75 24 
63 20 
46 14 
40 12 
