103 17
76 24 
30 9 
33 10 
11 3 
23 7 
58 18 
20 6 
16 4 
25 7 
39 12 
29 9 
4 0 
97 31 
40 12 
37 11 
91 29 
13 3 
51 16 
24 7 
19 5 
41 13 
56 18 
66 21 
47 15 
59 19 
105 34 
9 2 
74 24 
85 27 
6 1 
55 17 
10 2 
99 32 
27 8 
81 26 
18 5 
92 30 
86 28 
49 15 
34 10 
72 23 
62 20 
68 22 
102 33 
90 29 
80 26 
3 0 
89 29 
75 24 
44 14 
60 19 
17 5 
61 19 
84 27 
53 17 
93 30 
38 12 
73 23 
67 21 
31 9 
64 20 
69 22 
42 13 
65 21 
57 18 
46 14 
28 8 
43 13 
95 31 
32 10 
14 4 
83 27 
45 14 
52 16 
71 23 
48 15 
104 34 
36 11 
12 3 
26 8 
7 1 
77 25 
78 25 
87 28 
8 2 
63 20 
54 17 
98 32 
22 6 
21 6 
82 26 
100 32 
103 33 
94 30 
96 31 
50 16 
15 4 
70 22 
5 1 
79 25 
35 11 
88 28 
101 33 
