101 16
77 25 
18 5 
79 25 
65 21 
19 5 
29 9 
6 1 
72 23 
58 18 
86 28 
91 29 
27 8 
90 29 
50 16 
103 33 
52 16 
5 1 
81 26 
40 12 
33 10 
69 22 
17 5 
82 26 
63 20 
35 11 
101 33 
76 24 
37 11 
57 18 
53 17 
56 18 
73 23 
74 24 
67 21 
34 10 
83 27 
59 19 
3 0 
78 25 
31 9 
85 27 
55 17 
100 32 
64 20 
54 17 
23 7 
46 14 
30 9 
89 29 
10 2 
87 28 
25 7 
45 14 
62 20 
42 13 
36 11 
88 28 
51 16 
75 24 
41 13 
4 0 
80 26 
7 1 
60 19 
21 6 
94 30 
97 31 
102 33 
84 27 
47 15 
8 2 
92 30 
39 12 
16 4 
71 23 
61 19 
43 13 
28 8 
96 31 
48 15 
22 6 
70 22 
13 3 
14 4 
24 7 
11 3 
99 32 
20 6 
32 10 
26 8 
98 32 
44 14 
68 22 
12 3 
49 15 
95 31 
38 12 
66 21 
15 4 
9 2 
93 30 
