104 17
36 11 
34 10 
68 22 
70 22 
13 3 
12 3 
45 14 
52 16 
81 26 
103 33 
67 21 
83 27 
11 3 
19 5 
90 29 
26 8 
102 33 
61 19 
105 34 
66 21 
65 21 
38 12 
15 4 
86 28 
31 9 
57 18 
87 28 
91 29 
49 15 
48 15 
58 18 
71 23 
40 12 
29 9 
80 26 
72 23 
14 4 
74 24 
9 2 
64 20 
41 13 
99 32 
73 23 
21 6 
55 17 
98 32 
20 6 
93 30 
60 19 
39 12 
75 24 
88 28 
37 11 
97 31 
96 31 
7 1 
35 11 
92 30 
50 16 
44 14 
22 6 
3 0 
24 7 
82 26 
106 34 
100 32 
28 8 
25 7 
51 16 
63 20 
76 24 
32 10 
47 15 
77 25 
101 33 
17 5 
18 5 
23 7 
94 30 
54 17 
8 2 
5 1 
4 0 
30 9 
89 29 
27 8 
42 13 
84 27 
69 22 
59 19 
95 31 
56 18 
62 20 
53 17 
78 25 
16 4 
10 2 
46 14 
85 27 
104 34 
33 10 
6 1 
43 13 
79 25 
