102 17
90 29 
18 5 
66 21 
65 21 
51 16 
55 17 
19 5 
49 15 
21 6 
75 24 
84 27 
77 25 
98 32 
12 3 
87 28 
39 12 
24 7 
60 19 
99 32 
78 25 
103 33 
11 3 
43 13 
53 17 
26 8 
45 14 
63 20 
38 12 
41 13 
96 31 
32 10 
80 26 
50 16 
8 2 
36 11 
28 8 
48 15 
40 12 
76 24 
81 26 
29 9 
89 29 
33 10 
27 8 
71 23 
93 30 
64 20 
104 34 
22 6 
31 9 
69 22 
34 10 
4 0 
74 24 
82 26 
100 32 
57 18 
68 22 
62 20 
13 3 
91 29 
70 22 
25 7 
58 18 
102 33 
3 0 
42 13 
37 11 
54 17 
56 18 
73 23 
79 25 
6 1 
30 9 
23 7 
9 2 
94 30 
15 4 
92 30 
97 31 
14 4 
47 15 
88 28 
85 27 
101 33 
7 1 
83 27 
72 23 
86 28 
17 5 
52 16 
95 31 
35 11 
59 19 
16 4 
61 19 
44 14 
10 2 
67 21 
20 6 
5 1 
46 14 
