153 25
139 45 
44 14 
9 2 
71 23 
135 44 
29 9 
42 13 
7 1 
52 16 
17 5 
121 39 
13 3 
131 43 
117 38 
106 34 
53 17 
48 15 
86 28 
99 32 
112 36 
94 30 
69 22 
146 48 
128 42 
149 49 
60 19 
31 9 
61 19 
40 12 
51 16 
54 17 
6 1 
122 40 
12 3 
97 31 
154 50 
98 32 
4 0 
68 22 
104 34 
133 43 
33 10 
65 21 
77 25 
14 4 
111 36 
34 10 
113 37 
35 11 
83 27 
84 27 
8 2 
32 10 
155 51 
72 23 
16 4 
138 45 
96 31 
115 37 
126 41 
90 29 
64 20 
43 13 
151 49 
59 19 
24 7 
3 0 
134 44 
95 31 
73 23 
75 24 
39 12 
46 14 
23 7 
123 40 
130 42 
11 3 
50 16 
91 29 
15 4 
82 26 
20 6 
110 36 
57 18 
141 46 
88 28 
120 39 
45 14 
87 28 
89 29 
27 8 
18 5 
56 18 
85 27 
10 2 
129 42 
5 1 
26 8 
142 46 
21 6 
132 43 
37 11 
36 11 
74 24 
63 20 
137 45 
49 15 
101 33 
150 49 
140 46 
147 48 
125 41 
108 35 
116 38 
118 38 
78 25 
153 50 
47 15 
93 30 
145 47 
114 37 
152 50 
66 21 
19 5 
38 12 
124 40 
105 34 
41 13 
144 47 
100 32 
80 26 
25 7 
119 39 
79 25 
55 17 
67 21 
58 18 
28 8 
143 47 
62 20 
109 35 
136 44 
81 26 
70 22 
22 6 
127 41 
76 24 
103 33 
148 48 
102 33 
30 9 
92 30 
107 35 
