85 14
33 10 
64 20 
39 12 
61 19 
26 7 
28 8 
76 24 
71 22 
15 4 
59 18 
67 21 
73 23 
52 16 
51 16 
14 3 
38 11 
60 19 
27 8 
35 10 
20 5 
9 2 
57 18 
58 18 
18 5 
47 14 
50 15 
32 9 
5 0 
8 1 
77 24 
10 2 
25 7 
24 7 
84 27 
78 25 
3 0 
34 10 
55 17 
66 21 
31 9 
63 20 
21 6 
40 12 
87 28 
44 13 
36 11 
65 20 
45 14 
70 22 
13 3 
16 4 
56 17 
48 15 
42 13 
85 27 
68 21 
69 22 
11 2 
12 3 
49 15 
6 1 
41 12 
80 25 
17 4 
19 5 
7 1 
22 6 
53 16 
46 14 
81 26 
74 23 
54 17 
75 24 
72 23 
29 8 
79 25 
86 27 
23 6 
62 19 
83 26 
82 26 
43 13 
37 11 
30 9 
4 0 
