156 26
89 29 
144 47 
118 38 
28 8 
9 2 
119 39 
4 0 
135 44 
46 14 
47 15 
44 14 
137 45 
113 37 
92 30 
88 28 
29 9 
26 8 
37 11 
138 45 
111 36 
143 47 
68 22 
17 5 
130 42 
59 19 
22 6 
139 45 
5 1 
133 43 
101 33 
107 35 
61 19 
91 29 
52 16 
78 25 
79 25 
62 20 
147 48 
43 13 
82 26 
69 22 
3 0 
19 5 
38 12 
115 37 
40 12 
57 18 
132 43 
127 41 
67 21 
103 33 
140 46 
64 20 
116 38 
66 21 
102 33 
122 40 
150 49 
50 16 
125 41 
33 10 
11 3 
86 28 
146 48 
25 7 
12 3 
8 2 
83 27 
110 36 
6 1 
76 24 
87 28 
81 26 
153 50 
16 4 
13 3 
94 30 
34 10 
58 18 
75 24 
65 21 
157 51 
48 15 
36 11 
129 42 
151 49 
149 49 
99 32 
154 50 
32 10 
95 31 
51 16 
10 2 
124 40 
54 17 
74 24 
71 23 
55 17 
45 14 
77 25 
18 5 
72 23 
145 47 
142 46 
49 15 
98 32 
120 39 
39 12 
73 23 
20 6 
31 9 
84 27 
60 19 
158 52 
112 36 
126 41 
14 4 
109 35 
15 4 
155 51 
108 35 
42 13 
100 32 
70 22 
123 40 
104 34 
56 18 
27 8 
53 17 
114 37 
90 29 
41 13 
96 31 
136 44 
105 34 
128 42 
63 20 
7 1 
23 7 
35 11 
24 7 
93 30 
141 46 
30 9 
85 27 
152 50 
134 44 
148 48 
21 6 
156 51 
106 34 
80 26 
121 39 
97 31 
117 38 
131 43 
