115 19
104 34 
69 22 
9 2 
84 27 
30 9 
66 21 
99 32 
90 29 
109 35 
12 3 
85 27 
52 16 
75 24 
53 17 
57 18 
82 26 
13 3 
16 4 
31 9 
77 25 
91 29 
80 26 
14 4 
25 7 
81 26 
94 30 
43 13 
105 34 
56 18 
101 33 
28 8 
36 11 
40 12 
37 11 
117 38 
74 24 
6 1 
86 28 
22 6 
19 5 
21 6 
97 31 
48 15 
59 19 
95 31 
93 30 
58 18 
111 36 
20 6 
71 23 
35 11 
54 17 
87 28 
112 36 
18 5 
27 8 
62 20 
65 21 
42 13 
70 22 
3 0 
34 10 
7 1 
5 1 
100 32 
110 36 
55 17 
44 14 
60 19 
24 7 
79 25 
49 15 
108 35 
26 8 
73 23 
114 37 
33 10 
38 12 
76 24 
15 4 
116 38 
96 31 
50 16 
103 33 
11 3 
8 2 
98 32 
67 21 
29 9 
78 25 
23 7 
64 20 
68 22 
47 15 
45 14 
4 0 
92 30 
88 28 
32 10 
107 35 
46 14 
83 27 
17 5 
63 20 
89 29 
113 37 
41 13 
10 2 
102 33 
106 34 
61 19 
39 12 
51 16 
72 23 
115 37 
