148 24
107 35 
27 8 
64 20 
5 1 
7 1 
93 30 
65 21 
44 14 
82 26 
116 38 
24 7 
48 15 
75 24 
133 43 
39 12 
85 27 
102 33 
66 21 
52 16 
79 25 
34 10 
118 38 
20 6 
129 42 
86 28 
57 18 
91 29 
12 3 
78 25 
111 36 
73 23 
146 48 
84 27 
145 47 
126 41 
58 18 
40 12 
123 40 
22 6 
26 8 
128 42 
74 24 
11 3 
96 31 
63 20 
67 21 
80 26 
45 14 
100 32 
105 34 
124 40 
134 44 
108 35 
119 39 
97 31 
112 36 
23 7 
59 19 
32 10 
46 14 
98 32 
72 23 
87 28 
71 23 
49 15 
51 16 
50 16 
92 30 
138 45 
8 2 
30 9 
89 29 
21 6 
127 41 
38 12 
47 15 
6 1 
56 18 
31 9 
53 17 
70 22 
95 31 
150 49 
33 10 
77 25 
4 0 
131 43 
41 13 
16 4 
121 39 
141 46 
43 13 
144 47 
88 28 
37 11 
132 43 
76 24 
94 30 
18 5 
143 47 
83 27 
115 37 
99 32 
106 34 
61 19 
125 41 
36 11 
113 37 
109 35 
14 4 
19 5 
60 19 
90 29 
117 38 
136 44 
135 44 
110 36 
149 49 
120 39 
142 46 
69 22 
101 33 
17 5 
62 20 
147 48 
54 17 
3 0 
55 17 
140 46 
103 33 
122 40 
28 8 
81 26 
139 45 
148 48 
15 4 
9 2 
137 45 
130 42 
35 11 
13 3 
114 37 
42 13 
25 7 
29 9 
10 2 
104 34 
68 22 
