154 25
21 6 
19 5 
68 22 
137 45 
114 37 
14 4 
153 50 
57 18 
151 49 
24 7 
4 0 
62 20 
55 17 
41 13 
84 27 
96 31 
61 19 
66 21 
113 37 
140 46 
36 11 
35 11 
81 26 
119 39 
40 12 
85 27 
26 8 
93 30 
149 49 
30 9 
121 39 
65 21 
33 10 
107 35 
72 23 
134 44 
82 26 
37 11 
109 35 
48 15 
73 23 
60 19 
101 33 
110 36 
12 3 
89 29 
150 49 
103 33 
147 48 
76 24 
50 16 
46 14 
16 4 
108 35 
98 32 
131 43 
56 18 
32 10 
71 23 
135 44 
39 12 
130 42 
143 47 
136 44 
105 34 
146 48 
126 41 
49 15 
104 34 
156 51 
138 45 
124 40 
17 5 
25 7 
15 4 
111 36 
78 25 
128 42 
141 46 
63 20 
42 13 
20 6 
23 7 
8 2 
58 18 
11 3 
152 50 
7 1 
120 39 
154 50 
44 14 
86 28 
144 47 
77 25 
127 41 
145 47 
22 6 
133 43 
54 17 
69 22 
29 9 
75 24 
100 32 
95 31 
64 20 
122 40 
115 37 
9 2 
43 13 
18 5 
38 12 
139 45 
13 3 
83 27 
118 38 
87 28 
155 51 
102 33 
125 41 
94 30 
129 42 
106 34 
5 1 
10 2 
97 31 
80 26 
79 25 
88 28 
142 46 
116 38 
91 29 
31 9 
52 16 
53 17 
148 48 
6 1 
74 24 
132 43 
92 30 
27 8 
28 8 
51 16 
70 22 
59 19 
45 14 
123 40 
34 10 
90 29 
47 15 
99 32 
3 0 
67 21 
117 38 
112 36 
