186 31
33 10 
126 41 
104 34 
8 2 
183 60 
83 27 
177 58 
12 3 
115 37 
114 37 
153 50 
180 59 
108 35 
67 21 
158 52 
188 62 
70 22 
161 53 
132 43 
78 25 
89 29 
109 35 
93 30 
106 34 
34 10 
124 40 
14 4 
59 19 
102 33 
65 21 
5 1 
151 49 
3 0 
149 49 
6 1 
58 18 
146 48 
94 30 
81 26 
113 37 
79 25 
167 55 
51 16 
120 39 
171 56 
24 7 
74 24 
134 44 
123 40 
152 50 
30 9 
178 58 
156 51 
53 17 
98 32 
55 17 
88 28 
91 29 
154 50 
18 5 
139 45 
142 46 
150 49 
100 32 
111 36 
57 18 
157 51 
122 40 
166 54 
174 57 
165 54 
4 0 
19 5 
112 36 
85 27 
168 55 
117 38 
187 61 
141 46 
181 59 
25 7 
164 54 
80 26 
162 53 
105 34 
62 20 
86 28 
185 61 
20 6 
147 48 
56 18 
29 9 
9 2 
37 11 
22 6 
87 28 
110 36 
39 12 
63 20 
97 31 
16 4 
21 6 
54 17 
107 35 
75 24 
172 56 
131 43 
125 41 
27 8 
46 14 
169 55 
32 10 
45 14 
31 9 
47 15 
135 44 
72 23 
26 8 
60 19 
96 31 
52 16 
42 13 
95 31 
15 4 
73 23 
43 13 
44 14 
50 16 
173 57 
128 42 
69 22 
163 53 
116 38 
144 47 
121 39 
71 23 
159 52 
138 45 
176 58 
77 25 
119 39 
10 2 
133 43 
118 38 
99 32 
175 57 
143 47 
82 26 
84 27 
66 21 
90 29 
23 7 
182 60 
11 3 
38 12 
103 33 
35 11 
186 61 
101 33 
41 13 
155 51 
49 15 
148 48 
64 20 
36 11 
137 45 
160 52 
40 12 
127 41 
48 15 
170 56 
179 59 
17 5 
7 1 
130 42 
28 8 
92 30 
129 42 
145 47 
184 60 
76 24 
140 46 
136 44 
68 22 
61 19 
13 3 
