150 25
6 1 
3 0 
84 27 
31 9 
136 44 
68 22 
47 15 
69 22 
55 17 
143 47 
129 42 
131 43 
100 32 
24 7 
59 19 
96 31 
8 2 
130 42 
35 11 
104 34 
36 11 
61 19 
71 23 
9 2 
150 49 
25 7 
98 32 
13 3 
80 26 
91 29 
73 23 
112 36 
142 46 
75 24 
39 12 
125 41 
74 24 
105 34 
30 9 
92 30 
141 46 
42 13 
97 31 
65 21 
38 12 
138 45 
134 44 
139 45 
33 10 
128 42 
82 26 
89 29 
34 10 
101 33 
81 26 
107 35 
86 28 
146 48 
4 0 
133 43 
43 13 
111 36 
70 22 
123 40 
5 1 
18 5 
32 10 
58 18 
118 38 
85 27 
140 46 
94 30 
88 28 
60 19 
57 18 
40 12 
114 37 
51 16 
116 38 
12 3 
21 6 
110 36 
54 17 
119 39 
52 16 
66 21 
93 30 
135 44 
102 33 
19 5 
152 50 
106 34 
109 35 
14 4 
83 27 
148 48 
121 39 
64 20 
62 20 
22 6 
147 48 
126 41 
72 23 
29 9 
27 8 
151 49 
15 4 
20 6 
120 39 
37 11 
17 5 
48 15 
137 45 
23 7 
78 25 
11 3 
16 4 
132 43 
113 37 
53 17 
77 25 
49 15 
79 25 
26 8 
46 14 
103 33 
50 16 
87 28 
124 40 
63 20 
90 29 
108 35 
28 8 
10 2 
67 21 
41 13 
99 32 
44 14 
95 31 
127 41 
145 47 
122 40 
144 47 
76 24 
117 38 
7 1 
115 37 
149 49 
45 14 
56 18 
