87 3828
6 6 
78 78 
55 55 
73 73 
56 56 
19 19 
58 58 
65 65 
25 25 
29 29 
21 21 
86 86 
28 28 
64 64 
66 66 
57 57 
16 16 
54 54 
84 84 
12 12 
59 59 
40 40 
34 34 
70 70 
36 36 
18 18 
51 51 
62 62 
4 4 
69 69 
26 26 
30 30 
44 44 
71 71 
43 43 
85 85 
31 31 
77 77 
61 61 
8 8 
23 23 
11 11 
49 49 
42 42 
7 7 
60 60 
63 63 
67 67 
75 75 
72 72 
2 2 
14 14 
87 87 
5 5 
15 15 
3 3 
17 17 
32 32 
38 38 
76 76 
48 48 
13 13 
20 20 
1 1 
45 45 
35 35 
83 83 
24 24 
74 74 
68 68 
81 81 
27 27 
82 82 
39 39 
41 41 
9 9 
50 50 
33 33 
22 22 
79 79 
53 53 
46 46 
80 80 
10 10 
47 47 
37 37 
52 52 
