73 2701
20 20 
60 60 
39 39 
50 50 
33 33 
26 26 
59 59 
64 64 
13 13 
45 45 
28 28 
12 12 
46 46 
15 15 
19 19 
47 47 
34 34 
17 17 
27 27 
63 63 
61 61 
69 69 
6 6 
67 67 
30 30 
3 3 
52 52 
54 54 
62 62 
22 22 
51 51 
5 5 
44 44 
31 31 
24 24 
8 8 
4 4 
29 29 
58 58 
49 49 
48 48 
16 16 
35 35 
25 25 
10 10 
37 37 
14 14 
56 56 
2 2 
42 42 
41 41 
18 18 
73 73 
53 53 
55 55 
11 11 
38 38 
7 7 
32 32 
72 72 
66 66 
43 43 
23 23 
65 65 
36 36 
9 9 
70 70 
1 1 
71 71 
68 68 
40 40 
21 21 
57 57 
