96 4656
77 77 
96 96 
46 46 
85 85 
60 60 
80 80 
8 8 
70 70 
51 51 
40 40 
59 59 
21 21 
95 95 
25 25 
78 78 
64 64 
14 14 
10 10 
12 12 
2 2 
38 38 
37 37 
56 56 
36 36 
71 71 
16 16 
17 17 
82 82 
19 19 
93 93 
30 30 
3 3 
24 24 
69 69 
83 83 
94 94 
28 28 
34 34 
23 23 
90 90 
55 55 
9 9 
75 75 
79 79 
50 50 
57 57 
43 43 
81 81 
68 68 
42 42 
92 92 
62 62 
1 1 
18 18 
89 89 
33 33 
67 67 
53 53 
58 58 
86 86 
65 65 
27 27 
72 72 
54 54 
47 47 
48 48 
29 29 
22 22 
6 6 
41 41 
39 39 
49 49 
32 32 
91 91 
5 5 
52 52 
73 73 
76 76 
74 74 
84 84 
35 35 
26 26 
44 44 
66 66 
15 15 
63 63 
61 61 
31 31 
87 87 
45 45 
88 88 
20 20 
11 11 
7 7 
4 4 
13 13 
