182 16653
139 139 
36 36 
135 135 
71 71 
100 100 
43 43 
152 152 
156 156 
88 88 
98 98 
110 110 
180 180 
57 57 
86 86 
2 2 
28 28 
5 5 
155 155 
172 172 
38 38 
27 27 
129 129 
176 176 
169 169 
108 108 
44 44 
26 26 
177 177 
94 94 
161 161 
107 107 
142 142 
122 122 
123 123 
103 103 
30 30 
31 31 
125 125 
173 173 
113 113 
35 35 
112 112 
140 140 
137 137 
121 121 
84 84 
6 6 
21 21 
170 170 
69 69 
138 138 
148 148 
144 144 
99 99 
171 171 
20 20 
37 37 
97 97 
34 34 
159 159 
153 153 
136 136 
106 106 
65 65 
127 127 
90 90 
101 101 
131 131 
61 61 
53 53 
147 147 
154 154 
54 54 
146 146 
87 87 
126 126 
17 17 
76 76 
128 128 
83 83 
165 165 
151 151 
49 49 
109 109 
160 160 
16 16 
47 47 
10 10 
7 7 
115 115 
75 75 
68 68 
4 4 
9 9 
82 82 
157 157 
48 48 
45 45 
149 149 
32 32 
3 3 
78 78 
29 29 
150 150 
119 119 
143 143 
56 56 
77 77 
145 145 
22 22 
23 23 
18 18 
12 12 
120 120 
80 80 
63 63 
104 104 
39 39 
70 70 
133 133 
8 8 
64 64 
116 116 
60 60 
79 79 
62 62 
178 178 
33 33 
168 168 
41 41 
175 175 
55 55 
24 24 
182 182 
42 42 
102 102 
74 74 
73 73 
181 181 
11 11 
164 164 
95 95 
67 67 
93 93 
19 19 
130 130 
58 58 
40 40 
51 51 
141 141 
134 134 
66 66 
25 25 
132 132 
96 96 
124 124 
179 179 
117 117 
89 89 
105 105 
174 174 
162 162 
1 1 
163 163 
46 46 
111 111 
158 158 
167 167 
52 52 
14 14 
81 81 
15 15 
13 13 
50 50 
92 92 
85 85 
118 118 
59 59 
166 166 
72 72 
114 114 
91 91 
