153 11781
98 98 
134 134 
142 142 
102 102 
131 131 
61 61 
39 39 
32 32 
145 145 
113 113 
70 70 
14 14 
20 20 
11 11 
53 53 
47 47 
99 99 
92 92 
112 112 
44 44 
106 106 
16 16 
22 22 
151 151 
82 82 
95 95 
67 67 
85 85 
76 76 
146 146 
13 13 
152 152 
96 96 
28 28 
144 144 
40 40 
132 132 
71 71 
136 136 
122 122 
130 130 
115 115 
94 94 
150 150 
56 56 
109 109 
18 18 
126 126 
78 78 
138 138 
31 31 
34 34 
73 73 
7 7 
116 116 
68 68 
103 103 
125 125 
57 57 
140 140 
41 41 
118 118 
46 46 
100 100 
135 135 
30 30 
27 27 
148 148 
128 128 
38 38 
66 66 
9 9 
54 54 
137 137 
111 111 
69 69 
89 89 
119 119 
8 8 
63 63 
79 79 
1 1 
19 19 
124 124 
42 42 
26 26 
127 127 
97 97 
5 5 
52 52 
65 65 
110 110 
120 120 
51 51 
104 104 
15 15 
64 64 
23 23 
81 81 
45 45 
72 72 
29 29 
74 74 
149 149 
153 153 
133 133 
117 117 
91 91 
17 17 
55 55 
2 2 
105 105 
80 80 
35 35 
87 87 
86 86 
84 84 
25 25 
43 43 
107 107 
60 60 
93 93 
6 6 
88 88 
143 143 
141 141 
139 139 
121 121 
4 4 
108 108 
147 147 
58 58 
75 75 
37 37 
123 123 
21 21 
90 90 
49 49 
12 12 
77 77 
62 62 
59 59 
114 114 
83 83 
36 36 
50 50 
33 33 
48 48 
3 3 
129 129 
10 10 
24 24 
101 101 
