102 5253
102 102 
48 48 
26 26 
72 72 
96 96 
25 25 
8 8 
22 22 
50 50 
4 4 
95 95 
35 35 
20 20 
78 78 
87 87 
1 1 
67 67 
32 32 
10 10 
18 18 
89 89 
21 21 
28 28 
77 77 
85 85 
13 13 
90 90 
37 37 
49 49 
98 98 
73 73 
62 62 
88 88 
6 6 
12 12 
11 11 
47 47 
82 82 
80 80 
17 17 
61 61 
3 3 
60 60 
58 58 
27 27 
93 93 
91 91 
43 43 
65 65 
86 86 
69 69 
101 101 
24 24 
44 44 
33 33 
16 16 
64 64 
74 74 
55 55 
29 29 
76 76 
94 94 
63 63 
38 38 
66 66 
100 100 
34 34 
23 23 
30 30 
56 56 
71 71 
75 75 
83 83 
52 52 
99 99 
39 39 
31 31 
54 54 
7 7 
79 79 
19 19 
70 70 
41 41 
68 68 
57 57 
40 40 
5 5 
42 42 
51 51 
46 46 
59 59 
15 15 
81 81 
14 14 
53 53 
97 97 
45 45 
36 36 
92 92 
9 9 
84 84 
2 2 
