85 3655
46 46 
7 7 
16 16 
4 4 
69 69 
33 33 
50 50 
63 63 
11 11 
66 66 
84 84 
32 32 
65 65 
21 21 
74 74 
58 58 
68 68 
30 30 
48 48 
85 85 
51 51 
35 35 
78 78 
82 82 
77 77 
52 52 
83 83 
44 44 
19 19 
14 14 
62 62 
29 29 
60 60 
31 31 
18 18 
80 80 
37 37 
5 5 
23 23 
67 67 
56 56 
13 13 
54 54 
73 73 
27 27 
34 34 
1 1 
72 72 
3 3 
26 26 
47 47 
8 8 
43 43 
10 10 
53 53 
9 9 
64 64 
38 38 
42 42 
20 20 
6 6 
22 22 
76 76 
59 59 
15 15 
24 24 
25 25 
71 71 
28 28 
49 49 
75 75 
12 12 
55 55 
81 81 
17 17 
2 2 
41 41 
39 39 
57 57 
45 45 
70 70 
40 40 
36 36 
79 79 
61 61 
