138 9591
58 58 
3 3 
114 114 
135 135 
65 65 
90 90 
129 129 
29 29 
77 77 
79 79 
111 111 
34 34 
96 96 
138 138 
86 86 
15 15 
54 54 
46 46 
53 53 
40 40 
24 24 
92 92 
57 57 
55 55 
100 100 
17 17 
103 103 
89 89 
66 66 
115 115 
102 102 
4 4 
101 101 
134 134 
42 42 
108 108 
126 126 
33 33 
10 10 
8 8 
67 67 
73 73 
84 84 
81 81 
2 2 
43 43 
39 39 
127 127 
6 6 
7 7 
12 12 
75 75 
137 137 
105 105 
88 88 
47 47 
104 104 
94 94 
35 35 
27 27 
63 63 
124 124 
118 118 
52 52 
80 80 
116 116 
19 19 
133 133 
110 110 
32 32 
130 130 
72 72 
91 91 
121 121 
30 30 
51 51 
36 36 
56 56 
48 48 
5 5 
25 25 
99 99 
59 59 
11 11 
112 112 
62 62 
61 61 
13 13 
70 70 
26 26 
9 9 
136 136 
64 64 
85 85 
16 16 
78 78 
23 23 
41 41 
117 117 
93 93 
131 131 
1 1 
106 106 
123 123 
87 87 
37 37 
28 28 
31 31 
49 49 
125 125 
60 60 
68 68 
20 20 
122 122 
14 14 
95 95 
18 18 
109 109 
50 50 
120 120 
69 69 
128 128 
107 107 
21 21 
76 76 
71 71 
45 45 
119 119 
83 83 
82 82 
44 44 
97 97 
98 98 
38 38 
113 113 
22 22 
132 132 
74 74 
