137 9453
8 8 
13 13 
45 45 
57 57 
77 77 
29 29 
131 131 
67 67 
55 55 
19 19 
2 2 
127 127 
82 82 
103 103 
46 46 
130 130 
12 12 
70 70 
35 35 
38 38 
7 7 
95 95 
89 89 
47 47 
81 81 
135 135 
90 90 
65 65 
5 5 
53 53 
75 75 
4 4 
79 79 
112 112 
74 74 
93 93 
30 30 
54 54 
36 36 
120 120 
100 100 
110 110 
18 18 
123 123 
24 24 
136 136 
27 27 
6 6 
108 108 
33 33 
60 60 
39 39 
69 69 
58 58 
44 44 
26 26 
101 101 
132 132 
59 59 
114 114 
28 28 
134 134 
121 121 
97 97 
88 88 
72 72 
84 84 
115 115 
43 43 
71 71 
119 119 
15 15 
68 68 
1 1 
126 126 
66 66 
32 32 
105 105 
9 9 
56 56 
23 23 
83 83 
3 3 
20 20 
14 14 
109 109 
61 61 
62 62 
37 37 
99 99 
49 49 
50 50 
96 96 
128 128 
16 16 
52 52 
122 122 
86 86 
48 48 
78 78 
137 137 
63 63 
106 106 
34 34 
25 25 
22 22 
40 40 
111 111 
102 102 
76 76 
91 91 
118 118 
73 73 
104 104 
64 64 
11 11 
129 129 
107 107 
51 51 
41 41 
98 98 
125 125 
85 85 
116 116 
31 31 
133 133 
113 113 
117 117 
10 10 
124 124 
21 21 
92 92 
94 94 
42 42 
17 17 
87 87 
80 80 
