141 10011
53 53 
103 103 
76 76 
22 22 
102 102 
35 35 
91 91 
129 129 
62 62 
92 92 
28 28 
36 36 
80 80 
58 58 
44 44 
140 140 
31 31 
17 17 
89 89 
99 99 
109 109 
117 117 
127 127 
128 128 
7 7 
64 64 
54 54 
130 130 
88 88 
81 81 
104 104 
20 20 
8 8 
79 79 
9 9 
52 52 
85 85 
30 30 
138 138 
18 18 
96 96 
3 3 
116 116 
16 16 
29 29 
112 112 
71 71 
6 6 
48 48 
84 84 
13 13 
113 113 
63 63 
12 12 
90 90 
21 21 
132 132 
37 37 
57 57 
11 11 
70 70 
121 121 
124 124 
94 94 
68 68 
110 110 
120 120 
25 25 
108 108 
51 51 
59 59 
33 33 
106 106 
136 136 
65 65 
47 47 
125 125 
95 95 
69 69 
123 123 
82 82 
60 60 
111 111 
40 40 
38 38 
133 133 
135 135 
10 10 
34 34 
118 118 
24 24 
26 26 
72 72 
115 115 
66 66 
122 122 
98 98 
75 75 
5 5 
141 141 
42 42 
19 19 
73 73 
134 134 
32 32 
114 114 
83 83 
86 86 
61 61 
77 77 
56 56 
49 49 
23 23 
14 14 
93 93 
74 74 
131 131 
46 46 
100 100 
107 107 
67 67 
139 139 
55 55 
45 45 
41 41 
50 50 
78 78 
119 119 
126 126 
27 27 
1 1 
105 105 
43 43 
87 87 
4 4 
97 97 
15 15 
39 39 
101 101 
2 2 
137 137 
