118 7021
15 15 
49 49 
100 100 
67 67 
102 102 
26 26 
99 99 
90 90 
41 41 
114 114 
47 47 
52 52 
8 8 
86 86 
78 78 
61 61 
23 23 
98 98 
48 48 
107 107 
50 50 
4 4 
71 71 
39 39 
79 79 
97 97 
45 45 
36 36 
96 96 
5 5 
94 94 
19 19 
38 38 
103 103 
85 85 
29 29 
112 112 
44 44 
21 21 
109 109 
84 84 
111 111 
116 116 
33 33 
17 17 
80 80 
74 74 
73 73 
82 82 
65 65 
53 53 
58 58 
92 92 
59 59 
55 55 
68 68 
117 117 
75 75 
14 14 
35 35 
28 28 
31 31 
64 64 
87 87 
32 32 
22 22 
42 42 
40 40 
2 2 
91 91 
16 16 
51 51 
34 34 
56 56 
93 93 
95 95 
54 54 
115 115 
18 18 
83 83 
3 3 
88 88 
113 113 
101 101 
1 1 
13 13 
70 70 
57 57 
63 63 
20 20 
81 81 
25 25 
77 77 
60 60 
10 10 
104 104 
7 7 
30 30 
24 24 
89 89 
76 76 
108 108 
37 37 
27 27 
105 105 
62 62 
66 66 
69 69 
11 11 
72 72 
43 43 
12 12 
46 46 
118 118 
106 106 
6 6 
9 9 
110 110 
