82 3403
24 24 
57 57 
63 63 
4 4 
5 5 
67 67 
46 46 
81 81 
28 28 
82 82 
18 18 
54 54 
60 60 
47 47 
56 56 
14 14 
1 1 
62 62 
12 12 
37 37 
61 61 
80 80 
43 43 
65 65 
19 19 
79 79 
70 70 
29 29 
31 31 
42 42 
21 21 
49 49 
32 32 
71 71 
74 74 
40 40 
2 2 
77 77 
38 38 
73 73 
53 53 
78 78 
36 36 
8 8 
69 69 
68 68 
10 10 
15 15 
23 23 
39 39 
3 3 
64 64 
52 52 
17 17 
41 41 
75 75 
58 58 
6 6 
25 25 
48 48 
16 16 
13 13 
34 34 
45 45 
35 35 
7 7 
20 20 
26 26 
72 72 
51 51 
22 22 
11 11 
30 30 
55 55 
76 76 
33 33 
59 59 
9 9 
66 66 
44 44 
50 50 
27 27 
