95 4560
84 84 
35 35 
46 46 
20 20 
34 34 
77 77 
71 71 
90 90 
62 62 
29 29 
66 66 
41 41 
10 10 
19 19 
68 68 
83 83 
11 11 
1 1 
12 12 
56 56 
44 44 
72 72 
4 4 
73 73 
79 79 
65 65 
74 74 
58 58 
17 17 
59 59 
30 30 
61 61 
8 8 
95 95 
33 33 
86 86 
18 18 
92 92 
6 6 
78 78 
64 64 
93 93 
49 49 
53 53 
28 28 
70 70 
27 27 
55 55 
36 36 
14 14 
52 52 
89 89 
42 42 
81 81 
87 87 
57 57 
37 37 
25 25 
5 5 
76 76 
94 94 
22 22 
3 3 
32 32 
21 21 
24 24 
9 9 
47 47 
54 54 
69 69 
50 50 
7 7 
2 2 
31 31 
43 43 
45 45 
38 38 
40 40 
85 85 
15 15 
39 39 
67 67 
80 80 
91 91 
82 82 
60 60 
13 13 
51 51 
48 48 
88 88 
26 26 
16 16 
75 75 
23 23 
63 63 
