179 16110
81 81 
155 155 
168 168 
104 104 
73 73 
84 84 
114 114 
158 158 
52 52 
152 152 
115 115 
7 7 
148 148 
108 108 
41 41 
77 77 
62 62 
61 61 
175 175 
170 170 
89 89 
28 28 
127 127 
72 72 
43 43 
3 3 
29 29 
177 177 
69 69 
20 20 
59 59 
66 66 
160 160 
17 17 
49 49 
8 8 
99 99 
65 65 
139 139 
118 118 
147 147 
156 156 
154 154 
165 165 
27 27 
159 159 
163 163 
76 76 
110 110 
44 44 
162 162 
117 117 
54 54 
32 32 
149 149 
145 145 
120 120 
83 83 
112 112 
91 91 
142 142 
171 171 
70 70 
39 39 
143 143 
126 126 
13 13 
100 100 
31 31 
97 97 
74 74 
63 63 
144 144 
38 38 
130 130 
141 141 
67 67 
36 36 
107 107 
78 78 
11 11 
131 131 
123 123 
166 166 
46 46 
57 57 
26 26 
124 124 
12 12 
105 105 
150 150 
101 101 
140 140 
172 172 
85 85 
146 146 
22 22 
42 42 
176 176 
178 178 
128 128 
95 95 
75 75 
109 109 
10 10 
47 47 
15 15 
53 53 
14 14 
93 93 
23 23 
24 24 
9 9 
132 132 
137 137 
30 30 
153 153 
64 64 
58 58 
68 68 
98 98 
133 133 
157 157 
25 25 
164 164 
167 167 
56 56 
134 134 
5 5 
161 161 
122 122 
82 82 
21 21 
51 51 
173 173 
119 119 
4 4 
169 169 
121 121 
102 102 
34 34 
96 96 
179 179 
94 94 
2 2 
16 16 
40 40 
92 92 
55 55 
103 103 
88 88 
136 136 
71 71 
6 6 
48 48 
19 19 
18 18 
60 60 
79 79 
37 37 
138 138 
1 1 
125 125 
106 106 
116 116 
129 129 
111 111 
87 87 
113 113 
151 151 
90 90 
174 174 
80 80 
45 45 
135 135 
50 50 
33 33 
35 35 
86 86 
