112 6328
31 31 
71 71 
11 11 
28 28 
50 50 
55 55 
6 6 
35 35 
4 4 
15 15 
29 29 
1 1 
22 22 
44 44 
23 23 
95 95 
63 63 
26 26 
36 36 
83 83 
112 112 
94 94 
59 59 
40 40 
25 25 
82 82 
73 73 
81 81 
98 98 
24 24 
78 78 
111 111 
62 62 
49 49 
32 32 
66 66 
106 106 
67 67 
58 58 
87 87 
100 100 
37 37 
110 110 
13 13 
104 104 
8 8 
27 27 
69 69 
103 103 
54 54 
48 48 
72 72 
30 30 
92 92 
108 108 
16 16 
21 21 
109 109 
14 14 
107 107 
88 88 
80 80 
105 105 
42 42 
51 51 
74 74 
47 47 
2 2 
96 96 
89 89 
43 43 
65 65 
70 70 
77 77 
53 53 
38 38 
79 79 
86 86 
52 52 
18 18 
34 34 
61 61 
7 7 
17 17 
85 85 
60 60 
10 10 
20 20 
93 93 
75 75 
41 41 
102 102 
39 39 
46 46 
12 12 
9 9 
68 68 
56 56 
91 91 
97 97 
3 3 
57 57 
45 45 
33 33 
99 99 
101 101 
19 19 
84 84 
5 5 
76 76 
90 90 
64 64 
