128 8256
20 20 
25 25 
28 28 
37 37 
75 75 
118 118 
71 71 
77 77 
76 76 
121 121 
110 110 
73 73 
1 1 
67 67 
16 16 
14 14 
41 41 
89 89 
31 31 
115 115 
29 29 
18 18 
36 36 
50 50 
8 8 
69 69 
93 93 
17 17 
2 2 
19 19 
42 42 
72 72 
23 23 
13 13 
95 95 
113 113 
47 47 
109 109 
58 58 
86 86 
117 117 
7 7 
84 84 
45 45 
123 123 
85 85 
21 21 
34 34 
80 80 
6 6 
44 44 
4 4 
103 103 
24 24 
99 99 
90 90 
88 88 
51 51 
49 49 
64 64 
39 39 
9 9 
96 96 
56 56 
87 87 
83 83 
40 40 
78 78 
57 57 
61 61 
120 120 
111 111 
60 60 
79 79 
11 11 
27 27 
3 3 
107 107 
119 119 
105 105 
114 114 
63 63 
128 128 
74 74 
91 91 
101 101 
122 122 
81 81 
48 48 
38 38 
32 32 
30 30 
82 82 
15 15 
35 35 
100 100 
26 26 
106 106 
46 46 
102 102 
116 116 
12 12 
10 10 
104 104 
22 22 
59 59 
52 52 
65 65 
53 53 
43 43 
33 33 
62 62 
124 124 
68 68 
55 55 
94 94 
66 66 
97 97 
126 126 
98 98 
112 112 
5 5 
127 127 
70 70 
92 92 
108 108 
125 125 
54 54 
