123 7626
1 1 
116 116 
74 74 
30 30 
107 107 
100 100 
56 56 
17 17 
114 114 
41 41 
95 95 
96 96 
13 13 
33 33 
53 53 
67 67 
26 26 
66 66 
60 60 
29 29 
12 12 
99 99 
76 76 
73 73 
65 65 
88 88 
58 58 
59 59 
97 97 
82 82 
103 103 
40 40 
2 2 
110 110 
25 25 
7 7 
85 85 
108 108 
117 117 
28 28 
14 14 
106 106 
52 52 
16 16 
10 10 
109 109 
78 78 
43 43 
39 39 
5 5 
86 86 
113 113 
89 89 
105 105 
3 3 
118 118 
51 51 
22 22 
8 8 
24 24 
84 84 
64 64 
94 94 
18 18 
49 49 
112 112 
101 101 
92 92 
21 21 
63 63 
69 69 
47 47 
119 119 
11 11 
4 4 
72 72 
37 37 
36 36 
91 91 
61 61 
93 93 
9 9 
75 75 
62 62 
79 79 
45 45 
122 122 
55 55 
90 90 
87 87 
71 71 
15 15 
111 111 
38 38 
115 115 
68 68 
77 77 
98 98 
120 120 
20 20 
48 48 
121 121 
81 81 
27 27 
70 70 
54 54 
57 57 
6 6 
80 80 
42 42 
83 83 
32 32 
46 46 
50 50 
31 31 
19 19 
35 35 
123 123 
44 44 
23 23 
104 104 
102 102 
34 34 
