151 11476
34 34 
103 103 
58 58 
134 134 
22 22 
71 71 
113 113 
121 121 
7 7 
82 82 
52 52 
102 102 
105 105 
50 50 
30 30 
68 68 
46 46 
145 145 
89 89 
51 51 
66 66 
16 16 
14 14 
131 131 
70 70 
43 43 
55 55 
2 2 
9 9 
35 35 
76 76 
74 74 
100 100 
120 120 
26 26 
111 111 
148 148 
139 139 
39 39 
17 17 
54 54 
86 86 
129 129 
143 143 
5 5 
44 44 
91 91 
12 12 
63 63 
10 10 
73 73 
19 19 
28 28 
65 65 
108 108 
31 31 
87 87 
130 130 
127 127 
60 60 
150 150 
36 36 
53 53 
125 125 
67 67 
107 107 
24 24 
115 115 
140 140 
104 104 
116 116 
93 93 
95 95 
49 49 
142 142 
117 117 
138 138 
114 114 
15 15 
109 109 
128 128 
4 4 
20 20 
84 84 
57 57 
80 80 
132 132 
112 112 
61 61 
126 126 
106 106 
41 41 
94 94 
124 124 
77 77 
98 98 
118 118 
59 59 
11 11 
144 144 
48 48 
136 136 
32 32 
27 27 
122 122 
81 81 
40 40 
83 83 
146 146 
29 29 
1 1 
42 42 
147 147 
97 97 
56 56 
75 75 
69 69 
123 123 
18 18 
38 38 
99 99 
62 62 
64 64 
133 133 
101 101 
25 25 
3 3 
79 79 
13 13 
141 141 
119 119 
33 33 
37 37 
85 85 
21 21 
96 96 
72 72 
78 78 
8 8 
45 45 
6 6 
47 47 
88 88 
110 110 
135 135 
151 151 
92 92 
23 23 
137 137 
90 90 
149 149 
