103 5356
58 58 
87 87 
53 53 
32 32 
62 62 
15 15 
83 83 
84 84 
42 42 
36 36 
96 96 
14 14 
34 34 
24 24 
19 19 
12 12 
103 103 
72 72 
91 91 
1 1 
61 61 
85 85 
70 70 
13 13 
7 7 
60 60 
69 69 
81 81 
95 95 
102 102 
76 76 
9 9 
92 92 
55 55 
89 89 
73 73 
25 25 
2 2 
46 46 
29 29 
39 39 
35 35 
31 31 
64 64 
80 80 
6 6 
59 59 
97 97 
45 45 
3 3 
98 98 
4 4 
78 78 
90 90 
5 5 
40 40 
79 79 
54 54 
99 99 
47 47 
37 37 
68 68 
28 28 
27 27 
30 30 
17 17 
50 50 
75 75 
67 67 
10 10 
63 63 
100 100 
101 101 
44 44 
86 86 
38 38 
93 93 
43 43 
77 77 
71 71 
26 26 
65 65 
74 74 
51 51 
23 23 
82 82 
88 88 
20 20 
21 21 
52 52 
8 8 
94 94 
16 16 
56 56 
22 22 
11 11 
33 33 
18 18 
48 48 
57 57 
41 41 
49 49 
66 66 
