175 15400
103 103 
53 53 
44 44 
17 17 
73 73 
96 96 
29 29 
148 148 
95 95 
109 109 
5 5 
85 85 
147 147 
167 167 
117 117 
107 107 
83 83 
104 104 
22 22 
157 157 
93 93 
154 154 
70 70 
88 88 
75 75 
138 138 
76 76 
119 119 
132 132 
173 173 
140 140 
28 28 
133 133 
92 92 
63 63 
65 65 
46 46 
99 99 
82 82 
6 6 
175 175 
139 139 
120 120 
112 112 
164 164 
48 48 
135 135 
42 42 
3 3 
21 21 
125 125 
8 8 
94 94 
122 122 
165 165 
13 13 
136 136 
155 155 
1 1 
68 68 
98 98 
108 108 
160 160 
172 172 
64 64 
171 171 
129 129 
12 12 
38 38 
11 11 
170 170 
72 72 
43 43 
9 9 
90 90 
51 51 
67 67 
18 18 
163 163 
123 123 
124 124 
84 84 
61 61 
116 116 
37 37 
144 144 
153 153 
149 149 
150 150 
145 145 
32 32 
4 4 
23 23 
47 47 
128 128 
79 79 
56 56 
20 20 
35 35 
7 7 
55 55 
58 58 
49 49 
59 59 
166 166 
113 113 
137 137 
24 24 
40 40 
52 52 
45 45 
146 146 
27 27 
78 78 
142 142 
105 105 
87 87 
62 62 
41 41 
33 33 
14 14 
143 143 
101 101 
25 25 
26 26 
77 77 
30 30 
74 74 
39 39 
57 57 
114 114 
151 151 
174 174 
71 71 
159 159 
15 15 
102 102 
31 31 
89 89 
111 111 
60 60 
54 54 
69 69 
16 16 
127 127 
121 121 
19 19 
106 106 
156 156 
97 97 
34 34 
158 158 
86 86 
161 161 
110 110 
81 81 
100 100 
169 169 
152 152 
36 36 
50 50 
130 130 
118 118 
66 66 
134 134 
126 126 
115 115 
162 162 
10 10 
168 168 
141 141 
2 2 
80 80 
91 91 
131 131 
