78 3081
23 23 
71 71 
66 66 
72 72 
17 17 
73 73 
70 70 
7 7 
74 74 
21 21 
58 58 
67 67 
47 47 
1 1 
19 19 
39 39 
45 45 
41 41 
26 26 
5 5 
16 16 
18 18 
20 20 
29 29 
15 15 
54 54 
53 53 
28 28 
38 38 
75 75 
65 65 
68 68 
12 12 
9 9 
6 6 
30 30 
34 34 
44 44 
63 63 
76 76 
14 14 
10 10 
13 13 
69 69 
40 40 
59 59 
61 61 
50 50 
57 57 
33 33 
51 51 
22 22 
27 27 
2 2 
60 60 
64 64 
37 37 
56 56 
77 77 
36 36 
42 42 
43 43 
11 11 
52 52 
55 55 
3 3 
78 78 
24 24 
32 32 
35 35 
25 25 
48 48 
49 49 
46 46 
31 31 
4 4 
8 8 
62 62 
