127 8128
73 73 
10 10 
111 111 
24 24 
116 116 
70 70 
45 45 
100 100 
47 47 
92 92 
104 104 
36 36 
23 23 
4 4 
39 39 
88 88 
19 19 
37 37 
62 62 
3 3 
2 2 
110 110 
9 9 
68 68 
15 15 
106 106 
12 12 
99 99 
61 61 
75 75 
119 119 
84 84 
43 43 
74 74 
96 96 
118 118 
87 87 
35 35 
124 124 
22 22 
49 49 
77 77 
95 95 
7 7 
123 123 
20 20 
89 89 
93 93 
94 94 
108 108 
121 121 
127 127 
103 103 
56 56 
57 57 
85 85 
16 16 
42 42 
48 48 
71 71 
65 65 
59 59 
79 79 
44 44 
117 117 
122 122 
54 54 
98 98 
6 6 
90 90 
83 83 
60 60 
5 5 
13 13 
66 66 
109 109 
11 11 
41 41 
33 33 
115 115 
78 78 
114 114 
38 38 
52 52 
8 8 
55 55 
82 82 
1 1 
63 63 
21 21 
14 14 
112 112 
80 80 
102 102 
25 25 
69 69 
28 28 
113 113 
76 76 
51 51 
64 64 
67 67 
29 29 
34 34 
50 50 
91 91 
58 58 
18 18 
101 101 
72 72 
125 125 
46 46 
30 30 
105 105 
26 26 
81 81 
27 27 
31 31 
120 120 
97 97 
107 107 
126 126 
17 17 
32 32 
86 86 
40 40 
53 53 
