99 4950
49 49 
1 1 
87 87 
82 82 
94 94 
53 53 
60 60 
15 15 
26 26 
20 20 
99 99 
59 59 
40 40 
6 6 
62 62 
50 50 
55 55 
41 41 
95 95 
56 56 
78 78 
67 67 
21 21 
37 37 
35 35 
65 65 
98 98 
4 4 
36 36 
8 8 
80 80 
14 14 
83 83 
88 88 
73 73 
63 63 
71 71 
76 76 
33 33 
74 74 
10 10 
70 70 
75 75 
86 86 
22 22 
58 58 
64 64 
11 11 
12 12 
31 31 
72 72 
51 51 
25 25 
45 45 
89 89 
93 93 
39 39 
47 47 
96 96 
2 2 
38 38 
57 57 
66 66 
77 77 
16 16 
17 17 
19 19 
92 92 
84 84 
81 81 
3 3 
27 27 
5 5 
23 23 
24 24 
90 90 
7 7 
68 68 
32 32 
18 18 
44 44 
79 79 
54 54 
29 29 
46 46 
43 43 
13 13 
91 91 
61 61 
28 28 
34 34 
42 42 
97 97 
30 30 
48 48 
69 69 
9 9 
85 85 
52 52 
