105 5565
55 55 
76 76 
59 59 
42 42 
29 29 
37 37 
26 26 
63 63 
22 22 
13 13 
58 58 
77 77 
104 104 
12 12 
80 80 
54 54 
96 96 
89 89 
53 53 
6 6 
103 103 
52 52 
105 105 
45 45 
74 74 
18 18 
82 82 
23 23 
38 38 
47 47 
11 11 
1 1 
28 28 
56 56 
57 57 
99 99 
5 5 
83 83 
9 9 
102 102 
67 67 
17 17 
7 7 
8 8 
19 19 
71 71 
27 27 
16 16 
69 69 
32 32 
46 46 
60 60 
31 31 
93 93 
30 30 
88 88 
86 86 
3 3 
68 68 
36 36 
4 4 
35 35 
10 10 
51 51 
98 98 
87 87 
70 70 
73 73 
44 44 
40 40 
61 61 
78 78 
84 84 
92 92 
97 97 
79 79 
43 43 
101 101 
94 94 
81 81 
25 25 
21 21 
90 90 
15 15 
75 75 
14 14 
49 49 
62 62 
39 39 
91 91 
66 66 
100 100 
2 2 
33 33 
24 24 
41 41 
48 48 
85 85 
65 65 
34 34 
95 95 
72 72 
50 50 
64 64 
20 20 
