188 17766
19 19 
152 152 
88 88 
180 180 
185 185 
49 49 
53 53 
90 90 
107 107 
93 93 
40 40 
95 95 
150 150 
2 2 
78 78 
77 77 
71 71 
55 55 
170 170 
12 12 
94 94 
136 136 
166 166 
137 137 
64 64 
39 39 
17 17 
156 156 
37 37 
5 5 
56 56 
3 3 
30 30 
176 176 
81 81 
133 133 
48 48 
44 44 
159 159 
52 52 
174 174 
72 72 
51 51 
134 134 
126 126 
92 92 
103 103 
105 105 
1 1 
175 175 
14 14 
165 165 
85 85 
99 99 
29 29 
188 188 
70 70 
119 119 
36 36 
63 63 
131 131 
151 151 
73 73 
178 178 
183 183 
7 7 
145 145 
124 124 
15 15 
114 114 
132 132 
26 26 
34 34 
125 125 
179 179 
163 163 
164 164 
89 89 
24 24 
61 61 
139 139 
184 184 
106 106 
158 158 
25 25 
138 138 
82 82 
173 173 
171 171 
31 31 
154 154 
120 120 
169 169 
109 109 
143 143 
66 66 
161 161 
67 67 
186 186 
187 187 
35 35 
75 75 
96 96 
8 8 
28 28 
127 127 
83 83 
80 80 
16 16 
128 128 
54 54 
112 112 
79 79 
74 74 
42 42 
113 113 
68 68 
181 181 
76 76 
6 6 
10 10 
162 162 
27 27 
168 168 
43 43 
148 148 
86 86 
47 47 
22 22 
116 116 
129 129 
182 182 
18 18 
118 118 
135 135 
97 97 
41 41 
140 140 
122 122 
102 102 
62 62 
104 104 
123 123 
121 121 
9 9 
50 50 
46 46 
110 110 
33 33 
177 177 
57 57 
108 108 
58 58 
146 146 
87 87 
32 32 
167 167 
149 149 
130 130 
4 4 
100 100 
98 98 
155 155 
147 147 
45 45 
157 157 
60 60 
101 101 
38 38 
115 115 
11 11 
153 153 
21 21 
111 111 
160 160 
117 117 
84 84 
69 69 
65 65 
91 91 
23 23 
144 144 
59 59 
13 13 
172 172 
142 142 
20 20 
141 141 
