133 8911
22 22 
42 42 
76 76 
57 57 
2 2 
51 51 
108 108 
65 65 
12 12 
78 78 
127 127 
132 132 
24 24 
112 112 
90 90 
73 73 
6 6 
104 104 
37 37 
47 47 
5 5 
83 83 
125 125 
81 81 
44 44 
20 20 
74 74 
45 45 
88 88 
40 40 
102 102 
32 32 
98 98 
131 131 
110 110 
4 4 
71 71 
122 122 
39 39 
13 13 
115 115 
17 17 
10 10 
103 103 
96 96 
133 133 
109 109 
61 61 
128 128 
120 120 
126 126 
63 63 
94 94 
119 119 
89 89 
82 82 
25 25 
105 105 
55 55 
97 97 
9 9 
99 99 
75 75 
41 41 
23 23 
80 80 
130 130 
26 26 
72 72 
123 123 
93 93 
28 28 
106 106 
14 14 
121 121 
53 53 
52 52 
30 30 
36 36 
11 11 
46 46 
79 79 
43 43 
95 95 
49 49 
62 62 
111 111 
70 70 
29 29 
100 100 
107 107 
114 114 
101 101 
59 59 
117 117 
66 66 
116 116 
84 84 
87 87 
86 86 
69 69 
48 48 
67 67 
129 129 
92 92 
118 118 
18 18 
85 85 
124 124 
68 68 
15 15 
3 3 
91 91 
19 19 
1 1 
50 50 
38 38 
33 33 
113 113 
56 56 
21 21 
35 35 
7 7 
8 8 
60 60 
54 54 
64 64 
31 31 
27 27 
77 77 
16 16 
34 34 
58 58 
