88 3916
22 22 
51 51 
35 35 
33 33 
12 12 
60 60 
8 8 
49 49 
84 84 
21 21 
34 34 
41 41 
53 53 
87 87 
17 17 
78 78 
39 39 
30 30 
19 19 
63 63 
4 4 
48 48 
20 20 
77 77 
83 83 
28 28 
13 13 
6 6 
25 25 
37 37 
2 2 
5 5 
44 44 
80 80 
54 54 
55 55 
58 58 
43 43 
81 81 
59 59 
86 86 
40 40 
76 76 
56 56 
10 10 
88 88 
52 52 
73 73 
1 1 
16 16 
46 46 
66 66 
65 65 
24 24 
75 75 
74 74 
71 71 
36 36 
27 27 
23 23 
72 72 
67 67 
47 47 
11 11 
68 68 
26 26 
82 82 
9 9 
85 85 
42 42 
64 64 
61 61 
45 45 
62 62 
70 70 
57 57 
50 50 
69 69 
18 18 
38 38 
7 7 
31 31 
29 29 
14 14 
32 32 
15 15 
3 3 
79 79 
