89 4005
81 81 
88 88 
75 75 
74 74 
48 48 
64 64 
76 76 
86 86 
21 21 
6 6 
87 87 
17 17 
89 89 
42 42 
4 4 
39 39 
28 28 
15 15 
51 51 
83 83 
54 54 
40 40 
68 68 
7 7 
16 16 
31 31 
38 38 
44 44 
50 50 
19 19 
47 47 
14 14 
58 58 
37 37 
59 59 
26 26 
29 29 
36 36 
66 66 
53 53 
25 25 
43 43 
67 67 
12 12 
79 79 
35 35 
41 41 
30 30 
13 13 
27 27 
5 5 
3 3 
69 69 
11 11 
24 24 
72 72 
52 52 
2 2 
71 71 
49 49 
9 9 
77 77 
46 46 
63 63 
56 56 
55 55 
73 73 
78 78 
80 80 
32 32 
57 57 
8 8 
82 82 
45 45 
65 65 
20 20 
1 1 
18 18 
62 62 
84 84 
10 10 
60 60 
33 33 
70 70 
85 85 
34 34 
22 22 
61 61 
23 23 
