190 18145
88 88 
96 96 
43 43 
80 80 
104 104 
54 54 
51 51 
118 118 
17 17 
156 156 
1 1 
127 127 
35 35 
141 141 
153 153 
72 72 
32 32 
158 158 
124 124 
59 59 
125 125 
19 19 
171 171 
183 183 
106 106 
70 70 
140 140 
98 98 
145 145 
56 56 
148 148 
174 174 
31 31 
123 123 
24 24 
47 47 
49 49 
14 14 
8 8 
95 95 
128 128 
78 78 
126 126 
77 77 
5 5 
94 94 
53 53 
175 175 
2 2 
37 37 
41 41 
103 103 
130 130 
64 64 
120 120 
181 181 
111 111 
23 23 
63 63 
167 167 
67 67 
147 147 
7 7 
36 36 
177 177 
157 157 
90 90 
137 137 
108 108 
61 61 
122 122 
131 131 
66 66 
146 146 
82 82 
15 15 
75 75 
114 114 
18 18 
178 178 
162 162 
100 100 
154 154 
190 190 
163 163 
9 9 
133 133 
168 168 
87 87 
115 115 
74 74 
3 3 
165 165 
113 113 
187 187 
81 81 
58 58 
57 57 
13 13 
27 27 
188 188 
92 92 
10 10 
11 11 
79 79 
184 184 
164 164 
45 45 
12 12 
50 50 
182 182 
71 71 
68 68 
55 55 
6 6 
34 34 
189 189 
150 150 
25 25 
132 132 
119 119 
91 91 
21 21 
84 84 
149 149 
44 44 
48 48 
135 135 
160 160 
173 173 
60 60 
4 4 
170 170 
152 152 
169 169 
69 69 
62 62 
39 39 
172 172 
22 22 
29 29 
52 52 
112 112 
139 139 
42 42 
76 76 
179 179 
166 166 
144 144 
161 161 
33 33 
142 142 
46 46 
151 151 
93 93 
159 159 
40 40 
85 85 
105 105 
101 101 
16 16 
89 89 
99 99 
83 83 
20 20 
107 107 
186 186 
138 138 
155 155 
65 65 
30 30 
176 176 
121 121 
134 134 
109 109 
143 143 
102 102 
136 136 
116 116 
117 117 
73 73 
97 97 
180 180 
28 28 
129 129 
86 86 
185 185 
26 26 
110 110 
38 38 
