144 10440
26 26 
133 133 
113 113 
91 91 
47 47 
37 37 
100 100 
41 41 
52 52 
130 130 
83 83 
110 110 
132 132 
44 44 
68 68 
30 30 
74 74 
75 75 
51 51 
67 67 
124 124 
111 111 
135 135 
109 109 
93 93 
16 16 
34 34 
20 20 
15 15 
60 60 
122 122 
63 63 
101 101 
3 3 
90 90 
98 98 
40 40 
11 11 
14 14 
38 38 
6 6 
97 97 
69 69 
89 89 
126 126 
59 59 
53 53 
8 8 
29 29 
55 55 
71 71 
106 106 
134 134 
27 27 
139 139 
48 48 
123 123 
64 64 
136 136 
45 45 
19 19 
13 13 
94 94 
65 65 
121 121 
128 128 
82 82 
127 127 
88 88 
21 21 
39 39 
9 9 
79 79 
36 36 
92 92 
81 81 
5 5 
77 77 
62 62 
104 104 
105 105 
49 49 
43 43 
12 12 
85 85 
22 22 
66 66 
86 86 
24 24 
54 54 
87 87 
99 99 
125 125 
116 116 
114 114 
4 4 
58 58 
18 18 
103 103 
50 50 
78 78 
57 57 
46 46 
17 17 
32 32 
95 95 
84 84 
23 23 
61 61 
10 10 
141 141 
117 117 
76 76 
129 129 
33 33 
56 56 
28 28 
120 120 
42 42 
131 131 
96 96 
70 70 
108 108 
25 25 
144 144 
118 118 
119 119 
73 73 
31 31 
80 80 
102 102 
143 143 
137 137 
2 2 
112 112 
140 140 
142 142 
35 35 
115 115 
72 72 
138 138 
1 1 
107 107 
7 7 
