172 14878
74 74 
116 116 
80 80 
71 71 
132 132 
69 69 
9 9 
151 151 
129 129 
169 169 
100 100 
27 27 
4 4 
79 79 
120 120 
99 99 
76 76 
85 85 
28 28 
26 26 
114 114 
3 3 
52 52 
81 81 
162 162 
158 158 
20 20 
49 49 
48 48 
113 113 
148 148 
61 61 
63 63 
97 97 
87 87 
141 141 
29 29 
51 51 
119 119 
54 54 
10 10 
110 110 
142 142 
122 122 
139 139 
30 30 
94 94 
96 96 
125 125 
39 39 
135 135 
1 1 
38 38 
55 55 
45 45 
134 134 
62 62 
144 144 
165 165 
170 170 
18 18 
146 146 
152 152 
166 166 
36 36 
136 136 
57 57 
35 35 
109 109 
133 133 
172 172 
32 32 
34 34 
90 90 
98 98 
67 67 
82 82 
161 161 
60 60 
91 91 
118 118 
149 149 
88 88 
11 11 
44 44 
171 171 
137 137 
72 72 
16 16 
127 127 
164 164 
42 42 
123 123 
58 58 
130 130 
106 106 
160 160 
124 124 
89 89 
83 83 
92 92 
6 6 
121 121 
156 156 
143 143 
22 22 
75 75 
31 31 
53 53 
23 23 
163 163 
107 107 
59 59 
24 24 
37 37 
159 159 
108 108 
8 8 
15 15 
147 147 
17 17 
168 168 
103 103 
50 50 
2 2 
66 66 
77 77 
128 128 
84 84 
14 14 
13 13 
150 150 
154 154 
131 131 
102 102 
7 7 
86 86 
167 167 
25 25 
117 117 
101 101 
21 21 
126 126 
111 111 
12 12 
64 64 
65 65 
40 40 
145 145 
5 5 
68 68 
70 70 
47 47 
33 33 
105 105 
73 73 
56 56 
155 155 
138 138 
95 95 
140 140 
93 93 
43 43 
115 115 
153 153 
41 41 
112 112 
157 157 
46 46 
104 104 
19 19 
78 78 
