143 10296
89 89 
52 52 
4 4 
122 122 
106 106 
17 17 
121 121 
53 53 
63 63 
10 10 
39 39 
69 69 
25 25 
133 133 
100 100 
101 101 
88 88 
93 93 
41 41 
60 60 
8 8 
73 73 
76 76 
77 77 
65 65 
103 103 
18 18 
26 26 
31 31 
36 36 
54 54 
56 56 
78 78 
29 29 
125 125 
42 42 
48 48 
87 87 
136 136 
44 44 
126 126 
59 59 
108 108 
71 71 
111 111 
55 55 
70 70 
130 130 
109 109 
117 117 
140 140 
97 97 
46 46 
34 34 
137 137 
15 15 
142 142 
24 24 
57 57 
67 67 
81 81 
23 23 
22 22 
33 33 
84 84 
32 32 
9 9 
43 43 
68 68 
61 61 
35 35 
120 120 
107 107 
127 127 
1 1 
83 83 
72 72 
21 21 
3 3 
5 5 
7 7 
47 47 
134 134 
104 104 
143 143 
105 105 
11 11 
131 131 
102 102 
58 58 
12 12 
62 62 
38 38 
114 114 
90 90 
129 129 
119 119 
128 128 
27 27 
19 19 
116 116 
50 50 
2 2 
138 138 
49 49 
135 135 
94 94 
115 115 
132 132 
6 6 
91 91 
75 75 
37 37 
123 123 
113 113 
79 79 
99 99 
74 74 
13 13 
16 16 
82 82 
96 96 
66 66 
85 85 
124 124 
110 110 
64 64 
14 14 
20 20 
112 112 
118 118 
95 95 
28 28 
139 139 
86 86 
92 92 
51 51 
30 30 
40 40 
98 98 
141 141 
45 45 
80 80 
