104 5460
41 41 
39 39 
12 12 
4 4 
70 70 
22 22 
97 97 
25 25 
16 16 
50 50 
47 47 
53 53 
71 71 
98 98 
28 28 
8 8 
92 92 
45 45 
20 20 
3 3 
36 36 
103 103 
99 99 
2 2 
66 66 
18 18 
43 43 
42 42 
86 86 
10 10 
19 19 
32 32 
100 100 
87 87 
29 29 
75 75 
54 54 
49 49 
64 64 
46 46 
88 88 
63 63 
21 21 
89 89 
85 85 
77 77 
91 91 
62 62 
67 67 
7 7 
96 96 
33 33 
38 38 
35 35 
55 55 
65 65 
84 84 
40 40 
27 27 
48 48 
26 26 
68 68 
11 11 
90 90 
6 6 
37 37 
73 73 
83 83 
61 61 
94 94 
80 80 
76 76 
17 17 
81 81 
51 51 
101 101 
104 104 
31 31 
34 34 
24 24 
58 58 
93 93 
95 95 
5 5 
1 1 
9 9 
69 69 
78 78 
52 52 
72 72 
15 15 
13 13 
30 30 
102 102 
79 79 
59 59 
74 74 
14 14 
23 23 
56 56 
44 44 
57 57 
60 60 
82 82 
