185 17205
35 35 
90 90 
103 103 
65 65 
14 14 
131 131 
63 63 
120 120 
160 160 
31 31 
83 83 
156 156 
145 145 
45 45 
141 141 
13 13 
3 3 
98 98 
176 176 
43 43 
146 146 
44 44 
32 32 
66 66 
113 113 
109 109 
6 6 
75 75 
168 168 
116 116 
174 174 
55 55 
144 144 
143 143 
164 164 
10 10 
180 180 
158 158 
41 41 
105 105 
140 140 
59 59 
60 60 
1 1 
46 46 
162 162 
67 67 
58 58 
25 25 
112 112 
104 104 
47 47 
51 51 
161 161 
97 97 
150 150 
127 127 
165 165 
9 9 
28 28 
173 173 
17 17 
102 102 
72 72 
80 80 
182 182 
154 154 
82 82 
40 40 
23 23 
185 185 
54 54 
108 108 
89 89 
115 115 
142 142 
12 12 
118 118 
87 87 
100 100 
15 15 
78 78 
76 76 
129 129 
175 175 
111 111 
167 167 
64 64 
70 70 
86 86 
106 106 
94 94 
20 20 
21 21 
151 151 
36 36 
42 42 
49 49 
79 79 
39 39 
117 117 
107 107 
128 128 
179 179 
178 178 
177 177 
92 92 
61 61 
16 16 
7 7 
166 166 
136 136 
139 139 
95 95 
124 124 
81 81 
163 163 
4 4 
130 130 
169 169 
8 8 
91 91 
96 96 
71 71 
53 53 
73 73 
134 134 
27 27 
2 2 
26 26 
138 138 
5 5 
34 34 
24 24 
123 123 
11 11 
29 29 
62 62 
132 132 
133 133 
88 88 
121 121 
122 122 
153 153 
155 155 
149 149 
38 38 
56 56 
135 135 
68 68 
50 50 
74 74 
147 147 
171 171 
93 93 
57 57 
125 125 
18 18 
159 159 
85 85 
148 148 
126 126 
119 119 
170 170 
114 114 
30 30 
37 37 
22 22 
33 33 
152 152 
101 101 
48 48 
77 77 
19 19 
157 157 
137 137 
184 184 
99 99 
172 172 
181 181 
110 110 
69 69 
52 52 
183 183 
84 84 
