167 14028
137 137 
144 144 
8 8 
149 149 
88 88 
25 25 
4 4 
148 148 
111 111 
57 57 
50 50 
122 122 
129 129 
76 76 
131 131 
94 94 
62 62 
23 23 
56 56 
24 24 
118 118 
162 162 
44 44 
151 151 
77 77 
96 96 
82 82 
12 12 
91 91 
22 22 
84 84 
163 163 
130 130 
103 103 
100 100 
83 83 
107 107 
66 66 
128 128 
42 42 
89 89 
74 74 
52 52 
68 68 
105 105 
127 127 
133 133 
61 61 
92 92 
159 159 
110 110 
41 41 
153 153 
112 112 
155 155 
104 104 
18 18 
143 143 
75 75 
79 79 
9 9 
140 140 
48 48 
1 1 
134 134 
10 10 
108 108 
2 2 
157 157 
80 80 
166 166 
156 156 
63 63 
47 47 
26 26 
3 3 
165 165 
142 142 
27 27 
72 72 
37 37 
102 102 
145 145 
139 139 
43 43 
125 125 
93 93 
114 114 
69 69 
98 98 
65 65 
15 15 
150 150 
32 32 
51 51 
67 67 
146 146 
55 55 
135 135 
120 120 
30 30 
161 161 
53 53 
99 99 
58 58 
59 59 
78 78 
101 101 
90 90 
73 73 
136 136 
60 60 
7 7 
115 115 
119 119 
5 5 
158 158 
6 6 
35 35 
71 71 
70 70 
160 160 
167 167 
95 95 
28 28 
97 97 
21 21 
106 106 
19 19 
20 20 
164 164 
147 147 
141 141 
117 117 
33 33 
36 36 
49 49 
45 45 
123 123 
17 17 
16 16 
11 11 
40 40 
86 86 
54 54 
154 154 
85 85 
14 14 
38 38 
132 132 
138 138 
29 29 
116 116 
121 121 
34 34 
152 152 
87 87 
124 124 
126 126 
81 81 
109 109 
46 46 
113 113 
39 39 
31 31 
13 13 
64 64 
