113 6441
82 82 
103 103 
13 13 
60 60 
18 18 
70 70 
36 36 
59 59 
100 100 
4 4 
101 101 
96 96 
14 14 
33 33 
55 55 
44 44 
99 99 
109 109 
98 98 
43 43 
6 6 
104 104 
15 15 
40 40 
23 23 
11 11 
27 27 
110 110 
54 54 
75 75 
105 105 
89 89 
8 8 
52 52 
95 95 
41 41 
39 39 
73 73 
35 35 
71 71 
38 38 
19 19 
66 66 
32 32 
112 112 
90 90 
69 69 
2 2 
47 47 
31 31 
62 62 
65 65 
34 34 
46 46 
68 68 
42 42 
83 83 
81 81 
3 3 
16 16 
64 64 
97 97 
113 113 
107 107 
92 92 
9 9 
29 29 
102 102 
86 86 
80 80 
106 106 
76 76 
77 77 
57 57 
108 108 
24 24 
67 67 
53 53 
22 22 
56 56 
50 50 
26 26 
61 61 
93 93 
91 91 
74 74 
45 45 
37 37 
78 78 
10 10 
25 25 
84 84 
7 7 
87 87 
17 17 
28 28 
51 51 
111 111 
72 72 
49 49 
1 1 
88 88 
58 58 
48 48 
30 30 
79 79 
5 5 
12 12 
85 85 
20 20 
63 63 
21 21 
94 94 
