163 13366
161 161 
40 40 
107 107 
29 29 
156 156 
154 154 
73 73 
96 96 
51 51 
88 88 
126 126 
138 138 
81 81 
52 52 
92 92 
101 101 
56 56 
157 157 
26 26 
104 104 
68 68 
137 137 
100 100 
86 86 
145 145 
22 22 
153 153 
95 95 
132 132 
27 27 
16 16 
102 102 
18 18 
30 30 
38 38 
148 148 
6 6 
44 44 
63 63 
1 1 
136 136 
13 13 
65 65 
99 99 
5 5 
84 84 
122 122 
121 121 
32 32 
25 25 
130 130 
141 141 
106 106 
77 77 
8 8 
149 149 
10 10 
152 152 
41 41 
128 128 
111 111 
140 140 
19 19 
39 39 
80 80 
12 12 
24 24 
43 43 
20 20 
23 23 
35 35 
3 3 
37 37 
93 93 
45 45 
134 134 
31 31 
112 112 
124 124 
117 117 
97 97 
127 127 
50 50 
135 135 
70 70 
110 110 
94 94 
36 36 
108 108 
142 142 
17 17 
4 4 
155 155 
103 103 
21 21 
15 15 
98 98 
28 28 
59 59 
114 114 
47 47 
144 144 
78 78 
109 109 
11 11 
64 64 
9 9 
53 53 
79 79 
33 33 
72 72 
159 159 
125 125 
91 91 
55 55 
85 85 
87 87 
143 143 
118 118 
58 58 
66 66 
160 160 
150 150 
120 120 
62 62 
61 61 
57 57 
133 133 
129 129 
14 14 
69 69 
7 7 
151 151 
158 158 
119 119 
49 49 
82 82 
146 146 
131 131 
74 74 
90 90 
113 113 
116 116 
71 71 
67 67 
115 115 
83 83 
60 60 
163 163 
34 34 
139 139 
48 48 
123 123 
76 76 
75 75 
162 162 
42 42 
89 89 
147 147 
105 105 
46 46 
54 54 
2 2 
