160 12880
41 41 
67 67 
145 145 
21 21 
56 56 
61 61 
150 150 
141 141 
69 69 
113 113 
5 5 
117 117 
110 110 
28 28 
142 142 
62 62 
44 44 
122 122 
77 77 
13 13 
133 133 
11 11 
120 120 
94 94 
104 104 
151 151 
97 97 
128 128 
102 102 
159 159 
39 39 
45 45 
66 66 
137 137 
96 96 
58 58 
132 132 
146 146 
20 20 
121 121 
65 65 
116 116 
127 127 
8 8 
35 35 
83 83 
42 42 
156 156 
29 29 
60 60 
119 119 
76 76 
59 59 
27 27 
99 99 
108 108 
24 24 
22 22 
47 47 
158 158 
134 134 
1 1 
12 12 
148 148 
118 118 
53 53 
71 71 
100 100 
130 130 
85 85 
154 154 
90 90 
103 103 
32 32 
92 92 
98 98 
10 10 
143 143 
126 126 
111 111 
3 3 
101 101 
152 152 
37 37 
87 87 
57 57 
6 6 
64 64 
109 109 
139 139 
43 43 
89 89 
25 25 
138 138 
48 48 
131 131 
135 135 
112 112 
157 157 
16 16 
80 80 
93 93 
33 33 
95 95 
88 88 
54 54 
153 153 
72 72 
129 129 
86 86 
160 160 
144 144 
30 30 
15 15 
79 79 
125 125 
49 49 
147 147 
155 155 
149 149 
38 38 
50 50 
105 105 
107 107 
115 115 
19 19 
68 68 
84 84 
46 46 
74 74 
73 73 
75 75 
52 52 
136 136 
81 81 
114 114 
2 2 
23 23 
17 17 
82 82 
31 31 
40 40 
7 7 
4 4 
123 123 
78 78 
18 18 
14 14 
26 26 
51 51 
9 9 
91 91 
63 63 
34 34 
106 106 
140 140 
36 36 
70 70 
124 124 
55 55 
