130 8515
74 74 
54 54 
117 117 
72 72 
73 73 
18 18 
107 107 
92 92 
85 85 
26 26 
50 50 
2 2 
39 39 
122 122 
33 33 
130 130 
100 100 
65 65 
51 51 
42 42 
106 106 
24 24 
108 108 
70 70 
105 105 
53 53 
99 99 
95 95 
102 102 
17 17 
114 114 
1 1 
66 66 
59 59 
79 79 
90 90 
35 35 
52 52 
82 82 
128 128 
96 96 
109 109 
56 56 
16 16 
37 37 
14 14 
86 86 
98 98 
115 115 
38 38 
45 45 
44 44 
34 34 
78 78 
7 7 
64 64 
69 69 
23 23 
27 27 
101 101 
13 13 
25 25 
104 104 
22 22 
123 123 
89 89 
6 6 
5 5 
41 41 
113 113 
125 125 
15 15 
68 68 
77 77 
97 97 
29 29 
88 88 
57 57 
40 40 
21 21 
127 127 
71 71 
118 118 
20 20 
126 126 
11 11 
119 119 
67 67 
55 55 
30 30 
31 31 
120 120 
83 83 
58 58 
110 110 
76 76 
19 19 
121 121 
124 124 
116 116 
4 4 
91 91 
8 8 
47 47 
3 3 
129 129 
63 63 
84 84 
75 75 
49 49 
46 46 
103 103 
28 28 
80 80 
93 93 
43 43 
111 111 
87 87 
61 61 
32 32 
36 36 
60 60 
81 81 
62 62 
10 10 
9 9 
48 48 
94 94 
12 12 
112 112 
