180 16290
179 179 
48 48 
19 19 
78 78 
123 123 
152 152 
20 20 
44 44 
49 49 
168 168 
113 113 
147 147 
4 4 
148 148 
71 71 
114 114 
129 129 
156 156 
9 9 
17 17 
111 111 
138 138 
144 144 
104 104 
109 109 
12 12 
128 128 
122 122 
38 38 
161 161 
53 53 
180 180 
170 170 
87 87 
141 141 
96 96 
16 16 
133 133 
66 66 
90 90 
88 88 
140 140 
47 47 
108 108 
118 118 
127 127 
14 14 
150 150 
84 84 
99 99 
80 80 
81 81 
166 166 
7 7 
153 153 
112 112 
149 149 
63 63 
72 72 
95 95 
11 11 
65 65 
119 119 
61 61 
68 68 
167 167 
137 137 
13 13 
121 121 
93 93 
176 176 
177 177 
169 169 
69 69 
86 86 
164 164 
35 35 
98 98 
100 100 
29 29 
15 15 
135 135 
94 94 
125 125 
36 36 
131 131 
21 21 
157 157 
33 33 
34 34 
25 25 
10 10 
126 126 
163 163 
56 56 
106 106 
101 101 
74 74 
158 158 
97 97 
40 40 
76 76 
110 110 
32 32 
130 130 
136 136 
52 52 
64 64 
50 50 
139 139 
105 105 
46 46 
31 31 
165 165 
59 59 
160 160 
62 62 
58 58 
27 27 
22 22 
178 178 
60 60 
55 55 
145 145 
146 146 
89 89 
45 45 
6 6 
82 82 
102 102 
3 3 
171 171 
2 2 
143 143 
8 8 
124 124 
91 91 
77 77 
155 155 
116 116 
115 115 
107 107 
70 70 
117 117 
75 75 
132 132 
42 42 
174 174 
173 173 
134 134 
67 67 
85 85 
41 41 
18 18 
24 24 
30 30 
1 1 
92 92 
54 54 
28 28 
39 39 
172 172 
120 120 
43 43 
142 142 
151 151 
57 57 
159 159 
37 37 
23 23 
154 154 
175 175 
83 83 
26 26 
162 162 
103 103 
73 73 
5 5 
79 79 
51 51 
