161 13041
112 112 
94 94 
105 105 
99 99 
72 72 
37 37 
35 35 
113 113 
2 2 
26 26 
123 123 
34 34 
50 50 
133 133 
118 118 
9 9 
136 136 
64 64 
106 106 
119 119 
19 19 
20 20 
53 53 
55 55 
98 98 
121 121 
96 96 
39 39 
11 11 
152 152 
150 150 
126 126 
125 125 
116 116 
13 13 
16 16 
29 29 
25 25 
23 23 
28 28 
4 4 
44 44 
92 92 
146 146 
141 141 
84 84 
15 15 
33 33 
107 107 
41 41 
43 43 
3 3 
66 66 
42 42 
97 97 
71 71 
156 156 
38 38 
45 45 
124 124 
65 65 
8 8 
143 143 
57 57 
102 102 
21 21 
67 67 
110 110 
159 159 
127 127 
68 68 
149 149 
79 79 
70 70 
5 5 
140 140 
1 1 
86 86 
88 88 
90 90 
40 40 
155 155 
137 137 
83 83 
63 63 
18 18 
130 130 
27 27 
100 100 
82 82 
31 31 
36 36 
135 135 
122 122 
117 117 
109 109 
87 87 
114 114 
77 77 
147 147 
12 12 
10 10 
75 75 
17 17 
93 93 
138 138 
101 101 
95 95 
148 148 
144 144 
76 76 
111 111 
158 158 
85 85 
145 145 
142 142 
51 51 
62 62 
74 74 
56 56 
120 120 
153 153 
58 58 
78 78 
14 14 
131 131 
69 69 
81 81 
80 80 
54 54 
49 49 
32 32 
61 61 
24 24 
91 91 
134 134 
103 103 
104 104 
151 151 
22 22 
52 52 
128 128 
89 89 
129 129 
157 157 
6 6 
30 30 
161 161 
108 108 
139 139 
48 48 
47 47 
132 132 
160 160 
46 46 
7 7 
154 154 
115 115 
59 59 
60 60 
73 73 
