129 8385
30 30 
13 13 
110 110 
64 64 
115 115 
104 104 
49 49 
32 32 
116 116 
17 17 
113 113 
5 5 
125 125 
112 112 
119 119 
76 76 
103 103 
99 99 
41 41 
55 55 
88 88 
82 82 
24 24 
35 35 
52 52 
58 58 
65 65 
54 54 
47 47 
108 108 
123 123 
18 18 
89 89 
91 91 
62 62 
4 4 
77 77 
60 60 
128 128 
15 15 
105 105 
36 36 
10 10 
86 86 
126 126 
23 23 
66 66 
19 19 
46 46 
38 38 
51 51 
27 27 
87 87 
80 80 
48 48 
83 83 
102 102 
122 122 
101 101 
118 118 
98 98 
124 124 
34 34 
12 12 
74 74 
53 53 
68 68 
42 42 
84 84 
1 1 
93 93 
37 37 
7 7 
8 8 
9 9 
11 11 
57 57 
3 3 
25 25 
71 71 
97 97 
73 73 
95 95 
106 106 
100 100 
29 29 
61 61 
120 120 
26 26 
45 45 
50 50 
28 28 
92 92 
107 107 
44 44 
21 21 
75 75 
6 6 
22 22 
111 111 
78 78 
94 94 
114 114 
109 109 
14 14 
90 90 
79 79 
39 39 
67 67 
33 33 
16 16 
31 31 
121 121 
96 96 
117 117 
40 40 
129 129 
127 127 
59 59 
69 69 
20 20 
63 63 
81 81 
85 85 
2 2 
43 43 
56 56 
70 70 
72 72 
