76 2926
43 43 
37 37 
13 13 
66 66 
22 22 
42 42 
2 2 
47 47 
24 24 
73 73 
75 75 
38 38 
65 65 
18 18 
54 54 
34 34 
30 30 
11 11 
29 29 
51 51 
36 36 
15 15 
5 5 
19 19 
1 1 
3 3 
23 23 
49 49 
45 45 
33 33 
31 31 
70 70 
57 57 
46 46 
10 10 
64 64 
53 53 
69 69 
20 20 
50 50 
76 76 
56 56 
52 52 
6 6 
63 63 
74 74 
28 28 
32 32 
48 48 
72 72 
61 61 
44 44 
67 67 
17 17 
12 12 
71 71 
9 9 
35 35 
21 21 
8 8 
41 41 
27 27 
60 60 
59 59 
16 16 
25 25 
14 14 
62 62 
26 26 
7 7 
40 40 
68 68 
55 55 
39 39 
58 58 
4 4 
