134 9045
123 123 
130 130 
94 94 
55 55 
52 52 
15 15 
82 82 
78 78 
97 97 
127 127 
83 83 
115 115 
100 100 
106 106 
68 68 
50 50 
13 13 
77 77 
102 102 
1 1 
14 14 
27 27 
103 103 
104 104 
10 10 
67 67 
40 40 
57 57 
131 131 
20 20 
90 90 
31 31 
92 92 
6 6 
116 116 
8 8 
99 99 
7 7 
132 132 
16 16 
118 118 
5 5 
126 126 
39 39 
47 47 
26 26 
28 28 
80 80 
119 119 
120 120 
9 9 
56 56 
108 108 
48 48 
124 124 
63 63 
113 113 
98 98 
33 33 
111 111 
61 61 
29 29 
19 19 
22 22 
37 37 
38 38 
125 125 
122 122 
88 88 
12 12 
74 74 
75 75 
34 34 
105 105 
121 121 
36 36 
93 93 
101 101 
2 2 
107 107 
76 76 
44 44 
45 45 
79 79 
85 85 
71 71 
24 24 
114 114 
3 3 
95 95 
73 73 
11 11 
62 62 
23 23 
42 42 
112 112 
69 69 
128 128 
96 96 
129 129 
25 25 
4 4 
133 133 
49 49 
18 18 
21 21 
84 84 
109 109 
59 59 
86 86 
64 64 
51 51 
41 41 
70 70 
60 60 
134 134 
46 46 
30 30 
72 72 
65 65 
81 81 
53 53 
43 43 
32 32 
58 58 
91 91 
117 117 
110 110 
17 17 
89 89 
87 87 
66 66 
35 35 
54 54 
