114 6555
93 93 
110 110 
86 86 
16 16 
113 113 
31 31 
3 3 
71 71 
45 45 
26 26 
106 106 
53 53 
97 97 
109 109 
12 12 
7 7 
68 68 
104 104 
25 25 
65 65 
64 64 
73 73 
100 100 
111 111 
74 74 
15 15 
52 52 
67 67 
18 18 
20 20 
2 2 
98 98 
81 81 
78 78 
17 17 
107 107 
40 40 
9 9 
48 48 
32 32 
94 94 
63 63 
43 43 
49 49 
38 38 
21 21 
75 75 
95 95 
42 42 
66 66 
19 19 
13 13 
102 102 
55 55 
6 6 
112 112 
37 37 
36 36 
51 51 
44 44 
96 96 
101 101 
91 91 
54 54 
56 56 
11 11 
14 14 
57 57 
39 39 
83 83 
28 28 
23 23 
82 82 
24 24 
29 29 
70 70 
69 69 
62 62 
92 92 
8 8 
79 79 
33 33 
4 4 
85 85 
30 30 
99 99 
87 87 
35 35 
76 76 
103 103 
77 77 
80 80 
22 22 
50 50 
10 10 
46 46 
105 105 
47 47 
90 90 
61 61 
5 5 
27 27 
114 114 
41 41 
1 1 
88 88 
89 89 
72 72 
60 60 
84 84 
108 108 
59 59 
34 34 
58 58 
