109 5995
77 77 
94 94 
44 44 
31 31 
73 73 
86 86 
28 28 
91 91 
53 53 
105 105 
59 59 
41 41 
92 92 
78 78 
89 89 
34 34 
100 100 
56 56 
35 35 
82 82 
16 16 
104 104 
107 107 
54 54 
72 72 
49 49 
19 19 
51 51 
17 17 
57 57 
90 90 
27 27 
39 39 
12 12 
3 3 
50 50 
2 2 
20 20 
55 55 
83 83 
98 98 
52 52 
25 25 
6 6 
76 76 
67 67 
62 62 
37 37 
33 33 
21 21 
96 96 
64 64 
75 75 
7 7 
10 10 
66 66 
80 80 
11 11 
101 101 
79 79 
38 38 
93 93 
4 4 
70 70 
103 103 
9 9 
109 109 
88 88 
99 99 
63 63 
48 48 
42 42 
95 95 
1 1 
84 84 
43 43 
65 65 
8 8 
30 30 
108 108 
71 71 
46 46 
32 32 
106 106 
61 61 
5 5 
22 22 
45 45 
68 68 
97 97 
23 23 
47 47 
15 15 
18 18 
85 85 
36 36 
60 60 
40 40 
58 58 
69 69 
14 14 
26 26 
24 24 
74 74 
81 81 
13 13 
29 29 
102 102 
87 87 
