198 19701
136 136 
39 39 
172 172 
112 112 
128 128 
151 151 
13 13 
196 196 
70 70 
5 5 
73 73 
72 72 
138 138 
45 45 
15 15 
117 117 
96 96 
33 33 
19 19 
58 58 
30 30 
52 52 
43 43 
71 71 
68 68 
179 179 
40 40 
181 181 
50 50 
53 53 
61 61 
66 66 
109 109 
163 163 
148 148 
111 111 
38 38 
47 47 
164 164 
175 175 
106 106 
145 145 
129 129 
88 88 
140 140 
67 67 
194 194 
83 83 
77 77 
34 34 
51 51 
76 76 
121 121 
126 126 
134 134 
119 119 
65 65 
95 95 
171 171 
188 188 
124 124 
75 75 
10 10 
24 24 
195 195 
110 110 
107 107 
94 94 
74 74 
123 123 
155 155 
132 132 
103 103 
137 137 
193 193 
91 91 
29 29 
133 133 
18 18 
183 183 
197 197 
63 63 
97 97 
141 141 
98 98 
100 100 
135 135 
81 81 
149 149 
90 90 
147 147 
180 180 
187 187 
31 31 
35 35 
178 178 
92 92 
161 161 
108 108 
177 177 
22 22 
11 11 
131 131 
162 162 
102 102 
142 142 
2 2 
184 184 
62 62 
152 152 
122 122 
42 42 
54 54 
186 186 
86 86 
158 158 
37 37 
165 165 
143 143 
36 36 
28 28 
82 82 
118 118 
105 105 
125 125 
46 46 
192 192 
166 166 
44 44 
87 87 
150 150 
93 93 
21 21 
198 198 
116 116 
99 99 
12 12 
127 127 
154 154 
6 6 
49 49 
4 4 
32 32 
101 101 
130 130 
79 79 
157 157 
173 173 
7 7 
55 55 
9 9 
80 80 
113 113 
104 104 
16 16 
191 191 
60 60 
170 170 
69 69 
159 159 
25 25 
26 26 
153 153 
146 146 
115 115 
1 1 
23 23 
156 156 
41 41 
169 169 
114 114 
139 139 
160 160 
120 120 
89 89 
176 176 
14 14 
168 168 
78 78 
8 8 
3 3 
64 64 
185 185 
84 84 
182 182 
48 48 
27 27 
144 144 
174 174 
59 59 
85 85 
17 17 
190 190 
57 57 
167 167 
189 189 
20 20 
56 56 
