158 12561
108 108 
150 150 
94 94 
51 51 
53 53 
26 26 
66 66 
125 125 
44 44 
43 43 
142 142 
62 62 
71 71 
143 143 
12 12 
127 127 
103 103 
111 111 
141 141 
20 20 
144 144 
101 101 
154 154 
149 149 
93 93 
4 4 
116 116 
133 133 
126 126 
5 5 
77 77 
50 50 
56 56 
2 2 
99 99 
18 18 
61 61 
37 37 
78 78 
42 42 
113 113 
98 98 
148 148 
27 27 
76 76 
104 104 
128 128 
24 24 
153 153 
16 16 
86 86 
1 1 
157 157 
158 158 
35 35 
6 6 
64 64 
39 39 
29 29 
58 58 
69 69 
8 8 
52 52 
41 41 
92 92 
114 114 
156 156 
74 74 
9 9 
48 48 
119 119 
36 36 
121 121 
25 25 
139 139 
88 88 
70 70 
97 97 
91 91 
31 31 
137 137 
90 90 
115 115 
72 72 
30 30 
23 23 
54 54 
136 136 
130 130 
109 109 
135 135 
73 73 
95 95 
65 65 
151 151 
96 96 
87 87 
17 17 
140 140 
47 47 
49 49 
63 63 
45 45 
28 28 
60 60 
21 21 
82 82 
22 22 
81 81 
145 145 
110 110 
3 3 
122 122 
85 85 
79 79 
57 57 
123 123 
89 89 
152 152 
75 75 
132 132 
102 102 
129 129 
120 120 
14 14 
84 84 
112 112 
10 10 
83 83 
100 100 
107 107 
34 34 
40 40 
38 38 
138 138 
117 117 
46 46 
147 147 
124 124 
68 68 
67 67 
131 131 
32 32 
33 33 
146 146 
55 55 
15 15 
80 80 
134 134 
7 7 
11 11 
19 19 
106 106 
105 105 
155 155 
118 118 
59 59 
13 13 
