200 20100
92 92 
195 195 
107 107 
133 133 
113 113 
148 148 
106 106 
94 94 
14 14 
127 127 
12 12 
55 55 
95 95 
5 5 
81 81 
18 18 
179 179 
40 40 
39 39 
183 183 
83 83 
178 178 
23 23 
89 89 
62 62 
65 65 
99 99 
59 59 
157 157 
184 184 
29 29 
162 162 
173 173 
34 34 
110 110 
9 9 
200 200 
90 90 
49 49 
68 68 
6 6 
180 180 
80 80 
17 17 
176 176 
161 161 
125 125 
114 114 
104 104 
171 171 
121 121 
1 1 
142 142 
132 132 
129 129 
103 103 
196 196 
70 70 
109 109 
193 193 
172 172 
22 22 
85 85 
153 153 
170 170 
165 165 
79 79 
166 166 
50 50 
91 91 
37 37 
32 32 
117 117 
194 194 
187 187 
174 174 
102 102 
3 3 
53 53 
31 31 
24 24 
86 86 
36 36 
8 8 
128 128 
76 76 
60 60 
159 159 
169 169 
151 151 
20 20 
46 46 
124 124 
100 100 
144 144 
123 123 
4 4 
101 101 
75 75 
189 189 
30 30 
42 42 
175 175 
137 137 
71 71 
74 74 
77 77 
84 84 
78 78 
155 155 
182 182 
105 105 
44 44 
56 56 
199 199 
149 149 
51 51 
198 198 
69 69 
192 192 
21 21 
186 186 
72 72 
163 163 
134 134 
140 140 
88 88 
66 66 
57 57 
118 118 
33 33 
145 145 
61 61 
19 19 
177 177 
35 35 
168 168 
131 131 
154 154 
135 135 
197 197 
58 58 
143 143 
43 43 
2 2 
15 15 
64 64 
108 108 
126 126 
38 38 
82 82 
167 167 
27 27 
190 190 
67 67 
122 122 
138 138 
87 87 
112 112 
181 181 
130 130 
41 41 
16 16 
147 147 
7 7 
111 111 
120 120 
13 13 
152 152 
93 93 
54 54 
52 52 
48 48 
146 146 
97 97 
11 11 
96 96 
188 188 
160 160 
73 73 
26 26 
136 136 
156 156 
139 139 
150 150 
115 115 
164 164 
158 158 
116 116 
28 28 
141 141 
10 10 
98 98 
185 185 
63 63 
47 47 
45 45 
191 191 
119 119 
25 25 
