142 10153
27 27 
95 95 
38 38 
141 141 
48 48 
87 87 
97 97 
68 68 
8 8 
139 139 
28 28 
10 10 
23 23 
83 83 
30 30 
41 41 
2 2 
54 54 
64 64 
74 74 
124 124 
89 89 
137 137 
49 49 
79 79 
113 113 
51 51 
70 70 
57 57 
17 17 
75 75 
69 69 
117 117 
44 44 
96 96 
93 93 
55 55 
73 73 
56 56 
114 114 
99 99 
86 86 
15 15 
19 19 
47 47 
21 21 
42 42 
115 115 
94 94 
102 102 
26 26 
22 22 
129 129 
134 134 
14 14 
5 5 
62 62 
138 138 
108 108 
72 72 
126 126 
37 37 
16 16 
130 130 
60 60 
53 53 
123 123 
43 43 
18 18 
116 116 
3 3 
63 63 
13 13 
71 71 
118 118 
131 131 
103 103 
46 46 
106 106 
50 50 
31 31 
121 121 
133 133 
76 76 
98 98 
100 100 
65 65 
110 110 
109 109 
88 88 
85 85 
25 25 
39 39 
36 36 
12 12 
136 136 
7 7 
1 1 
122 122 
84 84 
45 45 
111 111 
80 80 
59 59 
61 61 
34 34 
29 29 
11 11 
4 4 
6 6 
67 67 
140 140 
92 92 
58 58 
24 24 
66 66 
132 132 
101 101 
125 125 
32 32 
40 40 
107 107 
105 105 
33 33 
112 112 
119 119 
35 35 
81 81 
104 104 
90 90 
78 78 
52 52 
120 120 
142 142 
20 20 
128 128 
135 135 
127 127 
77 77 
82 82 
9 9 
91 91 
