176 15576
141 141 
42 42 
50 50 
40 40 
9 9 
133 133 
162 162 
123 123 
132 132 
29 29 
23 23 
2 2 
98 98 
112 112 
74 74 
131 131 
22 22 
135 135 
109 109 
12 12 
24 24 
32 32 
93 93 
79 79 
97 97 
173 173 
67 67 
142 142 
13 13 
134 134 
137 137 
73 73 
96 96 
21 21 
120 120 
161 161 
19 19 
53 53 
43 43 
124 124 
75 75 
176 176 
138 138 
113 113 
81 81 
172 172 
11 11 
160 160 
62 62 
144 144 
1 1 
31 31 
145 145 
169 169 
83 83 
15 15 
90 90 
125 125 
87 87 
100 100 
170 170 
20 20 
34 34 
148 148 
76 76 
117 117 
70 70 
127 127 
154 154 
146 146 
48 48 
78 78 
119 119 
77 77 
30 30 
103 103 
25 25 
126 126 
71 71 
105 105 
168 168 
101 101 
17 17 
47 47 
4 4 
27 27 
82 82 
130 130 
44 44 
155 155 
156 156 
5 5 
26 26 
54 54 
36 36 
63 63 
38 38 
104 104 
121 121 
80 80 
16 16 
108 108 
65 65 
86 86 
166 166 
61 61 
10 10 
41 41 
89 89 
140 140 
118 118 
84 84 
114 114 
110 110 
69 69 
46 46 
92 92 
68 68 
150 150 
163 163 
57 57 
164 164 
85 85 
115 115 
151 151 
35 35 
128 128 
136 136 
14 14 
116 116 
37 37 
45 45 
56 56 
88 88 
165 165 
18 18 
174 174 
6 6 
99 99 
143 143 
107 107 
66 66 
158 158 
95 95 
33 33 
8 8 
106 106 
147 147 
139 139 
52 52 
60 60 
175 175 
122 122 
7 7 
55 55 
59 59 
58 58 
39 39 
153 153 
51 51 
152 152 
72 72 
129 129 
64 64 
157 157 
49 49 
111 111 
3 3 
167 167 
149 149 
91 91 
94 94 
102 102 
171 171 
28 28 
159 159 
