101 5151
6 6 
72 72 
57 57 
75 75 
71 71 
24 24 
94 94 
7 7 
5 5 
95 95 
20 20 
43 43 
26 26 
19 19 
92 92 
16 16 
68 68 
90 90 
98 98 
96 96 
80 80 
63 63 
52 52 
1 1 
78 78 
48 48 
44 44 
22 22 
81 81 
12 12 
25 25 
69 69 
32 32 
91 91 
15 15 
49 49 
61 61 
38 38 
27 27 
8 8 
58 58 
53 53 
11 11 
82 82 
18 18 
88 88 
77 77 
21 21 
70 70 
35 35 
99 99 
67 67 
36 36 
62 62 
73 73 
14 14 
46 46 
28 28 
64 64 
30 30 
13 13 
17 17 
85 85 
31 31 
39 39 
54 54 
29 29 
10 10 
74 74 
89 89 
66 66 
100 100 
97 97 
86 86 
3 3 
101 101 
93 93 
76 76 
83 83 
42 42 
51 51 
34 34 
45 45 
50 50 
37 37 
47 47 
87 87 
65 65 
79 79 
41 41 
60 60 
33 33 
2 2 
23 23 
59 59 
9 9 
84 84 
55 55 
56 56 
40 40 
4 4 
