108 5886
72 72 
68 68 
67 67 
66 66 
44 44 
106 106 
57 57 
46 46 
32 32 
74 74 
28 28 
60 60 
105 105 
43 43 
45 45 
33 33 
76 76 
71 71 
41 41 
55 55 
6 6 
47 47 
25 25 
82 82 
85 85 
91 91 
9 9 
26 26 
101 101 
23 23 
2 2 
29 29 
22 22 
92 92 
58 58 
42 42 
17 17 
75 75 
93 93 
80 80 
52 52 
87 87 
15 15 
81 81 
8 8 
86 86 
64 64 
20 20 
21 21 
56 56 
40 40 
100 100 
102 102 
65 65 
18 18 
36 36 
35 35 
10 10 
37 37 
3 3 
50 50 
51 51 
54 54 
78 78 
83 83 
99 99 
84 84 
69 69 
38 38 
70 70 
39 39 
94 94 
108 108 
34 34 
95 95 
4 4 
62 62 
77 77 
103 103 
61 61 
79 79 
96 96 
90 90 
5 5 
107 107 
73 73 
49 49 
7 7 
89 89 
104 104 
14 14 
48 48 
63 63 
30 30 
12 12 
98 98 
97 97 
24 24 
31 31 
88 88 
53 53 
27 27 
59 59 
1 1 
16 16 
11 11 
19 19 
13 13 
