83 3486
14 14 
27 27 
47 47 
10 10 
16 16 
43 43 
5 5 
62 62 
74 74 
34 34 
80 80 
59 59 
73 73 
76 76 
45 45 
54 54 
36 36 
48 48 
82 82 
42 42 
32 32 
63 63 
33 33 
25 25 
35 35 
17 17 
70 70 
53 53 
46 46 
37 37 
52 52 
40 40 
18 18 
68 68 
67 67 
28 28 
2 2 
69 69 
15 15 
81 81 
30 30 
29 29 
51 51 
49 49 
38 38 
72 72 
3 3 
13 13 
65 65 
22 22 
21 21 
58 58 
50 50 
44 44 
71 71 
19 19 
56 56 
9 9 
20 20 
31 31 
77 77 
24 24 
8 8 
11 11 
60 60 
4 4 
6 6 
61 61 
23 23 
41 41 
79 79 
7 7 
66 66 
78 78 
64 64 
83 83 
26 26 
39 39 
1 1 
75 75 
55 55 
12 12 
57 57 
