122 7503
78 78 
62 62 
118 118 
25 25 
60 60 
61 61 
31 31 
5 5 
96 96 
28 28 
104 104 
94 94 
101 101 
15 15 
87 87 
83 83 
38 38 
91 91 
106 106 
17 17 
37 37 
74 74 
58 58 
10 10 
65 65 
81 81 
35 35 
102 102 
112 112 
117 117 
100 100 
50 50 
54 54 
89 89 
116 116 
90 90 
97 97 
63 63 
66 66 
119 119 
95 95 
22 22 
108 108 
53 53 
34 34 
84 84 
110 110 
33 33 
111 111 
67 67 
26 26 
44 44 
7 7 
32 32 
49 49 
82 82 
77 77 
39 39 
64 64 
47 47 
57 57 
79 79 
73 73 
9 9 
121 121 
72 72 
46 46 
4 4 
122 122 
45 45 
76 76 
41 41 
51 51 
109 109 
42 42 
13 13 
68 68 
98 98 
40 40 
85 85 
1 1 
93 93 
105 105 
16 16 
75 75 
43 43 
29 29 
55 55 
36 36 
27 27 
30 30 
114 114 
2 2 
88 88 
107 107 
3 3 
115 115 
19 19 
52 52 
56 56 
113 113 
71 71 
86 86 
6 6 
48 48 
18 18 
69 69 
59 59 
99 99 
120 120 
8 8 
23 23 
14 14 
20 20 
92 92 
24 24 
70 70 
11 11 
103 103 
12 12 
21 21 
80 80 
