136 9316
22 22 
102 102 
124 124 
133 133 
34 34 
69 69 
14 14 
91 91 
94 94 
93 93 
84 84 
18 18 
1 1 
107 107 
43 43 
126 126 
122 122 
60 60 
116 116 
131 131 
100 100 
46 46 
89 89 
120 120 
26 26 
61 61 
12 12 
11 11 
40 40 
55 55 
24 24 
75 75 
82 82 
123 123 
121 121 
9 9 
96 96 
8 8 
39 39 
106 106 
63 63 
105 105 
98 98 
23 23 
42 42 
53 53 
129 129 
113 113 
6 6 
95 95 
58 58 
109 109 
130 130 
48 48 
118 118 
80 80 
50 50 
59 59 
54 54 
38 38 
2 2 
45 45 
111 111 
29 29 
67 67 
71 71 
110 110 
52 52 
57 57 
125 125 
10 10 
19 19 
135 135 
36 36 
65 65 
62 62 
49 49 
27 27 
30 30 
5 5 
47 47 
77 77 
33 33 
114 114 
87 87 
108 108 
78 78 
128 128 
117 117 
79 79 
15 15 
115 115 
83 83 
7 7 
17 17 
13 13 
66 66 
37 37 
20 20 
81 81 
21 21 
35 35 
31 31 
104 104 
72 72 
73 73 
64 64 
132 132 
3 3 
25 25 
32 32 
112 112 
51 51 
76 76 
70 70 
56 56 
41 41 
127 127 
4 4 
103 103 
44 44 
28 28 
85 85 
97 97 
119 119 
88 88 
92 92 
101 101 
99 99 
68 68 
136 136 
86 86 
74 74 
90 90 
16 16 
134 134 
