140 9870
120 120 
34 34 
4 4 
21 21 
139 139 
1 1 
16 16 
2 2 
135 135 
77 77 
41 41 
122 122 
65 65 
47 47 
52 52 
50 50 
137 137 
89 89 
127 127 
88 88 
37 37 
14 14 
83 83 
25 25 
58 58 
29 29 
49 49 
129 129 
17 17 
53 53 
103 103 
23 23 
100 100 
45 45 
46 46 
101 101 
9 9 
74 74 
106 106 
110 110 
78 78 
71 71 
136 136 
115 115 
15 15 
13 13 
36 36 
24 24 
80 80 
90 90 
121 121 
133 133 
87 87 
79 79 
66 66 
91 91 
102 102 
128 128 
140 140 
116 116 
38 38 
40 40 
82 82 
22 22 
10 10 
124 124 
31 31 
117 117 
28 28 
108 108 
109 109 
12 12 
39 39 
35 35 
20 20 
68 68 
113 113 
54 54 
70 70 
8 8 
114 114 
126 126 
44 44 
56 56 
86 86 
134 134 
51 51 
118 118 
57 57 
32 32 
27 27 
104 104 
55 55 
64 64 
18 18 
26 26 
69 69 
75 75 
30 30 
98 98 
73 73 
112 112 
111 111 
94 94 
123 123 
84 84 
125 125 
19 19 
43 43 
107 107 
60 60 
72 72 
99 99 
92 92 
119 119 
3 3 
33 33 
42 42 
96 96 
131 131 
130 130 
85 85 
63 63 
62 62 
97 97 
93 93 
76 76 
5 5 
95 95 
11 11 
7 7 
132 132 
67 67 
61 61 
138 138 
6 6 
59 59 
105 105 
81 81 
48 48 
