199 19900
187 187 
121 121 
87 87 
92 92 
107 107 
128 128 
122 122 
169 169 
196 196 
89 89 
113 113 
98 98 
8 8 
9 9 
83 83 
75 75 
131 131 
40 40 
56 56 
170 170 
176 176 
79 79 
10 10 
112 112 
90 90 
157 157 
2 2 
27 27 
185 185 
85 85 
3 3 
22 22 
21 21 
114 114 
23 23 
119 119 
97 97 
177 177 
160 160 
171 171 
12 12 
163 163 
47 47 
179 179 
124 124 
38 38 
183 183 
24 24 
129 129 
143 143 
155 155 
103 103 
164 164 
58 58 
162 162 
172 172 
11 11 
91 91 
42 42 
118 118 
51 51 
120 120 
127 127 
74 74 
186 186 
66 66 
41 41 
4 4 
189 189 
82 82 
108 108 
115 115 
57 57 
175 175 
18 18 
117 117 
71 71 
39 39 
14 14 
137 137 
153 153 
94 94 
158 158 
151 151 
17 17 
73 73 
141 141 
54 54 
60 60 
132 132 
6 6 
150 150 
26 26 
134 134 
53 53 
110 110 
65 65 
101 101 
49 49 
147 147 
146 146 
173 173 
195 195 
104 104 
61 61 
109 109 
68 68 
193 193 
152 152 
133 133 
5 5 
45 45 
142 142 
46 46 
106 106 
32 32 
7 7 
161 161 
35 35 
199 199 
191 191 
178 178 
62 62 
180 180 
20 20 
25 25 
105 105 
78 78 
139 139 
167 167 
13 13 
130 130 
140 140 
37 37 
96 96 
154 154 
126 126 
86 86 
95 95 
138 138 
144 144 
123 123 
100 100 
145 145 
125 125 
102 102 
168 168 
55 55 
1 1 
50 50 
76 76 
67 67 
19 19 
182 182 
156 156 
99 99 
31 31 
93 93 
63 63 
198 198 
136 136 
181 181 
165 165 
190 190 
48 48 
174 174 
116 116 
149 149 
64 64 
33 33 
188 188 
84 84 
81 81 
16 16 
135 135 
80 80 
15 15 
184 184 
72 72 
69 69 
43 43 
159 159 
166 166 
52 52 
36 36 
44 44 
194 194 
34 34 
28 28 
59 59 
70 70 
29 29 
77 77 
111 111 
192 192 
88 88 
30 30 
148 148 
197 197 
