80 3240
56 56 
61 61 
26 26 
43 43 
50 50 
66 66 
42 42 
44 44 
79 79 
78 78 
22 22 
36 36 
31 31 
15 15 
77 77 
60 60 
75 75 
71 71 
16 16 
69 69 
39 39 
54 54 
3 3 
5 5 
68 68 
76 76 
45 45 
27 27 
51 51 
33 33 
32 32 
52 52 
48 48 
46 46 
41 41 
20 20 
17 17 
12 12 
59 59 
67 67 
9 9 
80 80 
70 70 
2 2 
28 28 
34 34 
74 74 
72 72 
7 7 
40 40 
57 57 
62 62 
10 10 
58 58 
23 23 
25 25 
35 35 
8 8 
53 53 
55 55 
64 64 
19 19 
14 14 
21 21 
29 29 
13 13 
38 38 
63 63 
73 73 
1 1 
6 6 
47 47 
30 30 
11 11 
18 18 
4 4 
24 24 
65 65 
37 37 
49 49 
