90 4095
14 14 
89 89 
42 42 
43 43 
7 7 
33 33 
50 50 
18 18 
52 52 
62 62 
71 71 
3 3 
38 38 
77 77 
9 9 
31 31 
47 47 
39 39 
30 30 
25 25 
57 57 
51 51 
13 13 
54 54 
34 34 
20 20 
17 17 
59 59 
64 64 
79 79 
84 84 
5 5 
61 61 
83 83 
72 72 
49 49 
86 86 
21 21 
24 24 
23 23 
60 60 
41 41 
90 90 
88 88 
56 56 
35 35 
37 37 
69 69 
48 48 
36 36 
1 1 
10 10 
2 2 
6 6 
68 68 
28 28 
55 55 
44 44 
78 78 
75 75 
67 67 
74 74 
85 85 
11 11 
53 53 
63 63 
46 46 
16 16 
15 15 
87 87 
65 65 
32 32 
58 58 
29 29 
76 76 
80 80 
70 70 
26 26 
12 12 
82 82 
66 66 
45 45 
40 40 
73 73 
27 27 
22 22 
81 81 
4 4 
19 19 
8 8 
