115 6670
115 115 
27 27 
112 112 
94 94 
89 89 
65 65 
11 11 
6 6 
78 78 
5 5 
76 76 
93 93 
72 72 
74 74 
84 84 
19 19 
40 40 
102 102 
111 111 
51 51 
100 100 
4 4 
21 21 
13 13 
36 36 
99 99 
98 98 
73 73 
37 37 
106 106 
25 25 
62 62 
109 109 
41 41 
90 90 
58 58 
88 88 
14 14 
29 29 
42 42 
1 1 
92 92 
87 87 
33 33 
57 57 
32 32 
56 56 
18 18 
81 81 
69 69 
46 46 
104 104 
79 79 
70 70 
10 10 
66 66 
68 68 
77 77 
26 26 
3 3 
59 59 
50 50 
31 31 
61 61 
30 30 
12 12 
34 34 
95 95 
48 48 
24 24 
71 71 
75 75 
97 97 
80 80 
38 38 
108 108 
85 85 
22 22 
114 114 
16 16 
20 20 
28 28 
55 55 
86 86 
7 7 
15 15 
107 107 
60 60 
23 23 
35 35 
44 44 
2 2 
101 101 
67 67 
113 113 
82 82 
83 83 
17 17 
49 49 
8 8 
9 9 
52 52 
39 39 
103 103 
53 53 
110 110 
54 54 
91 91 
63 63 
45 45 
64 64 
47 47 
105 105 
43 43 
96 96 
