170 14535
103 103 
151 151 
164 164 
65 65 
157 157 
5 5 
81 81 
47 47 
54 54 
66 66 
156 156 
111 111 
159 159 
100 100 
116 116 
60 60 
38 38 
43 43 
153 153 
115 115 
134 134 
76 76 
121 121 
11 11 
88 88 
107 107 
158 158 
120 120 
83 83 
13 13 
140 140 
52 52 
50 50 
67 67 
64 64 
20 20 
154 154 
95 95 
108 108 
105 105 
49 49 
80 80 
70 70 
18 18 
4 4 
117 117 
155 155 
28 28 
112 112 
118 118 
144 144 
31 31 
152 152 
129 129 
143 143 
139 139 
148 148 
16 16 
45 45 
123 123 
106 106 
57 57 
32 32 
56 56 
39 39 
141 141 
102 102 
7 7 
142 142 
9 9 
22 22 
58 58 
138 138 
24 24 
25 25 
170 170 
145 145 
78 78 
101 101 
167 167 
19 19 
77 77 
135 135 
37 37 
126 126 
51 51 
36 36 
85 85 
124 124 
104 104 
122 122 
35 35 
99 99 
75 75 
133 133 
137 137 
63 63 
79 79 
2 2 
98 98 
97 97 
55 55 
89 89 
131 131 
128 128 
8 8 
127 127 
92 92 
136 136 
94 94 
150 150 
26 26 
96 96 
149 149 
34 34 
59 59 
125 125 
165 165 
110 110 
147 147 
3 3 
168 168 
146 146 
33 33 
6 6 
62 62 
15 15 
132 132 
29 29 
114 114 
71 71 
82 82 
72 72 
53 53 
113 113 
109 109 
17 17 
93 93 
90 90 
40 40 
119 119 
12 12 
161 161 
48 48 
23 23 
73 73 
61 61 
1 1 
86 86 
163 163 
160 160 
44 44 
41 41 
21 21 
87 87 
162 162 
10 10 
84 84 
166 166 
14 14 
91 91 
46 46 
69 69 
27 27 
42 42 
130 130 
169 169 
30 30 
68 68 
74 74 
