192 18528
25 25 
15 15 
8 8 
31 31 
70 70 
22 22 
65 65 
129 129 
145 145 
91 91 
80 80 
166 166 
174 174 
161 161 
33 33 
135 135 
81 81 
103 103 
170 170 
173 173 
110 110 
71 71 
21 21 
127 127 
53 53 
126 126 
87 87 
105 105 
108 108 
111 111 
85 85 
120 120 
19 19 
40 40 
179 179 
35 35 
154 154 
1 1 
136 136 
152 152 
153 153 
44 44 
149 149 
143 143 
169 169 
167 167 
62 62 
100 100 
50 50 
109 109 
46 46 
34 34 
95 95 
190 190 
27 27 
137 137 
102 102 
58 58 
84 84 
30 30 
73 73 
146 146 
181 181 
176 176 
37 37 
192 192 
39 39 
178 178 
185 185 
128 128 
168 168 
7 7 
55 55 
142 142 
148 148 
139 139 
79 79 
23 23 
60 60 
61 61 
141 141 
112 112 
6 6 
41 41 
18 18 
122 122 
119 119 
4 4 
75 75 
114 114 
175 175 
188 188 
54 54 
123 123 
90 90 
13 13 
183 183 
12 12 
51 51 
131 131 
106 106 
134 134 
36 36 
10 10 
158 158 
116 116 
182 182 
125 125 
17 17 
29 29 
48 48 
98 98 
69 69 
101 101 
11 11 
117 117 
124 124 
104 104 
165 165 
72 72 
88 88 
147 147 
177 177 
96 96 
140 140 
133 133 
138 138 
68 68 
26 26 
45 45 
93 93 
113 113 
74 74 
189 189 
59 59 
57 57 
76 76 
43 43 
157 157 
67 67 
163 163 
5 5 
2 2 
38 38 
24 24 
52 52 
94 94 
92 92 
78 78 
107 107 
32 32 
130 130 
155 155 
180 180 
82 82 
184 184 
144 144 
164 164 
89 89 
132 132 
49 49 
64 64 
159 159 
156 156 
162 162 
121 121 
99 99 
172 172 
14 14 
187 187 
97 97 
191 191 
42 42 
66 66 
20 20 
151 151 
150 150 
56 56 
28 28 
77 77 
115 115 
118 118 
83 83 
63 63 
160 160 
3 3 
16 16 
47 47 
171 171 
86 86 
186 186 
9 9 
