166 13861
142 142 
88 88 
104 104 
145 145 
81 81 
108 108 
119 119 
99 99 
151 151 
118 118 
24 24 
114 114 
36 36 
164 164 
61 61 
89 89 
54 54 
126 126 
49 49 
73 73 
117 117 
78 78 
127 127 
87 87 
109 109 
86 86 
163 163 
90 90 
101 101 
121 121 
26 26 
143 143 
8 8 
17 17 
23 23 
6 6 
22 22 
76 76 
59 59 
31 31 
140 140 
157 157 
58 58 
100 100 
68 68 
65 65 
48 48 
131 131 
18 18 
112 112 
132 132 
7 7 
44 44 
97 97 
33 33 
34 34 
136 136 
158 158 
42 42 
92 92 
159 159 
25 25 
79 79 
43 43 
20 20 
152 152 
149 149 
16 16 
122 122 
137 137 
63 63 
69 69 
105 105 
66 66 
107 107 
124 124 
41 41 
95 95 
161 161 
75 75 
37 37 
28 28 
155 155 
128 128 
45 45 
64 64 
39 39 
146 146 
29 29 
165 165 
162 162 
50 50 
14 14 
85 85 
32 32 
62 62 
5 5 
120 120 
55 55 
160 160 
106 106 
129 129 
11 11 
94 94 
153 153 
144 144 
12 12 
67 67 
115 115 
27 27 
123 123 
139 139 
77 77 
134 134 
110 110 
1 1 
156 156 
98 98 
111 111 
72 72 
9 9 
150 150 
103 103 
80 80 
135 135 
102 102 
113 113 
130 130 
46 46 
4 4 
133 133 
83 83 
10 10 
166 166 
74 74 
40 40 
116 116 
3 3 
141 141 
47 47 
147 147 
91 91 
53 53 
21 21 
138 138 
82 82 
52 52 
93 93 
70 70 
148 148 
30 30 
154 154 
35 35 
38 38 
57 57 
15 15 
71 71 
60 60 
56 56 
51 51 
19 19 
96 96 
2 2 
125 125 
13 13 
84 84 
