106 5671
100 100 
89 89 
33 33 
105 105 
96 96 
70 70 
95 95 
91 91 
17 17 
45 45 
38 38 
62 62 
56 56 
84 84 
81 81 
8 8 
26 26 
2 2 
92 92 
102 102 
32 32 
1 1 
51 51 
54 54 
35 35 
101 101 
61 61 
47 47 
78 78 
12 12 
41 41 
6 6 
103 103 
40 40 
20 20 
73 73 
27 27 
37 37 
64 64 
87 87 
57 57 
55 55 
31 31 
88 88 
13 13 
77 77 
82 82 
65 65 
14 14 
71 71 
80 80 
68 68 
106 106 
59 59 
3 3 
99 99 
94 94 
9 9 
69 69 
42 42 
36 36 
97 97 
72 72 
19 19 
23 23 
34 34 
86 86 
58 58 
11 11 
76 76 
85 85 
98 98 
52 52 
60 60 
28 28 
43 43 
74 74 
25 25 
39 39 
66 66 
104 104 
7 7 
4 4 
48 48 
93 93 
49 49 
90 90 
79 79 
83 83 
63 63 
46 46 
22 22 
15 15 
10 10 
44 44 
30 30 
50 50 
16 16 
75 75 
18 18 
53 53 
29 29 
24 24 
21 21 
5 5 
67 67 
