186 17391
140 140 
132 132 
87 87 
127 127 
31 31 
6 6 
54 54 
83 83 
7 7 
53 53 
15 15 
128 128 
112 112 
46 46 
65 65 
118 118 
57 57 
158 158 
148 148 
95 95 
179 179 
18 18 
151 151 
72 72 
73 73 
126 126 
144 144 
5 5 
146 146 
76 76 
180 180 
24 24 
163 163 
19 19 
9 9 
171 171 
34 34 
48 48 
91 91 
111 111 
109 109 
84 84 
115 115 
28 28 
63 63 
137 137 
121 121 
99 99 
125 125 
100 100 
41 41 
75 75 
161 161 
173 173 
162 162 
175 175 
159 159 
49 49 
160 160 
93 93 
68 68 
155 155 
172 172 
101 101 
77 77 
64 64 
55 55 
178 178 
39 39 
135 135 
85 85 
98 98 
3 3 
89 89 
183 183 
166 166 
78 78 
1 1 
4 4 
145 145 
27 27 
21 21 
122 122 
168 168 
36 36 
170 170 
81 81 
62 62 
129 129 
141 141 
103 103 
61 61 
33 33 
92 92 
133 133 
32 32 
123 123 
52 52 
43 43 
150 150 
42 42 
10 10 
108 108 
29 29 
71 71 
185 185 
97 97 
58 58 
30 30 
142 142 
152 152 
94 94 
59 59 
153 153 
88 88 
174 174 
177 177 
45 45 
8 8 
105 105 
130 130 
149 149 
14 14 
13 13 
60 60 
156 156 
119 119 
124 124 
104 104 
181 181 
110 110 
66 66 
113 113 
184 184 
86 86 
44 44 
102 102 
37 37 
107 107 
182 182 
164 164 
169 169 
51 51 
154 154 
80 80 
40 40 
2 2 
157 157 
11 11 
106 106 
79 79 
12 12 
69 69 
26 26 
131 131 
23 23 
25 25 
50 50 
134 134 
82 82 
139 139 
47 47 
17 17 
67 67 
136 136 
120 120 
70 70 
38 38 
176 176 
35 35 
96 96 
22 22 
114 114 
90 90 
143 143 
165 165 
186 186 
116 116 
74 74 
167 167 
147 147 
138 138 
117 117 
20 20 
56 56 
16 16 
