183 16836
1 1 
4 4 
100 100 
147 147 
101 101 
102 102 
80 80 
87 87 
62 62 
162 162 
51 51 
116 116 
137 137 
144 144 
107 107 
157 157 
54 54 
160 160 
135 135 
151 151 
172 172 
139 139 
52 52 
17 17 
36 36 
34 34 
183 183 
134 134 
138 138 
41 41 
142 142 
69 69 
57 57 
53 53 
182 182 
175 175 
73 73 
168 168 
95 95 
117 117 
70 70 
124 124 
119 119 
169 169 
125 125 
110 110 
35 35 
106 106 
28 28 
181 181 
88 88 
14 14 
43 43 
91 91 
131 131 
12 12 
13 13 
10 10 
97 97 
89 89 
74 74 
179 179 
33 33 
177 177 
130 130 
128 128 
165 165 
64 64 
31 31 
21 21 
42 42 
27 27 
98 98 
121 121 
23 23 
59 59 
32 32 
176 176 
58 58 
104 104 
38 38 
83 83 
67 67 
22 22 
85 85 
66 66 
47 47 
136 136 
18 18 
45 45 
109 109 
143 143 
94 94 
3 3 
111 111 
11 11 
123 123 
173 173 
79 79 
20 20 
92 92 
82 82 
148 148 
158 158 
93 93 
15 15 
155 155 
16 16 
120 120 
170 170 
99 99 
166 166 
61 61 
71 71 
84 84 
2 2 
113 113 
149 149 
96 96 
161 161 
153 153 
129 129 
19 19 
141 141 
65 65 
132 132 
76 76 
26 26 
30 30 
86 86 
46 46 
133 133 
29 29 
72 72 
49 49 
6 6 
115 115 
167 167 
156 156 
112 112 
24 24 
159 159 
126 126 
127 127 
78 78 
8 8 
140 140 
56 56 
146 146 
75 75 
63 63 
164 164 
68 68 
7 7 
108 108 
60 60 
81 81 
103 103 
178 178 
40 40 
145 145 
118 118 
163 163 
48 48 
50 50 
180 180 
5 5 
174 174 
25 25 
39 39 
90 90 
122 122 
171 171 
77 77 
9 9 
37 37 
105 105 
150 150 
114 114 
55 55 
44 44 
154 154 
152 152 
