196 19306
33 33 
152 152 
123 123 
128 128 
135 135 
81 81 
160 160 
37 37 
184 184 
182 182 
122 122 
173 173 
50 50 
75 75 
66 66 
99 99 
4 4 
108 108 
170 170 
71 71 
115 115 
59 59 
143 143 
172 172 
187 187 
165 165 
176 176 
161 161 
164 164 
153 153 
146 146 
185 185 
54 54 
121 121 
65 65 
38 38 
102 102 
31 31 
110 110 
192 192 
159 159 
145 145 
89 89 
53 53 
13 13 
137 137 
167 167 
174 174 
83 83 
124 124 
107 107 
96 96 
15 15 
190 190 
181 181 
8 8 
62 62 
84 84 
20 20 
90 90 
9 9 
103 103 
25 25 
120 120 
144 144 
28 28 
24 24 
151 151 
58 58 
56 56 
19 19 
178 178 
3 3 
150 150 
175 175 
194 194 
136 136 
116 116 
67 67 
131 131 
10 10 
22 22 
132 132 
177 177 
76 76 
39 39 
74 74 
88 88 
86 86 
158 158 
149 149 
17 17 
14 14 
2 2 
80 80 
171 171 
52 52 
127 127 
12 12 
5 5 
106 106 
104 104 
118 118 
36 36 
7 7 
130 130 
78 78 
114 114 
196 196 
148 148 
189 189 
70 70 
49 49 
169 169 
45 45 
111 111 
87 87 
82 82 
97 97 
42 42 
6 6 
126 126 
147 147 
61 61 
41 41 
48 48 
43 43 
157 157 
47 47 
112 112 
129 129 
113 113 
46 46 
64 64 
26 26 
179 179 
193 193 
105 105 
16 16 
34 34 
188 188 
85 85 
163 163 
35 35 
154 154 
117 117 
92 92 
155 155 
73 73 
18 18 
195 195 
69 69 
162 162 
79 79 
119 119 
57 57 
166 166 
68 68 
32 32 
44 44 
138 138 
98 98 
101 101 
63 63 
140 140 
23 23 
125 125 
134 134 
93 93 
51 51 
55 55 
40 40 
183 183 
29 29 
60 60 
77 77 
139 139 
100 100 
156 156 
133 133 
1 1 
94 94 
27 27 
168 168 
186 186 
91 91 
11 11 
141 141 
109 109 
21 21 
180 180 
30 30 
72 72 
142 142 
191 191 
95 95 
