119 7140
47 47 
64 64 
92 92 
96 96 
119 119 
112 112 
107 107 
95 95 
25 25 
110 110 
9 9 
74 74 
115 115 
17 17 
29 29 
21 21 
73 73 
59 59 
15 15 
11 11 
100 100 
60 60 
102 102 
1 1 
6 6 
63 63 
84 84 
7 7 
61 61 
50 50 
27 27 
14 14 
118 118 
20 20 
40 40 
93 93 
90 90 
49 49 
78 78 
51 51 
12 12 
56 56 
33 33 
24 24 
69 69 
94 94 
116 116 
37 37 
65 65 
97 97 
68 68 
41 41 
62 62 
91 91 
18 18 
58 58 
45 45 
8 8 
48 48 
22 22 
88 88 
4 4 
66 66 
114 114 
105 105 
79 79 
31 31 
44 44 
55 55 
35 35 
85 85 
67 67 
76 76 
10 10 
13 13 
23 23 
113 113 
86 86 
106 106 
117 117 
77 77 
38 38 
30 30 
89 89 
83 83 
99 99 
109 109 
70 70 
87 87 
16 16 
54 54 
71 71 
82 82 
103 103 
46 46 
3 3 
42 42 
52 52 
104 104 
72 72 
43 43 
2 2 
5 5 
108 108 
32 32 
26 26 
53 53 
19 19 
36 36 
101 101 
80 80 
98 98 
57 57 
111 111 
28 28 
75 75 
39 39 
34 34 
81 81 
