184 17020
33 33 
167 167 
183 183 
184 184 
116 116 
25 25 
64 64 
119 119 
169 169 
70 70 
144 144 
74 74 
126 126 
5 5 
40 40 
22 22 
16 16 
95 95 
132 132 
156 156 
142 142 
122 122 
106 106 
163 163 
166 166 
121 121 
9 9 
11 11 
56 56 
50 50 
27 27 
45 45 
71 71 
73 73 
7 7 
88 88 
87 87 
43 43 
158 158 
155 155 
81 81 
135 135 
138 138 
164 164 
89 89 
104 104 
177 177 
161 161 
91 91 
109 109 
133 133 
4 4 
118 118 
48 48 
37 37 
47 47 
124 124 
181 181 
51 51 
100 100 
68 68 
147 147 
28 28 
12 12 
123 123 
114 114 
134 134 
69 69 
75 75 
176 176 
112 112 
94 94 
153 153 
137 137 
29 29 
3 3 
36 36 
127 127 
65 65 
83 83 
101 101 
59 59 
178 178 
168 168 
92 92 
128 128 
41 41 
148 148 
13 13 
17 17 
140 140 
130 130 
96 96 
125 125 
175 175 
61 61 
57 57 
84 84 
171 171 
107 107 
58 58 
14 14 
108 108 
34 34 
97 97 
111 111 
98 98 
38 38 
55 55 
46 46 
160 160 
77 77 
26 26 
79 79 
131 131 
67 67 
129 129 
1 1 
115 115 
139 139 
78 78 
52 52 
162 162 
154 154 
23 23 
113 113 
31 31 
182 182 
72 72 
165 165 
152 152 
120 120 
15 15 
30 30 
90 90 
82 82 
85 85 
103 103 
150 150 
172 172 
32 32 
99 99 
151 151 
66 66 
24 24 
157 157 
117 117 
44 44 
18 18 
93 93 
10 10 
39 39 
20 20 
8 8 
105 105 
173 173 
19 19 
76 76 
180 180 
136 136 
141 141 
54 54 
60 60 
62 62 
2 2 
86 86 
21 21 
53 53 
159 159 
149 149 
146 146 
35 35 
110 110 
145 145 
63 63 
42 42 
179 179 
80 80 
6 6 
174 174 
49 49 
102 102 
143 143 
170 170 
