148 11026
146 146 
33 33 
69 69 
90 90 
92 92 
58 58 
20 20 
89 89 
28 28 
23 23 
48 48 
80 80 
77 77 
76 76 
79 79 
59 59 
125 125 
139 139 
45 45 
43 43 
6 6 
138 138 
96 96 
120 120 
121 121 
140 140 
3 3 
37 37 
39 39 
44 44 
70 70 
81 81 
94 94 
106 106 
66 66 
52 52 
64 64 
115 115 
17 17 
38 38 
5 5 
7 7 
130 130 
21 21 
78 78 
144 144 
123 123 
10 10 
143 143 
124 124 
122 122 
46 46 
25 25 
93 93 
87 87 
42 42 
141 141 
74 74 
137 137 
128 128 
73 73 
133 133 
95 95 
114 114 
2 2 
57 57 
82 82 
75 75 
41 41 
24 24 
51 51 
135 135 
1 1 
126 126 
99 99 
40 40 
88 88 
111 111 
108 108 
107 107 
129 129 
113 113 
104 104 
55 55 
72 72 
4 4 
49 49 
145 145 
63 63 
15 15 
97 97 
27 27 
13 13 
116 116 
148 148 
12 12 
53 53 
112 112 
16 16 
131 131 
67 67 
29 29 
117 117 
30 30 
34 34 
118 118 
35 35 
98 98 
19 19 
54 54 
147 147 
85 85 
103 103 
91 91 
11 11 
22 22 
36 36 
65 65 
14 14 
83 83 
26 26 
100 100 
86 86 
134 134 
101 101 
32 32 
84 84 
18 18 
136 136 
109 109 
127 127 
68 68 
71 71 
47 47 
8 8 
110 110 
105 105 
50 50 
9 9 
62 62 
119 119 
142 142 
102 102 
132 132 
61 61 
56 56 
31 31 
60 60 
