97 4753
80 80 
60 60 
70 70 
8 8 
56 56 
30 30 
92 92 
79 79 
89 89 
33 33 
77 77 
58 58 
20 20 
46 46 
14 14 
37 37 
1 1 
24 24 
36 36 
40 40 
43 43 
84 84 
15 15 
86 86 
65 65 
34 34 
27 27 
93 93 
3 3 
50 50 
44 44 
83 83 
42 42 
47 47 
17 17 
35 35 
52 52 
38 38 
69 69 
2 2 
48 48 
26 26 
59 59 
13 13 
29 29 
10 10 
31 31 
54 54 
96 96 
88 88 
51 51 
7 7 
53 53 
55 55 
91 91 
61 61 
82 82 
81 81 
41 41 
57 57 
75 75 
4 4 
39 39 
19 19 
6 6 
68 68 
73 73 
28 28 
21 21 
95 95 
94 94 
16 16 
74 74 
11 11 
22 22 
49 49 
67 67 
12 12 
32 32 
63 63 
18 18 
9 9 
76 76 
87 87 
66 66 
72 72 
97 97 
85 85 
78 78 
45 45 
5 5 
64 64 
23 23 
62 62 
71 71 
25 25 
90 90 
