110 6105
31 31 
73 73 
12 12 
101 101 
41 41 
7 7 
64 64 
66 66 
68 68 
63 63 
22 22 
9 9 
98 98 
20 20 
99 99 
19 19 
65 65 
56 56 
72 72 
81 81 
69 69 
50 50 
105 105 
92 92 
34 34 
2 2 
30 30 
42 42 
85 85 
59 59 
61 61 
44 44 
4 4 
97 97 
16 16 
27 27 
6 6 
8 8 
70 70 
18 18 
49 49 
45 45 
38 38 
62 62 
13 13 
78 78 
47 47 
55 55 
94 94 
89 89 
51 51 
21 21 
43 43 
54 54 
93 93 
91 91 
71 71 
5 5 
75 75 
58 58 
86 86 
77 77 
32 32 
106 106 
84 84 
1 1 
36 36 
82 82 
37 37 
87 87 
109 109 
110 110 
53 53 
14 14 
15 15 
96 96 
11 11 
104 104 
33 33 
46 46 
10 10 
95 95 
74 74 
67 67 
24 24 
108 108 
35 35 
23 23 
83 83 
76 76 
90 90 
26 26 
80 80 
3 3 
39 39 
40 40 
102 102 
103 103 
100 100 
57 57 
52 52 
25 25 
48 48 
60 60 
28 28 
17 17 
29 29 
88 88 
79 79 
107 107 
