157 12403
11 11 
19 19 
72 72 
81 81 
17 17 
113 113 
78 78 
88 88 
109 109 
155 155 
59 59 
77 77 
148 148 
145 145 
114 114 
42 42 
39 39 
125 125 
56 56 
151 151 
147 147 
60 60 
121 121 
37 37 
64 64 
31 31 
111 111 
45 45 
2 2 
91 91 
32 32 
70 70 
130 130 
102 102 
141 141 
63 63 
69 69 
93 93 
119 119 
150 150 
103 103 
94 94 
126 126 
55 55 
120 120 
124 124 
95 95 
96 96 
29 29 
30 30 
140 140 
154 154 
15 15 
143 143 
135 135 
23 23 
48 48 
139 139 
137 137 
127 127 
152 152 
67 67 
131 131 
33 33 
25 25 
18 18 
82 82 
87 87 
110 110 
136 136 
3 3 
53 53 
85 85 
10 10 
8 8 
149 149 
46 46 
116 116 
128 128 
52 52 
36 36 
65 65 
1 1 
13 13 
43 43 
74 74 
92 92 
16 16 
86 86 
108 108 
20 20 
73 73 
157 157 
99 99 
156 156 
79 79 
100 100 
35 35 
12 12 
27 27 
142 142 
80 80 
133 133 
14 14 
117 117 
122 122 
75 75 
83 83 
90 90 
112 112 
57 57 
51 51 
22 22 
84 84 
7 7 
9 9 
115 115 
107 107 
106 106 
44 44 
97 97 
47 47 
98 98 
123 123 
58 58 
104 104 
6 6 
26 26 
38 38 
71 71 
66 66 
138 138 
24 24 
41 41 
153 153 
76 76 
89 89 
54 54 
5 5 
132 132 
62 62 
40 40 
49 49 
21 21 
68 68 
4 4 
34 34 
134 134 
28 28 
61 61 
129 129 
50 50 
144 144 
118 118 
101 101 
146 146 
105 105 
