174 15225
157 157 
16 16 
141 141 
26 26 
159 159 
132 132 
123 123 
110 110 
145 145 
99 99 
161 161 
18 18 
165 165 
163 163 
124 124 
80 80 
160 160 
82 82 
94 94 
25 25 
81 81 
162 162 
42 42 
8 8 
91 91 
63 63 
13 13 
156 156 
136 136 
68 68 
39 39 
174 174 
104 104 
32 32 
83 83 
74 74 
164 164 
100 100 
14 14 
67 67 
78 78 
33 33 
170 170 
59 59 
101 101 
171 171 
126 126 
64 64 
103 103 
69 69 
151 151 
9 9 
154 154 
7 7 
44 44 
173 173 
139 139 
115 115 
127 127 
140 140 
112 112 
95 95 
102 102 
28 28 
118 118 
52 52 
6 6 
1 1 
72 72 
35 35 
84 84 
50 50 
37 37 
106 106 
15 15 
98 98 
113 113 
41 41 
34 34 
87 87 
4 4 
135 135 
56 56 
79 79 
138 138 
158 158 
153 153 
58 58 
77 77 
155 155 
93 93 
19 19 
117 117 
168 168 
71 71 
20 20 
133 133 
53 53 
96 96 
29 29 
119 119 
149 149 
60 60 
61 61 
144 144 
27 27 
108 108 
75 75 
131 131 
120 120 
49 49 
143 143 
30 30 
76 76 
148 148 
2 2 
31 31 
122 122 
48 48 
121 121 
55 55 
54 54 
111 111 
38 38 
92 92 
66 66 
125 125 
46 46 
116 116 
88 88 
45 45 
114 114 
150 150 
97 97 
22 22 
89 89 
169 169 
105 105 
3 3 
43 43 
73 73 
21 21 
128 128 
51 51 
23 23 
57 57 
86 86 
134 134 
107 107 
62 62 
130 130 
166 166 
11 11 
36 36 
70 70 
65 65 
17 17 
146 146 
109 109 
90 90 
85 85 
40 40 
5 5 
142 142 
10 10 
47 47 
172 172 
12 12 
129 129 
147 147 
167 167 
24 24 
137 137 
152 152 
