197 19503
180 180 
175 175 
21 21 
191 191 
179 179 
8 8 
112 112 
47 47 
109 109 
42 42 
69 69 
185 185 
128 128 
76 76 
51 51 
68 68 
197 197 
35 35 
131 131 
4 4 
44 44 
87 87 
123 123 
182 182 
16 16 
66 66 
36 36 
43 43 
129 129 
158 158 
151 151 
3 3 
187 187 
154 154 
124 124 
137 137 
143 143 
108 108 
60 60 
178 178 
88 88 
84 84 
167 167 
149 149 
118 118 
63 63 
64 64 
28 28 
94 94 
29 29 
89 89 
79 79 
142 142 
5 5 
114 114 
189 189 
25 25 
159 159 
75 75 
148 148 
176 176 
125 125 
41 41 
56 56 
127 127 
12 12 
157 157 
40 40 
38 38 
34 34 
138 138 
133 133 
145 145 
147 147 
121 121 
102 102 
80 80 
52 52 
170 170 
67 67 
119 119 
77 77 
30 30 
10 10 
152 152 
54 54 
1 1 
74 74 
117 117 
162 162 
99 99 
111 111 
150 150 
93 93 
39 39 
155 155 
177 177 
17 17 
181 181 
135 135 
116 116 
115 115 
153 153 
122 122 
82 82 
78 78 
139 139 
141 141 
96 96 
31 31 
173 173 
48 48 
23 23 
2 2 
160 160 
14 14 
113 113 
9 9 
171 171 
195 195 
98 98 
70 70 
140 140 
71 71 
196 196 
81 81 
11 11 
58 58 
110 110 
183 183 
62 62 
161 161 
184 184 
27 27 
90 90 
188 188 
168 168 
104 104 
73 73 
20 20 
33 33 
26 26 
72 72 
190 190 
186 186 
166 166 
18 18 
22 22 
95 95 
65 65 
146 146 
156 156 
172 172 
24 24 
120 120 
61 61 
46 46 
101 101 
92 92 
55 55 
130 130 
57 57 
106 106 
174 174 
83 83 
193 193 
169 169 
97 97 
53 53 
86 86 
134 134 
37 37 
19 19 
165 165 
32 32 
164 164 
136 136 
59 59 
50 50 
100 100 
163 163 
126 126 
132 132 
13 13 
144 144 
194 194 
15 15 
49 49 
103 103 
192 192 
45 45 
6 6 
91 91 
7 7 
85 85 
107 107 
105 105 
