189 17955
127 127 
181 181 
186 186 
84 84 
41 41 
59 59 
2 2 
168 168 
94 94 
8 8 
86 86 
25 25 
151 151 
140 140 
44 44 
182 182 
159 159 
150 150 
5 5 
160 160 
91 91 
118 118 
155 155 
38 38 
54 54 
107 107 
90 90 
9 9 
123 123 
42 42 
60 60 
12 12 
162 162 
45 45 
79 79 
149 149 
156 156 
56 56 
117 117 
29 29 
78 78 
92 92 
171 171 
135 135 
165 165 
120 120 
147 147 
148 148 
106 106 
76 76 
111 111 
116 116 
73 73 
19 19 
17 17 
10 10 
132 132 
89 89 
104 104 
138 138 
72 72 
136 136 
52 52 
154 154 
133 133 
4 4 
24 24 
34 34 
130 130 
137 137 
33 33 
174 174 
101 101 
139 139 
126 126 
23 23 
39 39 
172 172 
113 113 
61 61 
169 169 
188 188 
96 96 
93 93 
15 15 
64 64 
88 88 
129 129 
167 167 
21 21 
122 122 
99 99 
157 157 
177 177 
189 189 
105 105 
176 176 
183 183 
163 163 
47 47 
71 71 
53 53 
87 87 
30 30 
98 98 
68 68 
28 28 
179 179 
119 119 
121 121 
27 27 
35 35 
95 95 
11 11 
16 16 
80 80 
185 185 
57 57 
65 65 
46 46 
112 112 
37 37 
63 63 
97 97 
3 3 
114 114 
153 153 
77 77 
48 48 
131 131 
1 1 
109 109 
18 18 
173 173 
50 50 
49 49 
22 22 
14 14 
124 124 
75 75 
36 36 
142 142 
143 143 
62 62 
164 164 
170 170 
40 40 
103 103 
26 26 
85 85 
74 74 
125 125 
115 115 
134 134 
161 161 
69 69 
128 128 
166 166 
67 67 
82 82 
6 6 
180 180 
187 187 
51 51 
146 146 
100 100 
145 145 
110 110 
66 66 
70 70 
141 141 
175 175 
144 144 
152 152 
32 32 
108 108 
7 7 
102 102 
184 184 
13 13 
58 58 
158 158 
178 178 
20 20 
81 81 
31 31 
55 55 
83 83 
43 43 
