193 18721
67 67 
155 155 
139 139 
32 32 
166 166 
104 104 
9 9 
65 65 
128 128 
34 34 
37 37 
38 38 
129 129 
42 42 
29 29 
50 50 
119 119 
144 144 
183 183 
13 13 
115 115 
24 24 
25 25 
64 64 
168 168 
126 126 
193 193 
165 165 
138 138 
180 180 
59 59 
123 123 
70 70 
69 69 
39 39 
18 18 
108 108 
66 66 
35 35 
175 175 
40 40 
112 112 
58 58 
41 41 
53 53 
105 105 
163 163 
147 147 
141 141 
83 83 
16 16 
135 135 
132 132 
63 63 
88 88 
31 31 
122 122 
91 91 
173 173 
22 22 
4 4 
61 61 
149 149 
185 185 
169 169 
159 159 
51 51 
81 81 
98 98 
82 82 
171 171 
158 158 
95 95 
102 102 
54 54 
43 43 
84 84 
45 45 
60 60 
188 188 
186 186 
11 11 
134 134 
192 192 
187 187 
151 151 
100 100 
117 117 
26 26 
90 90 
46 46 
62 62 
150 150 
140 140 
48 48 
97 97 
30 30 
124 124 
142 142 
74 74 
23 23 
130 130 
15 15 
17 17 
133 133 
76 76 
101 101 
92 92 
89 89 
78 78 
28 28 
99 99 
164 164 
161 161 
94 94 
73 73 
85 85 
49 49 
162 162 
72 72 
121 121 
182 182 
190 190 
113 113 
106 106 
120 120 
2 2 
145 145 
178 178 
111 111 
148 148 
143 143 
146 146 
189 189 
52 52 
79 79 
19 19 
3 3 
6 6 
47 47 
68 68 
191 191 
80 80 
57 57 
176 176 
10 10 
87 87 
12 12 
116 116 
75 75 
71 71 
56 56 
103 103 
55 55 
109 109 
160 160 
118 118 
8 8 
179 179 
36 36 
86 86 
20 20 
156 156 
177 177 
127 127 
5 5 
33 33 
167 167 
136 136 
7 7 
137 137 
27 27 
93 93 
21 21 
157 157 
181 181 
153 153 
114 114 
172 172 
107 107 
170 170 
110 110 
152 152 
1 1 
125 125 
131 131 
174 174 
184 184 
14 14 
154 154 
96 96 
44 44 
77 77 
