135 9180
42 42 
67 67 
75 75 
26 26 
78 78 
57 57 
53 53 
6 6 
2 2 
127 127 
86 86 
19 19 
25 25 
50 50 
59 59 
10 10 
130 130 
28 28 
104 104 
70 70 
66 66 
131 131 
48 48 
16 16 
60 60 
83 83 
119 119 
114 114 
128 128 
92 92 
125 125 
22 22 
106 106 
36 36 
118 118 
52 52 
24 24 
73 73 
71 71 
129 129 
54 54 
101 101 
40 40 
116 116 
133 133 
63 63 
62 62 
29 29 
17 17 
111 111 
5 5 
94 94 
90 90 
65 65 
51 51 
81 81 
100 100 
109 109 
87 87 
99 99 
56 56 
21 21 
68 68 
33 33 
4 4 
11 11 
84 84 
38 38 
64 64 
96 96 
58 58 
135 135 
34 34 
113 113 
32 32 
88 88 
105 105 
82 82 
1 1 
85 85 
98 98 
72 72 
97 97 
3 3 
14 14 
35 35 
69 69 
49 49 
7 7 
121 121 
74 74 
122 122 
15 15 
44 44 
93 93 
27 27 
47 47 
89 89 
117 117 
76 76 
124 124 
23 23 
55 55 
134 134 
80 80 
112 112 
123 123 
8 8 
91 91 
107 107 
126 126 
46 46 
30 30 
37 37 
45 45 
41 41 
13 13 
61 61 
9 9 
31 31 
108 108 
110 110 
43 43 
79 79 
120 120 
12 12 
102 102 
77 77 
20 20 
115 115 
95 95 
39 39 
18 18 
132 132 
103 103 
