92 4278
8 8 
20 20 
80 80 
61 61 
47 47 
30 30 
6 6 
36 36 
3 3 
17 17 
50 50 
89 89 
44 44 
22 22 
49 49 
24 24 
73 73 
35 35 
87 87 
79 79 
9 9 
59 59 
51 51 
91 91 
21 21 
72 72 
54 54 
81 81 
40 40 
70 70 
71 71 
60 60 
11 11 
83 83 
32 32 
68 68 
65 65 
64 64 
4 4 
86 86 
92 92 
19 19 
77 77 
85 85 
56 56 
12 12 
52 52 
41 41 
15 15 
55 55 
58 58 
31 31 
67 67 
34 34 
1 1 
27 27 
48 48 
16 16 
62 62 
39 39 
46 46 
74 74 
84 84 
90 90 
29 29 
57 57 
2 2 
26 26 
53 53 
33 33 
37 37 
76 76 
63 63 
45 45 
10 10 
23 23 
38 38 
69 69 
82 82 
88 88 
75 75 
14 14 
42 42 
13 13 
66 66 
43 43 
28 28 
18 18 
5 5 
7 7 
25 25 
78 78 
