191 18336
9 9 
34 34 
98 98 
117 117 
131 131 
43 43 
160 160 
10 10 
73 73 
5 5 
127 127 
89 89 
141 141 
188 188 
63 63 
121 121 
97 97 
109 109 
29 29 
22 22 
33 33 
6 6 
128 128 
163 163 
77 77 
185 185 
154 154 
125 125 
103 103 
144 144 
91 91 
176 176 
64 64 
111 111 
38 38 
11 11 
151 151 
65 65 
174 174 
190 190 
115 115 
119 119 
72 72 
12 12 
53 53 
152 152 
87 87 
148 148 
96 96 
24 24 
112 112 
81 81 
15 15 
86 86 
105 105 
45 45 
35 35 
132 132 
126 126 
8 8 
83 83 
21 21 
179 179 
52 52 
184 184 
161 161 
145 145 
124 124 
134 134 
44 44 
4 4 
170 170 
55 55 
186 186 
158 158 
153 153 
60 60 
19 19 
61 61 
135 135 
167 167 
75 75 
183 183 
56 56 
143 143 
57 57 
58 58 
7 7 
40 40 
14 14 
84 84 
23 23 
16 16 
62 62 
36 36 
31 31 
130 130 
51 51 
172 172 
157 157 
17 17 
165 165 
138 138 
173 173 
74 74 
133 133 
30 30 
37 37 
123 123 
100 100 
1 1 
164 164 
191 191 
82 82 
25 25 
169 169 
166 166 
18 18 
59 59 
149 149 
171 171 
39 39 
20 20 
159 159 
80 80 
88 88 
140 140 
101 101 
70 70 
168 168 
85 85 
113 113 
49 49 
76 76 
66 66 
79 79 
26 26 
178 178 
116 116 
155 155 
177 177 
90 90 
114 114 
32 32 
42 42 
136 136 
69 69 
54 54 
122 122 
120 120 
104 104 
129 129 
71 71 
67 67 
27 27 
78 78 
3 3 
2 2 
107 107 
118 118 
137 137 
182 182 
156 156 
48 48 
108 108 
68 68 
47 47 
50 50 
41 41 
139 139 
94 94 
180 180 
99 99 
110 110 
95 95 
142 142 
106 106 
162 162 
28 28 
189 189 
175 175 
181 181 
46 46 
93 93 
150 150 
92 92 
13 13 
146 146 
187 187 
147 147 
102 102 
