149 11175
63 63 
86 86 
32 32 
74 74 
25 25 
40 40 
131 131 
29 29 
35 35 
83 83 
143 143 
138 138 
121 121 
111 111 
6 6 
127 127 
149 149 
92 92 
73 73 
119 119 
12 12 
126 126 
77 77 
76 76 
9 9 
51 51 
144 144 
79 79 
33 33 
124 124 
118 118 
64 64 
98 98 
117 117 
56 56 
34 34 
65 65 
45 45 
78 78 
115 115 
23 23 
5 5 
129 129 
145 145 
48 48 
22 22 
55 55 
1 1 
17 17 
60 60 
101 101 
142 142 
43 43 
109 109 
18 18 
146 146 
26 26 
125 125 
114 114 
84 84 
90 90 
66 66 
81 81 
41 41 
37 37 
139 139 
16 16 
57 57 
46 46 
85 85 
97 97 
39 39 
147 147 
19 19 
135 135 
70 70 
100 100 
82 82 
120 120 
94 94 
68 68 
42 42 
122 122 
7 7 
123 123 
24 24 
30 30 
36 36 
44 44 
20 20 
61 61 
14 14 
75 75 
72 72 
133 133 
134 134 
80 80 
128 128 
102 102 
106 106 
104 104 
27 27 
2 2 
3 3 
91 91 
93 93 
59 59 
116 116 
58 58 
108 108 
99 99 
110 110 
38 38 
50 50 
95 95 
69 69 
141 141 
21 21 
148 148 
31 31 
105 105 
140 140 
54 54 
52 52 
71 71 
103 103 
47 47 
8 8 
107 107 
4 4 
11 11 
113 113 
132 132 
96 96 
53 53 
49 49 
15 15 
89 89 
112 112 
88 88 
13 13 
87 87 
130 130 
28 28 
10 10 
62 62 
67 67 
137 137 
136 136 
