155 12090
64 64 
122 122 
99 99 
146 146 
85 85 
98 98 
133 133 
13 13 
14 14 
74 74 
31 31 
134 134 
24 24 
142 142 
138 138 
28 28 
151 151 
45 45 
33 33 
65 65 
40 40 
120 120 
149 149 
152 152 
78 78 
106 106 
56 56 
3 3 
137 137 
22 22 
130 130 
86 86 
66 66 
100 100 
75 75 
57 57 
88 88 
8 8 
116 116 
51 51 
21 21 
1 1 
37 37 
46 46 
87 87 
114 114 
52 52 
70 70 
73 73 
139 139 
20 20 
42 42 
29 29 
109 109 
104 104 
17 17 
16 16 
117 117 
136 136 
131 131 
92 92 
125 125 
119 119 
49 49 
80 80 
25 25 
5 5 
81 81 
113 113 
38 38 
11 11 
47 47 
67 67 
127 127 
118 118 
144 144 
54 54 
141 141 
27 27 
94 94 
135 135 
79 79 
105 105 
55 55 
140 140 
108 108 
62 62 
53 53 
59 59 
121 121 
126 126 
101 101 
147 147 
128 128 
2 2 
95 95 
115 115 
90 90 
18 18 
7 7 
89 89 
132 132 
124 124 
6 6 
35 35 
155 155 
9 9 
82 82 
63 63 
103 103 
4 4 
10 10 
110 110 
23 23 
112 112 
50 50 
102 102 
76 76 
30 30 
58 58 
84 84 
107 107 
19 19 
39 39 
77 77 
41 41 
129 129 
48 48 
60 60 
150 150 
83 83 
97 97 
123 123 
96 96 
43 43 
61 61 
12 12 
15 15 
69 69 
71 71 
32 32 
36 36 
93 93 
34 34 
68 68 
44 44 
91 91 
154 154 
145 145 
153 153 
72 72 
148 148 
143 143 
111 111 
26 26 
