154 11935
123 123 
46 46 
94 94 
62 62 
12 12 
101 101 
148 148 
80 80 
68 68 
18 18 
67 67 
33 33 
16 16 
39 39 
22 22 
129 129 
138 138 
137 137 
124 124 
135 135 
100 100 
1 1 
102 102 
15 15 
91 91 
141 141 
144 144 
85 85 
38 38 
105 105 
49 49 
146 146 
61 61 
63 63 
19 19 
55 55 
50 50 
65 65 
98 98 
44 44 
25 25 
121 121 
14 14 
35 35 
151 151 
116 116 
54 54 
8 8 
71 71 
86 86 
127 127 
28 28 
147 147 
131 131 
11 11 
41 41 
96 96 
4 4 
143 143 
132 132 
134 134 
140 140 
81 81 
17 17 
122 122 
83 83 
106 106 
128 128 
57 57 
104 104 
45 45 
3 3 
152 152 
21 21 
90 90 
69 69 
42 42 
79 79 
37 37 
56 56 
133 133 
139 139 
77 77 
76 76 
73 73 
149 149 
7 7 
113 113 
52 52 
115 115 
87 87 
43 43 
154 154 
9 9 
40 40 
142 142 
31 31 
70 70 
84 84 
109 109 
145 145 
97 97 
112 112 
10 10 
30 30 
32 32 
111 111 
110 110 
58 58 
5 5 
114 114 
26 26 
36 36 
89 89 
108 108 
2 2 
107 107 
6 6 
120 120 
48 48 
95 95 
72 72 
150 150 
23 23 
74 74 
130 130 
27 27 
125 125 
103 103 
78 78 
64 64 
13 13 
29 29 
34 34 
153 153 
75 75 
126 126 
60 60 
92 92 
88 88 
119 119 
82 82 
93 93 
47 47 
118 118 
59 59 
51 51 
20 20 
99 99 
117 117 
136 136 
24 24 
66 66 
53 53 
