187 17578
77 77 
156 156 
25 25 
162 162 
60 60 
123 123 
29 29 
58 58 
50 50 
32 32 
110 110 
121 121 
75 75 
52 52 
175 175 
26 26 
134 134 
10 10 
84 84 
136 136 
78 78 
96 96 
99 99 
105 105 
44 44 
120 120 
65 65 
4 4 
68 68 
114 114 
90 90 
154 154 
6 6 
177 177 
7 7 
164 164 
100 100 
70 70 
104 104 
151 151 
133 133 
145 145 
64 64 
112 112 
115 115 
86 86 
24 24 
51 51 
140 140 
176 176 
138 138 
94 94 
173 173 
21 21 
35 35 
102 102 
171 171 
66 66 
130 130 
158 158 
168 168 
95 95 
129 129 
69 69 
17 17 
43 43 
55 55 
127 127 
119 119 
54 54 
41 41 
39 39 
150 150 
20 20 
113 113 
141 141 
15 15 
142 142 
28 28 
103 103 
185 185 
155 155 
27 27 
23 23 
14 14 
116 116 
30 30 
118 118 
9 9 
172 172 
135 135 
149 149 
183 183 
1 1 
18 18 
108 108 
131 131 
85 85 
92 92 
16 16 
106 106 
87 87 
180 180 
182 182 
83 83 
80 80 
72 72 
137 137 
179 179 
13 13 
47 47 
109 109 
89 89 
56 56 
91 91 
187 187 
159 159 
67 67 
160 160 
53 53 
22 22 
81 81 
117 117 
165 165 
163 163 
98 98 
166 166 
148 148 
73 73 
153 153 
93 93 
34 34 
144 144 
111 111 
132 132 
152 152 
143 143 
169 169 
12 12 
157 157 
101 101 
45 45 
36 36 
186 186 
76 76 
46 46 
126 126 
128 128 
59 59 
88 88 
61 61 
57 57 
184 184 
170 170 
139 139 
122 122 
3 3 
31 31 
42 42 
8 8 
82 82 
97 97 
62 62 
33 33 
38 38 
107 107 
19 19 
161 161 
147 147 
174 174 
178 178 
63 63 
125 125 
2 2 
37 37 
181 181 
11 11 
40 40 
48 48 
124 124 
146 146 
74 74 
71 71 
49 49 
79 79 
167 167 
5 5 
