152 11628
106 106 
36 36 
85 85 
77 77 
145 145 
66 66 
46 46 
105 105 
113 113 
74 74 
49 49 
111 111 
90 90 
122 122 
21 21 
51 51 
5 5 
18 18 
152 152 
87 87 
148 148 
131 131 
32 32 
107 107 
38 38 
15 15 
143 143 
4 4 
3 3 
23 23 
147 147 
119 119 
13 13 
94 94 
99 99 
138 138 
134 134 
114 114 
151 151 
37 37 
43 43 
64 64 
9 9 
68 68 
60 60 
54 54 
128 128 
129 129 
55 55 
8 8 
132 132 
56 56 
93 93 
108 108 
70 70 
44 44 
50 50 
98 98 
80 80 
72 72 
65 65 
124 124 
112 112 
42 42 
136 136 
10 10 
69 69 
115 115 
57 57 
30 30 
41 41 
16 16 
83 83 
81 81 
149 149 
19 19 
7 7 
103 103 
20 20 
1 1 
150 150 
91 91 
22 22 
97 97 
40 40 
2 2 
120 120 
95 95 
39 39 
67 67 
24 24 
61 61 
121 121 
109 109 
84 84 
12 12 
48 48 
130 130 
27 27 
34 34 
127 127 
63 63 
126 126 
31 31 
28 28 
76 76 
88 88 
14 14 
29 29 
82 82 
52 52 
58 58 
45 45 
6 6 
71 71 
79 79 
62 62 
17 17 
78 78 
140 140 
104 104 
92 92 
25 25 
133 133 
11 11 
35 35 
102 102 
59 59 
53 53 
135 135 
118 118 
110 110 
26 26 
33 33 
89 89 
101 101 
96 96 
139 139 
146 146 
125 125 
117 117 
123 123 
137 137 
144 144 
47 47 
75 75 
116 116 
141 141 
100 100 
142 142 
86 86 
73 73 
