169 14365
97 97 
26 26 
71 71 
119 119 
84 84 
130 130 
124 124 
132 132 
74 74 
164 164 
2 2 
161 161 
42 42 
86 86 
38 38 
12 12 
163 163 
66 66 
80 80 
47 47 
155 155 
73 73 
22 22 
112 112 
136 136 
169 169 
59 59 
135 135 
76 76 
53 53 
134 134 
139 139 
121 121 
127 127 
44 44 
114 114 
140 140 
111 111 
83 83 
147 147 
98 98 
40 40 
70 70 
45 45 
62 62 
39 39 
125 125 
154 154 
30 30 
17 17 
14 14 
82 82 
48 48 
120 120 
19 19 
143 143 
93 93 
55 55 
109 109 
117 117 
46 46 
91 91 
99 99 
94 94 
18 18 
167 167 
103 103 
69 69 
159 159 
43 43 
65 65 
104 104 
158 158 
16 16 
160 160 
78 78 
87 87 
52 52 
128 128 
20 20 
64 64 
68 68 
85 85 
49 49 
133 133 
61 61 
36 36 
96 96 
137 137 
21 21 
15 15 
34 34 
11 11 
122 122 
101 101 
75 75 
126 126 
129 129 
90 90 
3 3 
79 79 
123 123 
63 63 
102 102 
23 23 
142 142 
35 35 
28 28 
95 95 
51 51 
89 89 
50 50 
166 166 
151 151 
148 148 
33 33 
7 7 
146 146 
116 116 
115 115 
106 106 
54 54 
5 5 
6 6 
41 41 
57 57 
144 144 
92 92 
1 1 
37 37 
162 162 
25 25 
29 29 
31 31 
72 72 
4 4 
8 8 
108 108 
153 153 
110 110 
77 77 
141 141 
138 138 
168 168 
150 150 
107 107 
118 118 
145 145 
131 131 
60 60 
32 32 
165 165 
24 24 
81 81 
58 58 
157 157 
67 67 
105 105 
113 113 
9 9 
13 13 
152 152 
100 100 
56 56 
27 27 
10 10 
156 156 
149 149 
88 88 
