79 3160
30 30 
61 61 
9 9 
4 4 
64 64 
40 40 
78 78 
28 28 
12 12 
76 76 
69 69 
44 44 
2 2 
66 66 
29 29 
54 54 
23 23 
51 51 
45 45 
38 38 
49 49 
21 21 
35 35 
47 47 
74 74 
16 16 
18 18 
13 13 
68 68 
79 79 
37 37 
48 48 
33 33 
75 75 
3 3 
77 77 
39 39 
15 15 
41 41 
71 71 
52 52 
56 56 
1 1 
53 53 
20 20 
8 8 
6 6 
72 72 
55 55 
42 42 
70 70 
58 58 
67 67 
10 10 
59 59 
36 36 
27 27 
19 19 
50 50 
32 32 
22 22 
25 25 
17 17 
63 63 
62 62 
46 46 
73 73 
14 14 
7 7 
43 43 
31 31 
34 34 
26 26 
24 24 
65 65 
57 57 
60 60 
5 5 
11 11 
