75 2850
8 8 
44 44 
13 13 
16 16 
20 20 
69 69 
48 48 
73 73 
64 64 
72 72 
74 74 
6 6 
39 39 
60 60 
27 27 
37 37 
22 22 
59 59 
30 30 
17 17 
40 40 
18 18 
35 35 
54 54 
29 29 
19 19 
5 5 
14 14 
66 66 
75 75 
38 38 
33 33 
50 50 
45 45 
9 9 
32 32 
41 41 
28 28 
4 4 
62 62 
3 3 
21 21 
15 15 
67 67 
1 1 
10 10 
56 56 
68 68 
26 26 
46 46 
47 47 
58 58 
42 42 
25 25 
34 34 
43 43 
36 36 
57 57 
63 63 
11 11 
31 31 
70 70 
7 7 
55 55 
53 53 
23 23 
24 24 
71 71 
2 2 
61 61 
49 49 
65 65 
52 52 
51 51 
12 12 
