84 3570
73 73 
6 6 
39 39 
18 18 
65 65 
2 2 
59 59 
56 56 
38 38 
82 82 
81 81 
4 4 
79 79 
70 70 
55 55 
15 15 
63 63 
20 20 
8 8 
57 57 
31 31 
21 21 
84 84 
34 34 
36 36 
44 44 
62 62 
76 76 
23 23 
49 49 
7 7 
10 10 
68 68 
26 26 
35 35 
9 9 
16 16 
71 71 
67 67 
40 40 
64 64 
60 60 
45 45 
48 48 
51 51 
3 3 
77 77 
14 14 
61 61 
53 53 
58 58 
72 72 
25 25 
32 32 
17 17 
37 37 
66 66 
27 27 
5 5 
12 12 
74 74 
28 28 
29 29 
52 52 
19 19 
24 24 
43 43 
80 80 
54 54 
33 33 
1 1 
50 50 
83 83 
22 22 
75 75 
13 13 
30 30 
11 11 
46 46 
69 69 
47 47 
42 42 
41 41 
78 78 
