125 7875
31 31 
25 25 
71 71 
113 113 
79 79 
125 125 
57 57 
33 33 
103 103 
53 53 
9 9 
85 85 
36 36 
122 122 
102 102 
105 105 
23 23 
46 46 
30 30 
120 120 
124 124 
74 74 
123 123 
112 112 
121 121 
35 35 
75 75 
16 16 
72 72 
39 39 
10 10 
47 47 
70 70 
56 56 
73 73 
12 12 
90 90 
92 92 
107 107 
42 42 
26 26 
5 5 
4 4 
52 52 
38 38 
59 59 
55 55 
32 32 
110 110 
13 13 
86 86 
82 82 
111 111 
51 51 
106 106 
58 58 
95 95 
78 78 
20 20 
60 60 
19 19 
108 108 
69 69 
8 8 
76 76 
50 50 
24 24 
65 65 
118 118 
7 7 
83 83 
99 99 
96 96 
88 88 
80 80 
100 100 
68 68 
22 22 
81 81 
67 67 
43 43 
45 45 
87 87 
61 61 
44 44 
2 2 
49 49 
37 37 
98 98 
15 15 
116 116 
89 89 
6 6 
17 17 
41 41 
27 27 
66 66 
114 114 
93 93 
40 40 
119 119 
54 54 
11 11 
14 14 
34 34 
109 109 
104 104 
63 63 
64 64 
1 1 
29 29 
94 94 
115 115 
91 91 
18 18 
21 21 
117 117 
101 101 
84 84 
28 28 
48 48 
3 3 
62 62 
77 77 
97 97 
