162 13203
29 29 
34 34 
148 148 
18 18 
118 118 
142 142 
12 12 
105 105 
116 116 
14 14 
9 9 
55 55 
52 52 
111 111 
136 136 
95 95 
31 31 
13 13 
63 63 
11 11 
123 123 
1 1 
150 150 
60 60 
139 139 
47 47 
110 110 
100 100 
35 35 
128 128 
131 131 
30 30 
74 74 
16 16 
130 130 
53 53 
153 153 
115 115 
40 40 
121 121 
83 83 
73 73 
156 156 
117 117 
162 162 
51 51 
114 114 
80 80 
15 15 
158 158 
88 88 
84 84 
132 132 
90 90 
98 98 
36 36 
106 106 
68 68 
22 22 
61 61 
45 45 
144 144 
89 89 
42 42 
23 23 
152 152 
32 32 
112 112 
137 137 
103 103 
64 64 
48 48 
126 126 
97 97 
133 133 
119 119 
71 71 
120 120 
124 124 
79 79 
56 56 
85 85 
65 65 
155 155 
37 37 
58 58 
43 43 
27 27 
33 33 
75 75 
87 87 
146 146 
160 160 
113 113 
107 107 
96 96 
20 20 
5 5 
151 151 
92 92 
81 81 
138 138 
19 19 
86 86 
50 50 
26 26 
54 54 
127 127 
24 24 
94 94 
159 159 
93 93 
134 134 
109 109 
135 135 
8 8 
99 99 
141 141 
108 108 
145 145 
39 39 
161 161 
10 10 
49 49 
104 104 
122 122 
59 59 
41 41 
154 154 
66 66 
102 102 
157 157 
17 17 
2 2 
21 21 
76 76 
147 147 
78 78 
82 82 
125 125 
143 143 
69 69 
67 67 
28 28 
46 46 
38 38 
129 129 
140 140 
77 77 
70 70 
7 7 
91 91 
101 101 
25 25 
57 57 
4 4 
149 149 
72 72 
6 6 
3 3 
44 44 
62 62 
