171 14706
161 161 
57 57 
75 75 
61 61 
64 64 
89 89 
27 27 
8 8 
9 9 
158 158 
71 71 
52 52 
25 25 
120 120 
102 102 
130 130 
154 154 
76 76 
51 51 
32 32 
98 98 
10 10 
53 53 
114 114 
84 84 
28 28 
4 4 
137 137 
88 88 
170 170 
2 2 
72 72 
83 83 
26 26 
22 22 
56 56 
124 124 
18 18 
67 67 
163 163 
16 16 
73 73 
65 65 
77 77 
105 105 
150 150 
81 81 
147 147 
151 151 
131 131 
47 47 
91 91 
69 69 
38 38 
33 33 
122 122 
128 128 
13 13 
24 24 
68 68 
5 5 
43 43 
70 70 
107 107 
167 167 
141 141 
138 138 
58 58 
101 101 
20 20 
104 104 
160 160 
41 41 
1 1 
23 23 
111 111 
86 86 
14 14 
42 42 
117 117 
148 148 
135 135 
97 97 
63 63 
31 31 
3 3 
134 134 
12 12 
109 109 
110 110 
106 106 
17 17 
79 79 
62 62 
162 162 
153 153 
36 36 
156 156 
39 39 
45 45 
90 90 
142 142 
54 54 
60 60 
30 30 
93 93 
166 166 
139 139 
129 129 
85 85 
96 96 
121 121 
44 44 
119 119 
115 115 
11 11 
118 118 
136 136 
103 103 
59 59 
127 127 
50 50 
37 37 
123 123 
132 132 
144 144 
126 126 
95 95 
7 7 
168 168 
116 116 
48 48 
169 169 
145 145 
164 164 
94 94 
125 125 
171 171 
15 15 
112 112 
6 6 
19 19 
29 29 
159 159 
74 74 
35 35 
46 46 
149 149 
78 78 
152 152 
100 100 
55 55 
40 40 
80 80 
87 87 
49 49 
146 146 
21 21 
82 82 
99 99 
157 157 
34 34 
140 140 
165 165 
113 113 
133 133 
108 108 
143 143 
66 66 
155 155 
92 92 
