100 5050
76 76 
65 65 
2 2 
23 23 
83 83 
98 98 
72 72 
42 42 
19 19 
9 9 
6 6 
58 58 
77 77 
32 32 
43 43 
96 96 
45 45 
66 66 
69 69 
97 97 
62 62 
63 63 
15 15 
85 85 
24 24 
50 50 
16 16 
93 93 
84 84 
49 49 
81 81 
26 26 
53 53 
74 74 
13 13 
57 57 
3 3 
52 52 
87 87 
86 86 
27 27 
68 68 
20 20 
71 71 
5 5 
40 40 
31 31 
67 67 
48 48 
88 88 
25 25 
18 18 
51 51 
46 46 
4 4 
38 38 
70 70 
92 92 
99 99 
79 79 
17 17 
1 1 
94 94 
90 90 
10 10 
100 100 
54 54 
56 56 
55 55 
7 7 
28 28 
78 78 
29 29 
47 47 
91 91 
12 12 
82 82 
80 80 
59 59 
34 34 
36 36 
33 33 
61 61 
89 89 
60 60 
21 21 
64 64 
22 22 
8 8 
75 75 
44 44 
39 39 
95 95 
73 73 
11 11 
30 30 
37 37 
35 35 
41 41 
14 14 
