77 3003
64 64 
47 47 
52 52 
66 66 
43 43 
23 23 
59 59 
39 39 
9 9 
12 12 
54 54 
19 19 
67 67 
55 55 
4 4 
22 22 
44 44 
49 49 
36 36 
20 20 
24 24 
31 31 
41 41 
35 35 
73 73 
51 51 
45 45 
28 28 
75 75 
65 65 
56 56 
8 8 
3 3 
42 42 
71 71 
53 53 
40 40 
18 18 
30 30 
69 69 
7 7 
33 33 
16 16 
68 68 
27 27 
1 1 
77 77 
63 63 
57 57 
38 38 
29 29 
58 58 
10 10 
15 15 
17 17 
74 74 
6 6 
72 72 
11 11 
48 48 
76 76 
70 70 
14 14 
21 21 
2 2 
34 34 
46 46 
25 25 
62 62 
50 50 
13 13 
32 32 
37 37 
26 26 
5 5 
61 61 
60 60 
