120 7260
70 70 
3 3 
17 17 
87 87 
73 73 
43 43 
40 40 
7 7 
51 51 
35 35 
84 84 
12 12 
6 6 
59 59 
96 96 
82 82 
107 107 
120 120 
15 15 
65 65 
104 104 
66 66 
83 83 
100 100 
116 116 
16 16 
111 111 
38 38 
106 106 
61 61 
25 25 
13 13 
9 9 
2 2 
80 80 
86 86 
78 78 
98 98 
72 72 
75 75 
68 68 
11 11 
114 114 
37 37 
30 30 
44 44 
62 62 
119 119 
8 8 
115 115 
27 27 
77 77 
67 67 
110 110 
34 34 
64 64 
5 5 
109 109 
97 97 
10 10 
23 23 
91 91 
33 33 
60 60 
20 20 
58 58 
101 101 
108 108 
54 54 
85 85 
99 99 
93 93 
31 31 
88 88 
69 69 
4 4 
53 53 
102 102 
50 50 
49 49 
74 74 
45 45 
79 79 
89 89 
56 56 
21 21 
103 103 
57 57 
112 112 
76 76 
32 32 
24 24 
28 28 
36 36 
1 1 
47 47 
90 90 
22 22 
63 63 
105 105 
18 18 
14 14 
52 52 
113 113 
19 19 
55 55 
41 41 
48 48 
117 117 
29 29 
42 42 
94 94 
26 26 
118 118 
46 46 
81 81 
71 71 
92 92 
95 95 
39 39 
