195 19110
20 20 
79 79 
163 163 
42 42 
120 120 
136 136 
53 53 
62 62 
148 148 
132 132 
103 103 
24 24 
185 185 
144 144 
104 104 
11 11 
167 167 
146 146 
76 76 
164 164 
45 45 
156 156 
109 109 
142 142 
129 129 
169 169 
4 4 
21 21 
96 96 
73 73 
63 63 
84 84 
152 152 
72 72 
82 82 
191 191 
1 1 
105 105 
119 119 
70 70 
49 49 
50 50 
175 175 
111 111 
157 157 
107 107 
78 78 
158 158 
10 10 
176 176 
115 115 
92 92 
33 33 
30 30 
141 141 
124 124 
36 36 
140 140 
88 88 
38 38 
150 150 
182 182 
8 8 
83 83 
44 44 
51 51 
47 47 
95 95 
165 165 
48 48 
19 19 
40 40 
113 113 
43 43 
23 23 
28 28 
68 68 
133 133 
159 159 
118 118 
58 58 
90 90 
9 9 
93 93 
41 41 
173 173 
66 66 
12 12 
87 87 
171 171 
114 114 
137 137 
7 7 
187 187 
190 190 
31 31 
135 135 
77 77 
37 37 
189 189 
153 153 
108 108 
5 5 
123 123 
112 112 
56 56 
161 161 
26 26 
121 121 
172 172 
3 3 
181 181 
17 17 
81 81 
138 138 
89 89 
64 64 
155 155 
183 183 
192 192 
13 13 
34 34 
186 186 
60 60 
65 65 
91 91 
101 101 
178 178 
97 97 
25 25 
100 100 
16 16 
69 69 
117 117 
134 134 
174 174 
94 94 
52 52 
128 128 
75 75 
179 179 
160 160 
27 27 
149 149 
180 180 
39 39 
131 131 
122 122 
54 54 
125 125 
98 98 
110 110 
59 59 
86 86 
85 85 
184 184 
151 151 
46 46 
74 74 
127 127 
130 130 
80 80 
22 22 
6 6 
195 195 
32 32 
2 2 
102 102 
71 71 
143 143 
139 139 
14 14 
193 193 
55 55 
154 154 
106 106 
15 15 
188 188 
61 61 
168 168 
18 18 
67 67 
177 177 
166 166 
194 194 
99 99 
35 35 
162 162 
29 29 
145 145 
57 57 
116 116 
126 126 
147 147 
170 170 
