81 3321
72 72 
79 79 
38 38 
8 8 
65 65 
16 16 
76 76 
40 40 
44 44 
49 49 
57 57 
25 25 
68 68 
12 12 
55 55 
64 64 
21 21 
47 47 
75 75 
66 66 
33 33 
10 10 
59 59 
35 35 
74 74 
28 28 
36 36 
6 6 
73 73 
39 39 
48 48 
37 37 
31 31 
2 2 
45 45 
53 53 
41 41 
30 30 
29 29 
42 42 
71 71 
23 23 
50 50 
3 3 
46 46 
34 34 
70 70 
54 54 
77 77 
69 69 
15 15 
20 20 
67 67 
14 14 
58 58 
19 19 
51 51 
52 52 
1 1 
7 7 
24 24 
78 78 
13 13 
43 43 
26 26 
5 5 
11 11 
18 18 
22 22 
27 27 
9 9 
80 80 
17 17 
62 62 
4 4 
60 60 
61 61 
81 81 
56 56 
32 32 
63 63 
