164 13530
37 37 
111 111 
106 106 
149 149 
31 31 
129 129 
82 82 
135 135 
139 139 
130 130 
7 7 
94 94 
90 90 
5 5 
142 142 
55 55 
151 151 
131 131 
36 36 
1 1 
23 23 
4 4 
28 28 
132 132 
26 26 
161 161 
122 122 
71 71 
52 52 
164 164 
155 155 
103 103 
108 108 
144 144 
58 58 
78 78 
140 140 
47 47 
117 117 
162 162 
109 109 
38 38 
60 60 
11 11 
99 99 
6 6 
66 66 
44 44 
89 89 
128 128 
18 18 
150 150 
85 85 
65 65 
80 80 
19 19 
24 24 
81 81 
136 136 
17 17 
154 154 
56 56 
123 123 
158 158 
88 88 
10 10 
96 96 
84 84 
138 138 
15 15 
143 143 
79 79 
83 83 
112 112 
100 100 
54 54 
51 51 
63 63 
87 87 
29 29 
57 57 
125 125 
146 146 
104 104 
75 75 
127 127 
61 61 
3 3 
50 50 
86 86 
25 25 
121 121 
22 22 
45 45 
137 137 
105 105 
102 102 
13 13 
119 119 
27 27 
159 159 
34 34 
62 62 
2 2 
16 16 
53 53 
101 101 
148 148 
107 107 
147 147 
12 12 
126 126 
110 110 
42 42 
163 163 
35 35 
115 115 
134 134 
40 40 
68 68 
124 124 
116 116 
160 160 
97 97 
156 156 
41 41 
70 70 
64 64 
145 145 
74 74 
9 9 
69 69 
8 8 
43 43 
21 21 
59 59 
77 77 
14 14 
73 73 
46 46 
76 76 
72 72 
91 91 
113 113 
153 153 
48 48 
141 141 
30 30 
118 118 
92 92 
157 157 
120 120 
33 33 
49 49 
67 67 
20 20 
39 39 
93 93 
133 133 
98 98 
152 152 
114 114 
95 95 
32 32 
