150 11325
115 115 
69 69 
50 50 
20 20 
14 14 
145 145 
128 128 
16 16 
103 103 
46 46 
37 37 
147 147 
124 124 
29 29 
41 41 
143 143 
77 77 
80 80 
57 57 
138 138 
144 144 
125 125 
4 4 
86 86 
116 116 
110 110 
25 25 
121 121 
119 119 
39 39 
44 44 
90 90 
26 26 
130 130 
15 15 
22 22 
135 135 
1 1 
108 108 
33 33 
13 13 
51 51 
137 137 
63 63 
34 34 
43 43 
19 19 
56 56 
11 11 
113 113 
123 123 
102 102 
141 141 
7 7 
12 12 
32 32 
81 81 
85 85 
88 88 
150 150 
71 71 
17 17 
126 126 
142 142 
36 36 
118 118 
93 93 
131 131 
54 54 
114 114 
59 59 
109 109 
112 112 
65 65 
101 101 
74 74 
122 122 
35 35 
24 24 
82 82 
149 149 
79 79 
8 8 
87 87 
21 21 
68 68 
52 52 
3 3 
45 45 
55 55 
140 140 
127 127 
5 5 
60 60 
105 105 
132 132 
120 120 
139 139 
117 117 
97 97 
106 106 
27 27 
73 73 
70 70 
98 98 
42 42 
10 10 
99 99 
146 146 
107 107 
129 129 
83 83 
30 30 
89 89 
91 91 
67 67 
40 40 
133 133 
18 18 
96 96 
64 64 
58 58 
53 53 
78 78 
134 134 
47 47 
100 100 
28 28 
94 94 
62 62 
61 61 
2 2 
38 38 
95 95 
49 49 
66 66 
84 84 
48 48 
31 31 
72 72 
148 148 
23 23 
104 104 
9 9 
136 136 
75 75 
6 6 
76 76 
92 92 
111 111 
