98 4851
6 6 
19 19 
94 94 
12 12 
40 40 
1 1 
90 90 
39 39 
18 18 
70 70 
25 25 
65 65 
37 37 
72 72 
50 50 
10 10 
54 54 
92 92 
57 57 
63 63 
31 31 
78 78 
96 96 
76 76 
14 14 
20 20 
73 73 
44 44 
4 4 
53 53 
87 87 
61 61 
68 68 
84 84 
27 27 
32 32 
11 11 
55 55 
3 3 
17 17 
7 7 
49 49 
38 38 
82 82 
89 89 
33 33 
43 43 
21 21 
64 64 
88 88 
97 97 
91 91 
75 75 
95 95 
79 79 
28 28 
23 23 
83 83 
16 16 
80 80 
34 34 
5 5 
71 71 
9 9 
8 8 
13 13 
60 60 
93 93 
22 22 
30 30 
77 77 
45 45 
62 62 
47 47 
29 29 
41 41 
58 58 
56 56 
48 48 
59 59 
26 26 
74 74 
24 24 
52 52 
98 98 
69 69 
51 51 
86 86 
85 85 
15 15 
67 67 
35 35 
46 46 
42 42 
81 81 
2 2 
66 66 
36 36 
