173 15051
111 111 
78 78 
110 110 
57 57 
163 163 
103 103 
96 96 
18 18 
104 104 
49 49 
1 1 
90 90 
22 22 
24 24 
139 139 
2 2 
25 25 
97 97 
142 142 
89 89 
116 116 
35 35 
44 44 
46 46 
88 88 
58 58 
17 17 
50 50 
130 130 
86 86 
95 95 
148 148 
42 42 
60 60 
122 122 
93 93 
169 169 
19 19 
138 138 
33 33 
28 28 
10 10 
85 85 
115 115 
92 92 
173 173 
64 64 
114 114 
98 98 
29 29 
13 13 
127 127 
47 47 
123 123 
100 100 
144 144 
32 32 
4 4 
82 82 
146 146 
77 77 
20 20 
36 36 
113 113 
51 51 
43 43 
70 70 
56 56 
128 128 
125 125 
55 55 
102 102 
167 167 
65 65 
30 30 
5 5 
112 112 
87 87 
69 69 
155 155 
165 165 
157 157 
54 54 
156 156 
134 134 
45 45 
99 99 
119 119 
91 91 
31 31 
79 79 
71 71 
3 3 
118 118 
158 158 
131 131 
74 74 
40 40 
27 27 
164 164 
15 15 
129 129 
107 107 
162 162 
168 168 
34 34 
37 37 
153 153 
23 23 
62 62 
150 150 
12 12 
76 76 
145 145 
135 135 
101 101 
80 80 
151 151 
72 72 
48 48 
141 141 
117 117 
147 147 
106 106 
83 83 
38 38 
143 143 
39 39 
53 53 
132 132 
152 152 
84 84 
7 7 
67 67 
52 52 
16 16 
59 59 
121 121 
159 159 
166 166 
133 133 
61 61 
26 26 
154 154 
161 161 
6 6 
66 66 
41 41 
126 126 
171 171 
63 63 
9 9 
68 68 
108 108 
11 11 
172 172 
149 149 
140 140 
21 21 
160 160 
73 73 
94 94 
14 14 
170 170 
124 124 
120 120 
136 136 
137 137 
105 105 
8 8 
81 81 
109 109 
75 75 
