91 4186
14 14 
15 15 
70 70 
38 38 
56 56 
20 20 
60 60 
29 29 
82 82 
62 62 
83 83 
47 47 
12 12 
10 10 
73 73 
6 6 
49 49 
3 3 
28 28 
36 36 
21 21 
18 18 
74 74 
42 42 
78 78 
71 71 
1 1 
79 79 
37 37 
77 77 
63 63 
11 11 
40 40 
54 54 
2 2 
81 81 
19 19 
5 5 
16 16 
46 46 
9 9 
27 27 
67 67 
25 25 
32 32 
22 22 
39 39 
4 4 
44 44 
85 85 
84 84 
66 66 
68 68 
33 33 
45 45 
17 17 
90 90 
34 34 
80 80 
35 35 
52 52 
8 8 
50 50 
26 26 
24 24 
91 91 
88 88 
31 31 
86 86 
58 58 
76 76 
87 87 
61 61 
53 53 
13 13 
23 23 
30 30 
41 41 
65 65 
51 51 
89 89 
64 64 
48 48 
7 7 
75 75 
72 72 
43 43 
55 55 
57 57 
69 69 
59 59 
