132 8778
75 75 
94 94 
113 113 
71 71 
5 5 
23 23 
9 9 
85 85 
74 74 
17 17 
29 29 
64 64 
120 120 
57 57 
106 106 
37 37 
6 6 
65 65 
82 82 
122 122 
35 35 
58 58 
40 40 
111 111 
63 63 
15 15 
33 33 
62 62 
45 45 
72 72 
20 20 
89 89 
77 77 
83 83 
119 119 
73 73 
99 99 
38 38 
91 91 
32 32 
88 88 
97 97 
95 95 
39 39 
105 105 
46 46 
50 50 
84 84 
1 1 
66 66 
25 25 
102 102 
52 52 
2 2 
127 127 
109 109 
27 27 
24 24 
30 30 
114 114 
55 55 
124 124 
43 43 
112 112 
128 128 
90 90 
7 7 
51 51 
41 41 
13 13 
28 28 
16 16 
53 53 
76 76 
101 101 
80 80 
79 79 
87 87 
36 36 
115 115 
14 14 
34 34 
100 100 
93 93 
31 31 
121 121 
42 42 
48 48 
81 81 
61 61 
96 96 
26 26 
110 110 
21 21 
86 86 
131 131 
98 98 
132 132 
129 129 
92 92 
54 54 
104 104 
125 125 
130 130 
108 108 
49 49 
70 70 
18 18 
69 69 
78 78 
68 68 
126 126 
67 67 
123 123 
117 117 
4 4 
56 56 
116 116 
12 12 
118 118 
103 103 
10 10 
19 19 
8 8 
3 3 
11 11 
107 107 
44 44 
60 60 
59 59 
47 47 
22 22 
