177 15753
168 168 
94 94 
19 19 
45 45 
88 88 
122 122 
54 54 
58 58 
83 83 
132 132 
146 146 
85 85 
9 9 
24 24 
135 135 
13 13 
82 82 
43 43 
20 20 
66 66 
99 99 
120 120 
62 62 
25 25 
22 22 
14 14 
151 151 
40 40 
101 101 
56 56 
153 153 
3 3 
64 64 
74 74 
172 172 
100 100 
38 38 
79 79 
103 103 
61 61 
117 117 
107 107 
48 48 
46 46 
105 105 
78 78 
110 110 
1 1 
159 159 
42 42 
112 112 
162 162 
169 169 
164 164 
35 35 
154 154 
10 10 
67 67 
145 145 
26 26 
12 12 
36 36 
72 72 
32 32 
41 41 
142 142 
89 89 
69 69 
39 39 
102 102 
68 68 
173 173 
2 2 
87 87 
6 6 
113 113 
17 17 
59 59 
114 114 
126 126 
143 143 
55 55 
137 137 
111 111 
73 73 
150 150 
157 157 
29 29 
50 50 
44 44 
71 71 
118 118 
18 18 
28 28 
90 90 
165 165 
147 147 
133 133 
139 139 
141 141 
31 31 
96 96 
93 93 
65 65 
33 33 
129 129 
86 86 
70 70 
23 23 
104 104 
109 109 
177 177 
131 131 
136 136 
149 149 
175 175 
84 84 
81 81 
7 7 
11 11 
60 60 
27 27 
80 80 
127 127 
52 52 
119 119 
92 92 
125 125 
57 57 
63 63 
176 176 
156 156 
166 166 
76 76 
97 97 
116 116 
98 98 
49 49 
134 134 
75 75 
123 123 
4 4 
16 16 
53 53 
106 106 
155 155 
77 77 
160 160 
152 152 
144 144 
170 170 
167 167 
5 5 
21 21 
108 108 
130 130 
128 128 
30 30 
47 47 
148 148 
161 161 
51 51 
140 140 
171 171 
121 121 
95 95 
163 163 
115 115 
124 124 
91 91 
37 37 
8 8 
174 174 
158 158 
15 15 
34 34 
138 138 
