93 4371
51 51 
69 69 
48 48 
38 38 
2 2 
11 11 
16 16 
7 7 
1 1 
6 6 
28 28 
56 56 
13 13 
9 9 
4 4 
61 61 
80 80 
84 84 
31 31 
59 59 
78 78 
75 75 
18 18 
58 58 
29 29 
17 17 
93 93 
30 30 
71 71 
57 57 
23 23 
70 70 
53 53 
39 39 
91 91 
34 34 
27 27 
42 42 
20 20 
52 52 
19 19 
76 76 
3 3 
24 24 
86 86 
79 79 
62 62 
88 88 
12 12 
82 82 
92 92 
63 63 
44 44 
33 33 
41 41 
54 54 
50 50 
25 25 
47 47 
72 72 
35 35 
49 49 
21 21 
43 43 
65 65 
26 26 
22 22 
10 10 
73 73 
60 60 
87 87 
66 66 
40 40 
74 74 
14 14 
67 67 
32 32 
45 45 
83 83 
81 81 
15 15 
85 85 
46 46 
90 90 
37 37 
68 68 
55 55 
77 77 
36 36 
8 8 
5 5 
89 89 
64 64 
