107 5778
9 9 
82 82 
88 88 
37 37 
45 45 
17 17 
104 104 
74 74 
23 23 
105 105 
68 68 
4 4 
32 32 
98 98 
51 51 
15 15 
24 24 
29 29 
54 54 
21 21 
22 22 
91 91 
94 94 
10 10 
97 97 
67 67 
75 75 
100 100 
19 19 
48 48 
84 84 
13 13 
66 66 
73 73 
90 90 
64 64 
61 61 
107 107 
86 86 
12 12 
42 42 
71 71 
2 2 
87 87 
70 70 
62 62 
18 18 
1 1 
106 106 
78 78 
20 20 
38 38 
41 41 
63 63 
60 60 
58 58 
85 85 
5 5 
101 101 
79 79 
34 34 
39 39 
95 95 
80 80 
56 56 
3 3 
28 28 
55 55 
46 46 
81 81 
14 14 
16 16 
50 50 
40 40 
52 52 
49 49 
36 36 
43 43 
11 11 
53 53 
83 83 
25 25 
6 6 
30 30 
8 8 
77 77 
65 65 
35 35 
102 102 
99 99 
7 7 
69 69 
59 59 
31 31 
27 27 
76 76 
96 96 
57 57 
26 26 
89 89 
103 103 
92 92 
44 44 
47 47 
93 93 
33 33 
72 72 
