165 13695
99 99 
113 113 
153 153 
43 43 
38 38 
62 62 
139 139 
165 165 
135 135 
36 36 
142 142 
60 60 
102 102 
124 124 
49 49 
64 64 
146 146 
160 160 
78 78 
75 75 
106 106 
45 45 
111 111 
101 101 
161 161 
158 158 
30 30 
33 33 
163 163 
44 44 
129 129 
23 23 
97 97 
76 76 
117 117 
71 71 
84 84 
52 52 
58 58 
17 17 
151 151 
35 35 
81 81 
118 118 
120 120 
126 126 
96 96 
2 2 
70 70 
108 108 
141 141 
57 57 
125 125 
66 66 
74 74 
90 90 
157 157 
26 26 
89 89 
155 155 
83 83 
116 116 
40 40 
22 22 
32 32 
73 73 
100 100 
9 9 
93 93 
149 149 
112 112 
21 21 
15 15 
5 5 
3 3 
98 98 
29 29 
39 39 
56 56 
24 24 
154 154 
12 12 
28 28 
145 145 
156 156 
34 34 
147 147 
152 152 
115 115 
79 79 
131 131 
88 88 
95 95 
72 72 
127 127 
140 140 
114 114 
133 133 
110 110 
80 80 
16 16 
82 82 
67 67 
47 47 
104 104 
86 86 
77 77 
48 48 
132 132 
7 7 
42 42 
148 148 
150 150 
134 134 
85 85 
103 103 
51 51 
107 107 
1 1 
61 61 
164 164 
94 94 
162 162 
91 91 
136 136 
63 63 
68 68 
121 121 
130 130 
46 46 
27 27 
14 14 
87 87 
137 137 
53 53 
50 50 
123 123 
59 59 
4 4 
37 37 
159 159 
144 144 
55 55 
19 19 
69 69 
138 138 
41 41 
13 13 
11 11 
122 122 
65 65 
10 10 
31 31 
128 128 
20 20 
143 143 
119 119 
92 92 
105 105 
8 8 
109 109 
25 25 
54 54 
6 6 
18 18 
