121 7381
44 44 
7 7 
69 69 
113 113 
3 3 
110 110 
102 102 
61 61 
41 41 
46 46 
15 15 
93 93 
51 51 
12 12 
103 103 
22 22 
5 5 
43 43 
63 63 
73 73 
91 91 
89 89 
88 88 
82 82 
83 83 
40 40 
94 94 
119 119 
28 28 
71 71 
59 59 
55 55 
10 10 
100 100 
34 34 
16 16 
118 118 
49 49 
76 76 
108 108 
95 95 
86 86 
107 107 
32 32 
31 31 
92 92 
17 17 
30 30 
18 18 
106 106 
20 20 
77 77 
8 8 
52 52 
4 4 
116 116 
24 24 
38 38 
104 104 
57 57 
14 14 
65 65 
81 81 
75 75 
74 74 
47 47 
62 62 
33 33 
19 19 
105 105 
79 79 
45 45 
66 66 
90 90 
21 21 
115 115 
9 9 
2 2 
96 96 
25 25 
117 117 
35 35 
98 98 
53 53 
13 13 
72 72 
120 120 
85 85 
27 27 
68 68 
60 60 
39 39 
1 1 
78 78 
29 29 
23 23 
54 54 
109 109 
58 58 
37 37 
67 67 
48 48 
70 70 
112 112 
11 11 
26 26 
64 64 
101 101 
50 50 
80 80 
56 56 
114 114 
84 84 
97 97 
87 87 
111 111 
36 36 
121 121 
6 6 
99 99 
42 42 
