146 10731
97 97 
25 25 
106 106 
61 61 
17 17 
3 3 
93 93 
59 59 
112 112 
63 63 
15 15 
103 103 
124 124 
139 139 
70 70 
82 82 
81 81 
104 104 
132 132 
126 126 
10 10 
53 53 
26 26 
71 71 
37 37 
39 39 
21 21 
55 55 
105 105 
107 107 
135 135 
74 74 
89 89 
47 47 
73 73 
27 27 
92 92 
99 99 
33 33 
122 122 
129 129 
46 46 
41 41 
116 116 
76 76 
110 110 
5 5 
66 66 
127 127 
115 115 
95 95 
83 83 
123 123 
100 100 
113 113 
133 133 
18 18 
7 7 
6 6 
14 14 
119 119 
102 102 
45 45 
118 118 
36 36 
52 52 
114 114 
23 23 
75 75 
69 69 
87 87 
43 43 
57 57 
40 40 
137 137 
54 54 
78 78 
31 31 
94 94 
98 98 
134 134 
42 42 
125 125 
44 44 
48 48 
4 4 
130 130 
136 136 
22 22 
29 29 
2 2 
91 91 
11 11 
84 84 
38 38 
49 49 
111 111 
142 142 
131 131 
143 143 
9 9 
58 58 
13 13 
35 35 
62 62 
51 51 
117 117 
67 67 
80 80 
19 19 
64 64 
50 50 
28 28 
16 16 
79 79 
68 68 
96 96 
77 77 
109 109 
101 101 
34 34 
8 8 
24 24 
32 32 
90 90 
144 144 
145 145 
88 88 
65 65 
30 30 
1 1 
86 86 
60 60 
85 85 
128 128 
120 120 
141 141 
20 20 
121 121 
138 138 
146 146 
108 108 
72 72 
140 140 
12 12 
56 56 
