74 2775
37 37 
8 8 
13 13 
43 43 
16 16 
38 38 
67 67 
36 36 
49 49 
10 10 
45 45 
74 74 
46 46 
60 60 
56 56 
70 70 
58 58 
63 63 
19 19 
21 21 
24 24 
41 41 
20 20 
50 50 
69 69 
5 5 
18 18 
35 35 
11 11 
23 23 
14 14 
65 65 
32 32 
29 29 
33 33 
68 68 
47 47 
40 40 
57 57 
26 26 
72 72 
25 25 
27 27 
53 53 
62 62 
54 54 
73 73 
15 15 
51 51 
22 22 
39 39 
71 71 
3 3 
1 1 
61 61 
59 59 
66 66 
6 6 
2 2 
9 9 
64 64 
44 44 
31 31 
52 52 
12 12 
7 7 
42 42 
17 17 
55 55 
34 34 
48 48 
30 30 
4 4 
28 28 
