147 10878
144 144 
37 37 
137 137 
136 136 
89 89 
123 123 
45 45 
53 53 
44 44 
7 7 
117 117 
110 110 
72 72 
134 134 
131 131 
35 35 
90 90 
62 62 
84 84 
21 21 
15 15 
147 147 
57 57 
75 75 
103 103 
79 79 
86 86 
113 113 
124 124 
71 71 
81 81 
14 14 
34 34 
132 132 
100 100 
82 82 
13 13 
95 95 
120 120 
54 54 
68 68 
102 102 
55 55 
88 88 
130 130 
104 104 
133 133 
108 108 
18 18 
98 98 
111 111 
11 11 
105 105 
51 51 
109 109 
97 97 
3 3 
140 140 
128 128 
19 19 
135 135 
112 112 
139 139 
25 25 
6 6 
142 142 
38 38 
74 74 
48 48 
39 39 
26 26 
43 43 
129 129 
47 47 
83 83 
85 85 
30 30 
5 5 
69 69 
141 141 
114 114 
17 17 
20 20 
64 64 
12 12 
143 143 
42 42 
23 23 
146 146 
8 8 
1 1 
28 28 
24 24 
107 107 
49 49 
4 4 
31 31 
52 52 
63 63 
33 33 
93 93 
76 76 
10 10 
77 77 
16 16 
126 126 
118 118 
9 9 
73 73 
87 87 
59 59 
115 115 
138 138 
119 119 
65 65 
41 41 
29 29 
94 94 
125 125 
40 40 
60 60 
106 106 
58 58 
99 99 
78 78 
91 91 
22 22 
121 121 
96 96 
101 101 
32 32 
116 116 
27 27 
127 127 
67 67 
92 92 
80 80 
145 145 
70 70 
61 61 
122 122 
2 2 
66 66 
46 46 
36 36 
56 56 
50 50 
