168 14196
31 31 
39 39 
167 167 
112 112 
22 22 
3 3 
23 23 
61 61 
97 97 
152 152 
2 2 
34 34 
10 10 
132 132 
7 7 
111 111 
129 129 
153 153 
80 80 
115 115 
17 17 
93 93 
51 51 
8 8 
104 104 
109 109 
165 165 
134 134 
36 36 
48 48 
110 110 
89 89 
30 30 
139 139 
101 101 
59 59 
140 140 
46 46 
72 72 
52 52 
33 33 
125 125 
144 144 
91 91 
105 105 
87 87 
120 120 
162 162 
147 147 
43 43 
73 73 
63 63 
69 69 
113 113 
137 137 
26 26 
90 90 
156 156 
86 86 
107 107 
168 168 
66 66 
103 103 
102 102 
18 18 
1 1 
76 76 
13 13 
148 148 
15 15 
25 25 
9 9 
146 146 
75 75 
71 71 
42 42 
122 122 
149 149 
117 117 
163 163 
94 94 
40 40 
166 166 
119 119 
68 68 
41 41 
127 127 
11 11 
96 96 
45 45 
155 155 
16 16 
82 82 
77 77 
74 74 
88 88 
131 131 
124 124 
99 99 
154 154 
58 58 
126 126 
79 79 
130 130 
92 92 
67 67 
118 118 
143 143 
70 70 
49 49 
20 20 
123 123 
138 138 
28 28 
64 64 
100 100 
27 27 
95 95 
14 14 
57 57 
151 151 
5 5 
4 4 
159 159 
141 141 
142 142 
21 21 
47 47 
35 35 
108 108 
128 128 
161 161 
150 150 
85 85 
98 98 
32 32 
37 37 
157 157 
116 116 
60 60 
53 53 
145 145 
38 38 
6 6 
133 133 
55 55 
136 136 
56 56 
160 160 
135 135 
81 81 
24 24 
62 62 
65 65 
78 78 
158 158 
50 50 
83 83 
44 44 
29 29 
114 114 
84 84 
12 12 
164 164 
121 121 
19 19 
106 106 
54 54 
