181 16471
171 171 
177 177 
43 43 
7 7 
18 18 
68 68 
44 44 
88 88 
102 102 
33 33 
110 110 
60 60 
119 119 
109 109 
105 105 
143 143 
74 74 
113 113 
11 11 
141 141 
10 10 
164 164 
128 128 
179 179 
58 58 
160 160 
114 114 
166 166 
79 79 
90 90 
40 40 
24 24 
3 3 
32 32 
167 167 
151 151 
180 180 
107 107 
59 59 
26 26 
2 2 
98 98 
25 25 
57 57 
136 136 
132 132 
104 104 
95 95 
106 106 
23 23 
66 66 
65 65 
16 16 
47 47 
99 99 
101 101 
146 146 
155 155 
178 178 
115 115 
154 154 
36 36 
77 77 
153 153 
6 6 
46 46 
170 170 
173 173 
162 162 
150 150 
22 22 
38 38 
87 87 
169 169 
51 51 
13 13 
168 168 
127 127 
172 172 
45 45 
149 149 
76 76 
84 84 
81 81 
96 96 
144 144 
156 156 
17 17 
134 134 
52 52 
70 70 
123 123 
176 176 
21 21 
100 100 
161 161 
121 121 
31 31 
48 48 
35 35 
28 28 
85 85 
129 129 
137 137 
73 73 
41 41 
152 152 
42 42 
124 124 
118 118 
139 139 
27 27 
140 140 
55 55 
5 5 
103 103 
159 159 
138 138 
130 130 
116 116 
72 72 
108 108 
131 131 
163 163 
148 148 
89 89 
92 92 
50 50 
86 86 
181 181 
20 20 
37 37 
15 15 
75 75 
12 12 
67 67 
61 61 
39 39 
91 91 
9 9 
71 71 
82 82 
133 133 
97 97 
157 157 
158 158 
126 126 
49 49 
30 30 
29 29 
56 56 
19 19 
147 147 
63 63 
83 83 
117 117 
94 94 
165 165 
142 142 
1 1 
80 80 
78 78 
145 145 
120 120 
175 175 
93 93 
8 8 
62 62 
69 69 
53 53 
14 14 
125 125 
111 111 
54 54 
135 135 
112 112 
122 122 
4 4 
34 34 
174 174 
64 64 
