86 3741
64 64 
80 80 
34 34 
78 78 
29 29 
59 59 
77 77 
72 72 
60 60 
32 32 
58 58 
47 47 
36 36 
70 70 
82 82 
84 84 
18 18 
71 71 
53 53 
1 1 
40 40 
69 69 
74 74 
14 14 
20 20 
66 66 
8 8 
54 54 
37 37 
68 68 
81 81 
52 52 
55 55 
22 22 
85 85 
25 25 
39 39 
38 38 
57 57 
10 10 
9 9 
63 63 
44 44 
4 4 
28 28 
2 2 
76 76 
21 21 
19 19 
3 3 
73 73 
61 61 
23 23 
83 83 
26 26 
51 51 
11 11 
33 33 
43 43 
15 15 
79 79 
46 46 
65 65 
12 12 
5 5 
45 45 
62 62 
42 42 
75 75 
30 30 
41 41 
27 27 
48 48 
17 17 
16 16 
31 31 
86 86 
49 49 
7 7 
24 24 
56 56 
67 67 
50 50 
6 6 
13 13 
35 35 
