94 4465
29 29 
46 46 
86 86 
63 63 
16 16 
28 28 
12 12 
4 4 
30 30 
92 92 
44 44 
19 19 
3 3 
45 45 
77 77 
71 71 
38 38 
22 22 
93 93 
49 49 
75 75 
85 85 
32 32 
91 91 
60 60 
76 76 
62 62 
24 24 
51 51 
72 72 
7 7 
42 42 
88 88 
55 55 
43 43 
59 59 
15 15 
21 21 
8 8 
50 50 
13 13 
54 54 
57 57 
23 23 
73 73 
25 25 
40 40 
33 33 
82 82 
52 52 
79 79 
47 47 
14 14 
36 36 
65 65 
68 68 
81 81 
2 2 
70 70 
10 10 
69 69 
11 11 
61 61 
37 37 
48 48 
20 20 
18 18 
87 87 
35 35 
9 9 
27 27 
39 39 
67 67 
34 34 
84 84 
41 41 
83 83 
31 31 
66 66 
80 80 
1 1 
78 78 
53 53 
90 90 
89 89 
5 5 
6 6 
26 26 
56 56 
58 58 
17 17 
64 64 
94 94 
74 74 
