139 9730
128 128 
33 33 
58 58 
70 70 
133 133 
100 100 
87 87 
123 123 
88 88 
118 118 
130 130 
21 21 
55 55 
93 93 
107 107 
63 63 
42 42 
72 72 
17 17 
78 78 
12 12 
46 46 
5 5 
132 132 
64 64 
36 36 
113 113 
81 81 
103 103 
48 48 
124 124 
53 53 
117 117 
125 125 
115 115 
41 41 
9 9 
104 104 
22 22 
121 121 
51 51 
101 101 
54 54 
45 45 
27 27 
131 131 
114 114 
120 120 
97 97 
76 76 
94 94 
122 122 
134 134 
136 136 
68 68 
73 73 
18 18 
106 106 
28 28 
26 26 
14 14 
60 60 
25 25 
35 35 
108 108 
84 84 
86 86 
135 135 
99 99 
49 49 
112 112 
91 91 
29 29 
52 52 
83 83 
109 109 
59 59 
6 6 
89 89 
56 56 
11 11 
77 77 
44 44 
8 8 
126 126 
65 65 
16 16 
90 90 
105 105 
23 23 
57 57 
127 127 
82 82 
129 129 
96 96 
116 116 
79 79 
102 102 
43 43 
1 1 
32 32 
71 71 
31 31 
61 61 
39 39 
38 38 
2 2 
95 95 
13 13 
24 24 
69 69 
74 74 
137 137 
92 92 
30 30 
67 67 
37 37 
15 15 
40 40 
4 4 
50 50 
119 119 
3 3 
85 85 
80 80 
62 62 
7 7 
110 110 
111 111 
75 75 
66 66 
139 139 
138 138 
10 10 
20 20 
34 34 
19 19 
98 98 
47 47 
