111 6216
58 58 
43 43 
78 78 
16 16 
25 25 
45 45 
53 53 
52 52 
76 76 
21 21 
30 30 
81 81 
60 60 
10 10 
72 72 
62 62 
85 85 
4 4 
2 2 
86 86 
11 11 
29 29 
77 77 
94 94 
93 93 
70 70 
9 9 
33 33 
1 1 
57 57 
23 23 
44 44 
13 13 
32 32 
92 92 
49 49 
51 51 
67 67 
111 111 
55 55 
8 8 
54 54 
3 3 
31 31 
38 38 
37 37 
65 65 
102 102 
61 61 
89 89 
107 107 
39 39 
105 105 
84 84 
59 59 
80 80 
24 24 
12 12 
22 22 
48 48 
15 15 
56 56 
68 68 
96 96 
101 101 
50 50 
104 104 
103 103 
14 14 
27 27 
64 64 
110 110 
83 83 
63 63 
36 36 
87 87 
41 41 
5 5 
73 73 
95 95 
17 17 
108 108 
7 7 
90 90 
98 98 
42 42 
106 106 
35 35 
28 28 
34 34 
26 26 
74 74 
6 6 
82 82 
66 66 
18 18 
69 69 
99 99 
75 75 
88 88 
71 71 
79 79 
40 40 
91 91 
100 100 
46 46 
109 109 
20 20 
97 97 
47 47 
19 19 
