124 7750
101 101 
35 35 
74 74 
52 52 
8 8 
26 26 
114 114 
58 58 
4 4 
2 2 
45 45 
119 119 
6 6 
110 110 
100 100 
96 96 
86 86 
107 107 
124 124 
24 24 
50 50 
95 95 
15 15 
62 62 
9 9 
115 115 
123 123 
27 27 
97 97 
82 82 
25 25 
20 20 
39 39 
33 33 
73 73 
69 69 
111 111 
49 49 
44 44 
94 94 
116 116 
1 1 
63 63 
5 5 
21 21 
75 75 
10 10 
23 23 
92 92 
55 55 
117 117 
81 81 
85 85 
57 57 
17 17 
84 84 
18 18 
46 46 
12 12 
61 61 
68 68 
83 83 
16 16 
31 31 
121 121 
109 109 
22 22 
91 91 
93 93 
90 90 
13 13 
59 59 
11 11 
66 66 
113 113 
53 53 
38 38 
36 36 
54 54 
42 42 
112 112 
67 67 
29 29 
76 76 
98 98 
89 89 
34 34 
56 56 
78 78 
103 103 
30 30 
7 7 
102 102 
40 40 
99 99 
65 65 
120 120 
105 105 
51 51 
72 72 
14 14 
64 64 
37 37 
77 77 
108 108 
122 122 
104 104 
3 3 
87 87 
60 60 
79 79 
32 32 
41 41 
106 106 
71 71 
88 88 
70 70 
48 48 
28 28 
47 47 
118 118 
19 19 
80 80 
43 43 
