178 15931
134 134 
146 146 
175 175 
171 171 
58 58 
7 7 
56 56 
82 82 
126 126 
44 44 
38 38 
48 48 
131 131 
13 13 
151 151 
136 136 
53 53 
25 25 
115 115 
170 170 
39 39 
138 138 
63 63 
102 102 
71 71 
143 143 
11 11 
95 95 
90 90 
67 67 
94 94 
15 15 
109 109 
141 141 
114 114 
132 132 
93 93 
96 96 
145 145 
52 52 
97 97 
167 167 
65 65 
20 20 
12 12 
55 55 
69 69 
4 4 
154 154 
98 98 
156 156 
77 77 
68 68 
92 92 
72 72 
28 28 
85 85 
159 159 
23 23 
137 137 
112 112 
2 2 
33 33 
3 3 
78 78 
64 64 
111 111 
121 121 
129 129 
76 76 
91 91 
158 158 
73 73 
164 164 
149 149 
113 113 
101 101 
161 161 
22 22 
133 133 
29 29 
26 26 
62 62 
47 47 
8 8 
1 1 
178 178 
162 162 
89 89 
59 59 
118 118 
130 130 
37 37 
86 86 
24 24 
18 18 
32 32 
100 100 
105 105 
108 108 
84 84 
19 19 
173 173 
135 135 
42 42 
70 70 
51 51 
57 57 
177 177 
142 142 
83 83 
116 116 
165 165 
147 147 
16 16 
128 128 
27 27 
125 125 
107 107 
172 172 
163 163 
43 43 
5 5 
40 40 
119 119 
174 174 
117 117 
166 166 
160 160 
50 50 
148 148 
127 127 
54 54 
31 31 
124 124 
157 157 
79 79 
104 104 
80 80 
123 123 
14 14 
21 21 
81 81 
9 9 
10 10 
155 155 
88 88 
169 169 
6 6 
66 66 
41 41 
122 122 
168 168 
36 36 
60 60 
87 87 
139 139 
144 144 
152 152 
30 30 
103 103 
75 75 
34 34 
120 120 
140 140 
74 74 
61 61 
106 106 
153 153 
49 49 
150 150 
17 17 
176 176 
46 46 
35 35 
45 45 
99 99 
110 110 
