156 12246
102 102 
62 62 
38 38 
121 121 
106 106 
1 1 
98 98 
24 24 
138 138 
65 65 
96 96 
34 34 
44 44 
109 109 
52 52 
79 79 
29 29 
26 26 
115 115 
122 122 
30 30 
123 123 
131 131 
83 83 
133 133 
25 25 
136 136 
128 128 
125 125 
124 124 
20 20 
82 82 
129 129 
59 59 
155 155 
107 107 
58 58 
117 117 
147 147 
76 76 
84 84 
71 71 
92 92 
150 150 
146 146 
5 5 
127 127 
15 15 
93 93 
95 95 
94 94 
37 37 
90 90 
118 118 
50 50 
101 101 
81 81 
10 10 
17 17 
156 156 
75 75 
130 130 
100 100 
142 142 
148 148 
64 64 
4 4 
140 140 
143 143 
14 14 
104 104 
74 74 
113 113 
23 23 
111 111 
36 36 
54 54 
2 2 
53 53 
73 73 
51 51 
8 8 
35 35 
18 18 
116 116 
152 152 
46 46 
108 108 
77 77 
132 132 
99 99 
45 45 
40 40 
57 57 
137 137 
119 119 
69 69 
21 21 
126 126 
105 105 
61 61 
141 141 
68 68 
80 80 
27 27 
135 135 
39 39 
67 67 
154 154 
28 28 
89 89 
144 144 
72 72 
139 139 
110 110 
91 91 
153 153 
66 66 
47 47 
86 86 
60 60 
33 33 
49 49 
63 63 
103 103 
3 3 
149 149 
11 11 
16 16 
114 114 
43 43 
6 6 
78 78 
19 19 
145 145 
55 55 
41 41 
134 134 
12 12 
70 70 
9 9 
56 56 
112 112 
7 7 
120 120 
88 88 
13 13 
87 87 
32 32 
48 48 
97 97 
42 42 
22 22 
151 151 
85 85 
31 31 
