159 12720
1 1 
21 21 
70 70 
72 72 
113 113 
78 78 
86 86 
80 80 
115 115 
7 7 
129 129 
124 124 
47 47 
155 155 
136 136 
131 131 
59 59 
116 116 
46 46 
133 133 
151 151 
22 22 
137 137 
142 142 
84 84 
67 67 
154 154 
128 128 
120 120 
74 74 
146 146 
93 93 
106 106 
17 17 
35 35 
44 44 
25 25 
23 23 
2 2 
76 76 
158 158 
28 28 
36 36 
8 8 
66 66 
9 9 
110 110 
69 69 
87 87 
32 32 
112 112 
102 102 
156 156 
71 71 
85 85 
10 10 
42 42 
4 4 
53 53 
12 12 
111 111 
130 130 
45 45 
81 81 
117 117 
134 134 
3 3 
138 138 
54 54 
143 143 
104 104 
55 55 
40 40 
147 147 
58 58 
19 19 
144 144 
82 82 
77 77 
34 34 
27 27 
109 109 
64 64 
38 38 
91 91 
5 5 
52 52 
29 29 
135 135 
60 60 
15 15 
20 20 
139 139 
16 16 
41 41 
149 149 
57 57 
24 24 
132 132 
126 126 
68 68 
13 13 
153 153 
96 96 
107 107 
152 152 
95 95 
92 92 
83 83 
114 114 
11 11 
75 75 
6 6 
51 51 
118 118 
123 123 
79 79 
18 18 
100 100 
49 49 
63 63 
145 145 
26 26 
48 48 
30 30 
62 62 
101 101 
31 31 
121 121 
43 43 
97 97 
37 37 
65 65 
89 89 
119 119 
98 98 
157 157 
33 33 
94 94 
88 88 
99 99 
140 140 
122 122 
56 56 
14 14 
103 103 
108 108 
73 73 
148 148 
125 125 
50 50 
105 105 
150 150 
141 141 
127 127 
39 39 
61 61 
90 90 
159 159 
