117 6903
117 117 
97 97 
61 61 
59 59 
81 81 
24 24 
78 78 
93 93 
83 83 
30 30 
18 18 
88 88 
103 103 
66 66 
108 108 
84 84 
48 48 
94 94 
12 12 
32 32 
100 100 
42 42 
104 104 
72 72 
109 109 
64 64 
63 63 
116 116 
105 105 
54 54 
23 23 
26 26 
62 62 
67 67 
55 55 
101 101 
11 11 
3 3 
17 17 
4 4 
86 86 
35 35 
15 15 
71 71 
98 98 
38 38 
50 50 
1 1 
46 46 
77 77 
2 2 
92 92 
115 115 
110 110 
19 19 
75 75 
25 25 
60 60 
5 5 
89 89 
16 16 
99 99 
106 106 
74 74 
82 82 
37 37 
107 107 
49 49 
45 45 
53 53 
39 39 
31 31 
33 33 
111 111 
13 13 
29 29 
73 73 
57 57 
52 52 
41 41 
114 114 
58 58 
34 34 
20 20 
79 79 
9 9 
36 36 
91 91 
95 95 
69 69 
6 6 
22 22 
7 7 
113 113 
90 90 
10 10 
56 56 
44 44 
43 43 
21 21 
87 87 
70 70 
40 40 
28 28 
8 8 
96 96 
85 85 
112 112 
80 80 
76 76 
68 68 
14 14 
102 102 
47 47 
65 65 
27 27 
51 51 
