145 10585
62 62 
11 11 
57 57 
137 137 
115 115 
63 63 
99 99 
48 48 
22 22 
31 31 
78 78 
71 71 
70 70 
46 46 
2 2 
69 69 
12 12 
14 14 
126 126 
40 40 
67 67 
36 36 
123 123 
130 130 
49 49 
83 83 
111 111 
13 13 
132 132 
53 53 
102 102 
86 86 
109 109 
88 88 
122 122 
95 95 
8 8 
29 29 
118 118 
34 34 
61 61 
52 52 
28 28 
39 39 
1 1 
112 112 
58 58 
92 92 
35 35 
76 76 
55 55 
81 81 
103 103 
133 133 
59 59 
17 17 
4 4 
142 142 
64 64 
106 106 
139 139 
110 110 
85 85 
125 125 
5 5 
19 19 
87 87 
84 84 
10 10 
77 77 
124 124 
93 93 
104 104 
101 101 
50 50 
44 44 
25 25 
114 114 
41 41 
96 96 
6 6 
136 136 
3 3 
33 33 
60 60 
32 32 
21 21 
120 120 
107 107 
65 65 
135 135 
20 20 
74 74 
16 16 
121 121 
51 51 
56 56 
80 80 
72 72 
131 131 
100 100 
43 43 
116 116 
117 117 
97 97 
140 140 
79 79 
119 119 
91 91 
54 54 
89 89 
73 73 
38 38 
47 47 
129 129 
18 18 
134 134 
138 138 
90 90 
37 37 
113 113 
23 23 
82 82 
45 45 
7 7 
141 141 
27 27 
145 145 
98 98 
24 24 
15 15 
108 108 
143 143 
128 128 
127 127 
105 105 
30 30 
42 42 
144 144 
75 75 
66 66 
9 9 
68 68 
94 94 
26 26 
