194 18915
146 146 
93 93 
85 85 
156 156 
173 173 
34 34 
43 43 
150 150 
69 69 
12 12 
37 37 
72 72 
96 96 
77 77 
36 36 
114 114 
145 145 
102 102 
152 152 
124 124 
51 51 
159 159 
29 29 
191 191 
110 110 
172 172 
10 10 
176 176 
84 84 
88 88 
121 121 
78 78 
134 134 
162 162 
87 87 
126 126 
142 142 
185 185 
71 71 
76 76 
115 115 
167 167 
42 42 
81 81 
20 20 
190 190 
179 179 
97 97 
19 19 
82 82 
107 107 
73 73 
28 28 
147 147 
47 47 
70 70 
23 23 
125 125 
9 9 
164 164 
188 188 
135 135 
106 106 
89 89 
116 116 
119 119 
75 75 
94 94 
138 138 
56 56 
48 48 
46 46 
80 80 
15 15 
139 139 
189 189 
7 7 
67 67 
74 74 
22 22 
104 104 
165 165 
61 61 
26 26 
64 64 
181 181 
103 103 
186 186 
16 16 
13 13 
166 166 
91 91 
101 101 
31 31 
38 38 
154 154 
8 8 
59 59 
98 98 
39 39 
109 109 
180 180 
155 155 
53 53 
112 112 
120 120 
127 127 
58 58 
182 182 
40 40 
170 170 
83 83 
90 90 
117 117 
113 113 
128 128 
14 14 
21 21 
62 62 
161 161 
45 45 
33 33 
2 2 
169 169 
140 140 
60 60 
131 131 
144 144 
32 32 
105 105 
1 1 
129 129 
192 192 
175 175 
68 68 
160 160 
4 4 
6 6 
54 54 
130 130 
27 27 
171 171 
168 168 
55 55 
30 30 
183 183 
35 35 
132 132 
24 24 
187 187 
3 3 
151 151 
178 178 
153 153 
118 118 
99 99 
122 122 
52 52 
100 100 
136 136 
5 5 
66 66 
63 63 
57 57 
157 157 
194 194 
141 141 
50 50 
111 111 
49 49 
44 44 
143 143 
86 86 
79 79 
41 41 
137 137 
108 108 
184 184 
163 163 
123 123 
17 17 
18 18 
133 133 
158 158 
174 174 
177 177 
11 11 
149 149 
65 65 
25 25 
92 92 
148 148 
193 193 
95 95 
