131 8646
87 87 
45 45 
84 84 
74 74 
125 125 
43 43 
69 69 
122 122 
10 10 
119 119 
85 85 
109 109 
111 111 
37 37 
130 130 
107 107 
41 41 
13 13 
16 16 
8 8 
54 54 
98 98 
76 76 
108 108 
30 30 
70 70 
7 7 
55 55 
52 52 
93 93 
25 25 
99 99 
77 77 
6 6 
44 44 
116 116 
51 51 
118 118 
101 101 
90 90 
66 66 
9 9 
83 83 
15 15 
11 11 
17 17 
64 64 
92 92 
49 49 
4 4 
12 12 
128 128 
20 20 
24 24 
105 105 
32 32 
112 112 
91 91 
2 2 
94 94 
22 22 
58 58 
72 72 
19 19 
59 59 
117 117 
86 86 
60 60 
110 110 
80 80 
131 131 
40 40 
50 50 
81 81 
34 34 
73 73 
39 39 
36 36 
120 120 
89 89 
100 100 
97 97 
38 38 
115 115 
48 48 
35 35 
61 61 
1 1 
18 18 
127 127 
121 121 
57 57 
78 78 
96 96 
3 3 
42 42 
114 114 
33 33 
21 21 
106 106 
104 104 
47 47 
126 126 
67 67 
14 14 
5 5 
62 62 
124 124 
23 23 
95 95 
53 53 
26 26 
31 31 
75 75 
46 46 
29 29 
56 56 
88 88 
79 79 
103 103 
27 27 
129 129 
65 65 
82 82 
68 68 
71 71 
102 102 
123 123 
28 28 
63 63 
113 113 
