126 8001
61 61 
17 17 
101 101 
92 92 
47 47 
8 8 
121 121 
70 70 
120 120 
95 95 
27 27 
77 77 
63 63 
15 15 
59 59 
12 12 
106 106 
40 40 
41 41 
56 56 
74 74 
23 23 
126 126 
20 20 
118 118 
75 75 
58 58 
55 55 
43 43 
11 11 
62 62 
94 94 
38 38 
3 3 
85 85 
123 123 
37 37 
71 71 
102 102 
18 18 
69 69 
68 68 
65 65 
96 96 
83 83 
110 110 
34 34 
97 97 
76 76 
5 5 
88 88 
125 125 
111 111 
104 104 
9 9 
49 49 
35 35 
25 25 
67 67 
42 42 
93 93 
54 54 
89 89 
72 72 
28 28 
82 82 
32 32 
86 86 
122 122 
4 4 
16 16 
81 81 
46 46 
78 78 
39 39 
29 29 
13 13 
105 105 
109 109 
51 51 
108 108 
36 36 
66 66 
50 50 
80 80 
99 99 
24 24 
112 112 
107 107 
119 119 
60 60 
14 14 
64 64 
26 26 
52 52 
114 114 
115 115 
113 113 
79 79 
87 87 
91 91 
117 117 
22 22 
90 90 
7 7 
6 6 
19 19 
103 103 
57 57 
45 45 
44 44 
33 33 
100 100 
84 84 
73 73 
98 98 
1 1 
10 10 
48 48 
21 21 
124 124 
53 53 
30 30 
2 2 
31 31 
116 116 
