116 6786
6 6 
18 18 
49 49 
40 40 
17 17 
76 76 
60 60 
50 50 
65 65 
61 61 
96 96 
7 7 
24 24 
93 93 
84 84 
12 12 
82 82 
115 115 
66 66 
48 48 
90 90 
98 98 
28 28 
22 22 
23 23 
11 11 
73 73 
103 103 
87 87 
20 20 
113 113 
110 110 
89 89 
68 68 
99 99 
41 41 
3 3 
85 85 
114 114 
46 46 
80 80 
15 15 
45 45 
106 106 
91 91 
42 42 
95 95 
34 34 
52 52 
30 30 
74 74 
1 1 
72 72 
109 109 
79 79 
70 70 
47 47 
9 9 
31 31 
77 77 
63 63 
32 32 
112 112 
55 55 
67 67 
35 35 
53 53 
101 101 
78 78 
105 105 
104 104 
56 56 
38 38 
75 75 
97 97 
43 43 
107 107 
94 94 
51 51 
14 14 
27 27 
100 100 
64 64 
10 10 
21 21 
81 81 
8 8 
59 59 
54 54 
36 36 
69 69 
19 19 
37 37 
26 26 
4 4 
116 116 
57 57 
62 62 
92 92 
2 2 
58 58 
86 86 
13 13 
25 25 
39 39 
16 16 
33 33 
44 44 
88 88 
71 71 
108 108 
5 5 
111 111 
102 102 
29 29 
83 83 
