71 426
71 213 
27 81 
66 198 
40 120 
9 27 
45 135 
69 207 
30 90 
62 186 
36 108 
51 153 
37 111 
18 54 
31 93 
12 36 
46 138 
41 123 
59 177 
5 15 
44 132 
61 183 
52 156 
6 18 
32 96 
20 60 
10 30 
16 48 
14 42 
13 39 
33 99 
1 3 
26 78 
34 102 
68 204 
38 114 
49 147 
70 210 
35 105 
39 117 
17 51 
56 168 
50 150 
47 141 
53 159 
64 192 
42 126 
54 162 
22 66 
65 195 
28 84 
23 69 
58 174 
25 75 
11 33 
21 63 
43 129 
3 9 
24 72 
67 201 
57 171 
19 57 
7 21 
55 165 
8 24 
29 87 
4 12 
63 189 
48 144 
2 6 
15 45 
60 180 
