111 666
109 327 
81 243 
106 318 
8 24 
49 147 
12 36 
56 168 
37 111 
64 192 
110 330 
50 150 
42 126 
7 21 
79 237 
89 267 
52 156 
105 315 
103 309 
78 234 
62 186 
16 48 
3 9 
104 312 
86 258 
92 276 
2 6 
35 105 
46 138 
1 3 
75 225 
20 60 
65 195 
91 273 
6 18 
21 63 
84 252 
31 93 
54 162 
27 81 
85 255 
40 120 
55 165 
98 294 
83 249 
70 210 
45 135 
25 75 
99 297 
23 69 
29 87 
82 246 
95 285 
68 204 
22 66 
97 291 
39 117 
36 108 
102 306 
5 15 
69 207 
14 42 
33 99 
74 222 
17 51 
47 141 
87 261 
32 96 
77 231 
61 183 
15 45 
93 279 
34 102 
13 39 
9 27 
66 198 
43 129 
101 303 
38 114 
108 324 
60 180 
59 177 
72 216 
90 270 
73 219 
111 333 
10 30 
19 57 
41 123 
26 78 
30 90 
96 288 
18 54 
63 189 
44 132 
80 240 
76 228 
88 264 
94 282 
58 174 
71 213 
28 84 
57 171 
48 144 
100 300 
4 12 
53 159 
107 321 
51 153 
24 72 
11 33 
67 201 
