174 1044
31 93 
160 480 
19 57 
89 267 
47 141 
17 51 
155 465 
95 285 
32 96 
168 504 
167 501 
35 105 
99 297 
146 438 
125 375 
41 123 
139 417 
46 138 
3 9 
80 240 
166 498 
103 309 
128 384 
51 153 
39 117 
85 255 
124 372 
104 312 
22 66 
143 429 
10 30 
127 381 
76 228 
111 333 
112 336 
69 207 
86 258 
44 132 
140 420 
66 198 
153 459 
113 339 
107 321 
126 378 
60 180 
136 408 
150 450 
157 471 
170 510 
84 252 
7 21 
91 273 
11 33 
158 474 
93 279 
145 435 
74 222 
121 363 
116 348 
38 114 
77 231 
118 354 
137 411 
141 423 
43 129 
115 345 
56 168 
27 81 
174 522 
169 507 
92 276 
24 72 
135 405 
151 453 
21 63 
105 315 
114 342 
171 513 
79 237 
37 111 
173 519 
83 249 
130 390 
14 42 
132 396 
106 318 
4 12 
78 234 
100 300 
162 486 
28 84 
2 6 
1 3 
131 393 
36 108 
12 36 
65 195 
30 90 
34 102 
122 366 
52 156 
90 270 
57 171 
26 78 
117 351 
119 357 
42 126 
101 303 
102 306 
6 18 
33 99 
71 213 
81 243 
142 426 
148 444 
156 468 
50 150 
163 489 
120 360 
5 15 
18 54 
55 165 
20 60 
87 261 
134 402 
138 414 
58 174 
53 159 
123 369 
152 456 
164 492 
97 291 
25 75 
59 177 
144 432 
109 327 
129 387 
133 399 
62 186 
23 69 
108 324 
149 447 
70 210 
9 27 
48 144 
154 462 
94 282 
82 246 
161 483 
29 87 
147 441 
98 294 
110 330 
63 189 
96 288 
172 516 
88 264 
15 45 
45 135 
54 162 
13 39 
8 24 
165 495 
49 147 
64 192 
75 225 
40 120 
68 204 
67 201 
61 183 
159 477 
16 48 
73 219 
72 216 
