170 1020
90 270 
84 252 
95 285 
25 75 
19 57 
21 63 
168 504 
48 144 
5 15 
72 216 
4 12 
135 405 
10 30 
124 372 
36 108 
75 225 
47 141 
132 396 
29 87 
8 24 
42 126 
122 366 
165 495 
76 228 
40 120 
143 429 
18 54 
161 483 
83 249 
126 378 
81 243 
3 9 
163 489 
137 411 
12 36 
141 423 
39 117 
145 435 
52 156 
78 234 
152 456 
148 444 
13 39 
100 300 
45 135 
66 198 
50 150 
101 303 
156 468 
7 21 
69 207 
34 102 
65 195 
28 84 
153 459 
31 93 
146 438 
86 258 
120 360 
159 477 
125 375 
130 390 
164 492 
112 336 
80 240 
9 27 
167 501 
111 333 
96 288 
140 420 
22 66 
56 168 
51 153 
98 294 
68 204 
108 324 
73 219 
93 279 
144 432 
91 273 
155 465 
62 186 
102 306 
43 129 
107 321 
123 369 
147 441 
103 309 
70 210 
110 330 
109 327 
61 183 
97 291 
64 192 
58 174 
150 450 
35 105 
105 315 
38 114 
44 132 
46 138 
2 6 
142 426 
166 498 
154 462 
160 480 
55 165 
27 81 
49 147 
67 201 
138 414 
116 348 
32 96 
104 312 
158 474 
117 351 
79 237 
59 177 
149 447 
24 72 
129 387 
131 393 
57 171 
63 189 
169 507 
26 78 
60 180 
11 33 
41 123 
157 471 
74 222 
114 342 
134 402 
16 48 
71 213 
106 318 
128 384 
136 408 
119 357 
77 231 
139 417 
162 486 
127 381 
17 51 
14 42 
88 264 
89 267 
85 255 
99 297 
54 162 
92 276 
94 282 
87 261 
1 3 
118 354 
30 90 
53 159 
37 111 
115 345 
133 399 
23 69 
15 45 
170 510 
82 246 
151 453 
33 99 
113 339 
6 18 
20 60 
121 363 
