101 606
23 69 
101 303 
34 102 
18 54 
58 174 
70 210 
57 171 
7 21 
94 282 
87 261 
31 93 
74 222 
41 123 
10 30 
66 198 
16 48 
78 234 
44 132 
62 186 
95 285 
59 177 
38 114 
37 111 
22 66 
5 15 
50 150 
9 27 
32 96 
19 57 
12 36 
55 165 
60 180 
75 225 
29 87 
2 6 
92 276 
63 189 
52 156 
40 120 
90 270 
56 168 
91 273 
26 78 
72 216 
97 291 
36 108 
65 195 
11 33 
89 267 
76 228 
1 3 
85 255 
51 153 
3 9 
98 294 
79 237 
43 129 
80 240 
64 192 
47 141 
46 138 
99 297 
83 249 
86 258 
77 231 
71 213 
48 144 
49 147 
68 204 
21 63 
33 99 
84 252 
96 288 
54 162 
24 72 
14 42 
6 18 
25 75 
28 84 
35 105 
69 207 
88 264 
4 12 
42 126 
93 279 
82 246 
8 24 
13 39 
17 51 
20 60 
67 201 
53 159 
27 81 
45 135 
39 117 
61 183 
73 219 
81 243 
15 45 
30 90 
100 300 
