103 618
3 9 
25 75 
31 93 
40 120 
96 288 
21 63 
45 135 
44 132 
18 54 
60 180 
94 282 
46 138 
100 300 
83 249 
47 141 
48 144 
64 192 
33 99 
26 78 
76 228 
11 33 
102 306 
10 30 
49 147 
58 174 
32 96 
27 81 
99 297 
74 222 
34 102 
9 27 
81 243 
52 156 
50 150 
53 159 
12 36 
39 117 
56 168 
92 276 
68 204 
24 72 
89 267 
90 270 
22 66 
103 309 
35 105 
54 162 
65 195 
98 294 
57 171 
30 90 
4 12 
61 183 
101 303 
6 18 
82 246 
80 240 
28 84 
77 231 
29 87 
7 21 
59 177 
87 261 
75 225 
51 153 
63 189 
67 201 
23 69 
71 213 
17 51 
93 279 
86 258 
1 3 
5 15 
73 219 
14 42 
37 111 
69 207 
13 39 
70 210 
38 114 
97 291 
72 216 
16 48 
55 165 
20 60 
42 126 
41 123 
66 198 
79 237 
8 24 
85 255 
43 129 
2 6 
36 108 
91 273 
15 45 
19 57 
84 252 
95 285 
88 264 
78 234 
62 186 
