157 942
119 357 
137 411 
113 339 
3 9 
103 309 
11 33 
80 240 
156 468 
32 96 
31 93 
101 303 
18 54 
74 222 
148 444 
15 45 
65 195 
157 471 
82 246 
93 279 
53 159 
51 153 
110 330 
39 117 
108 324 
92 276 
22 66 
29 87 
90 270 
14 42 
84 252 
42 126 
102 306 
88 264 
114 342 
50 150 
43 129 
79 237 
36 108 
20 60 
48 144 
124 372 
69 207 
8 24 
12 36 
133 399 
104 312 
62 186 
49 147 
138 414 
70 210 
46 138 
7 21 
27 81 
130 390 
147 441 
96 288 
33 99 
144 432 
115 345 
37 111 
136 408 
155 465 
95 285 
44 132 
121 363 
107 321 
143 429 
141 423 
89 267 
56 168 
16 48 
125 375 
139 417 
145 435 
4 12 
5 15 
58 174 
135 405 
98 294 
116 348 
122 366 
9 27 
126 378 
45 135 
120 360 
109 327 
86 258 
21 63 
30 90 
6 18 
140 420 
55 165 
87 261 
34 102 
17 51 
150 450 
134 402 
68 204 
117 351 
149 447 
47 141 
64 192 
1 3 
91 273 
25 75 
52 156 
61 183 
66 198 
94 282 
105 315 
154 462 
38 114 
118 354 
60 180 
59 177 
106 318 
54 162 
111 333 
132 396 
128 384 
26 78 
153 459 
40 120 
78 234 
129 387 
24 72 
67 201 
142 426 
152 456 
131 393 
76 228 
73 219 
77 231 
72 216 
13 39 
71 213 
97 291 
63 189 
57 171 
28 84 
112 336 
127 381 
99 297 
123 369 
35 105 
151 453 
83 249 
10 30 
75 225 
2 6 
23 69 
41 123 
146 438 
81 243 
19 57 
85 255 
100 300 
