105 630
21 63 
41 123 
72 216 
20 60 
71 213 
54 162 
76 228 
99 297 
15 45 
36 108 
87 261 
43 129 
62 186 
61 183 
23 69 
35 105 
5 15 
3 9 
32 96 
78 234 
93 279 
96 288 
59 177 
8 24 
19 57 
26 78 
12 36 
73 219 
27 81 
95 285 
40 120 
104 312 
70 210 
46 138 
16 48 
45 135 
42 126 
80 240 
69 207 
97 291 
64 192 
14 42 
28 84 
92 276 
1 3 
50 150 
22 66 
6 18 
101 303 
90 270 
89 267 
66 198 
86 258 
52 156 
44 132 
10 30 
94 282 
49 147 
84 252 
67 201 
65 195 
81 243 
29 87 
2 6 
48 144 
30 90 
98 294 
83 249 
13 39 
24 72 
60 180 
102 306 
9 27 
58 174 
7 21 
53 159 
38 114 
56 168 
103 309 
34 102 
25 75 
63 189 
105 315 
11 33 
18 54 
31 93 
91 273 
85 255 
39 117 
17 51 
4 12 
82 246 
47 141 
37 111 
88 264 
57 171 
33 99 
77 231 
100 300 
79 237 
51 153 
68 204 
75 225 
55 165 
74 222 
