152 912
148 444 
49 147 
30 90 
134 402 
98 294 
53 159 
70 210 
132 396 
80 240 
90 270 
26 78 
142 426 
16 48 
103 309 
99 297 
135 405 
19 57 
150 450 
35 105 
86 258 
46 138 
7 21 
137 411 
67 201 
79 237 
145 435 
139 417 
6 18 
10 30 
59 177 
120 360 
13 39 
131 393 
23 69 
43 129 
129 387 
57 171 
72 216 
39 117 
144 432 
78 234 
74 222 
130 390 
101 303 
116 348 
75 225 
34 102 
93 279 
25 75 
22 66 
117 351 
56 168 
108 324 
87 261 
20 60 
105 315 
33 99 
62 186 
138 414 
48 144 
115 345 
63 189 
106 318 
149 447 
40 120 
92 276 
128 384 
21 63 
50 150 
126 378 
95 285 
4 12 
68 204 
143 429 
1 3 
84 252 
55 165 
2 6 
8 24 
109 327 
18 54 
113 339 
41 123 
89 267 
38 114 
76 228 
17 51 
64 192 
51 153 
71 213 
60 180 
69 207 
122 366 
36 108 
85 255 
77 231 
45 135 
32 96 
123 369 
3 9 
31 93 
151 453 
152 456 
58 174 
147 441 
124 372 
146 438 
54 162 
15 45 
107 321 
47 141 
66 198 
97 291 
14 42 
11 33 
100 300 
28 84 
112 336 
52 156 
9 27 
44 132 
91 273 
104 312 
121 363 
119 357 
140 420 
110 330 
37 111 
24 72 
133 399 
5 15 
81 243 
12 36 
102 306 
118 354 
73 219 
88 264 
83 249 
42 126 
27 81 
111 333 
61 183 
82 246 
141 423 
29 87 
94 282 
136 408 
65 195 
125 375 
127 381 
114 342 
96 288 
