171 1026
127 381 
68 204 
51 153 
167 501 
126 378 
146 438 
92 276 
38 114 
136 408 
5 15 
24 72 
105 315 
100 300 
79 237 
168 504 
40 120 
28 84 
22 66 
156 468 
71 213 
59 177 
80 240 
11 33 
116 348 
20 60 
160 480 
145 435 
151 453 
42 126 
117 351 
103 309 
21 63 
67 201 
152 456 
125 375 
161 483 
106 318 
149 447 
32 96 
137 411 
104 312 
25 75 
86 258 
72 216 
4 12 
74 222 
77 231 
50 150 
70 210 
57 171 
164 492 
108 324 
130 390 
82 246 
138 414 
12 36 
78 234 
148 444 
114 342 
2 6 
132 396 
107 321 
10 30 
93 279 
81 243 
118 354 
150 450 
121 363 
46 138 
115 345 
134 402 
58 174 
96 288 
27 81 
64 192 
133 399 
29 87 
14 42 
166 498 
169 507 
9 27 
47 141 
122 366 
75 225 
170 510 
165 495 
123 369 
36 108 
135 405 
147 441 
69 207 
87 261 
45 135 
76 228 
19 57 
85 255 
91 273 
60 180 
6 18 
143 429 
94 282 
41 123 
39 117 
158 474 
89 267 
66 198 
141 423 
113 339 
1 3 
65 195 
15 45 
119 357 
31 93 
34 102 
88 264 
159 477 
54 162 
35 105 
109 327 
13 39 
97 291 
73 219 
112 336 
44 132 
56 168 
98 294 
162 486 
30 90 
18 54 
171 513 
140 420 
131 393 
144 432 
102 306 
43 129 
90 270 
139 417 
163 489 
155 465 
26 78 
129 387 
55 165 
101 303 
3 9 
124 372 
48 144 
120 360 
157 471 
153 459 
17 51 
33 99 
111 333 
61 183 
154 462 
142 426 
52 156 
95 285 
23 69 
84 252 
7 21 
128 384 
83 249 
62 186 
16 48 
99 297 
63 189 
37 111 
110 330 
53 159 
8 24 
49 147 
