168 1008
34 102 
84 252 
119 357 
64 192 
66 198 
62 186 
99 297 
86 258 
138 414 
109 327 
90 270 
53 159 
10 30 
159 477 
168 504 
57 171 
161 483 
1 3 
150 450 
14 42 
11 33 
154 462 
147 441 
75 225 
126 378 
124 372 
32 96 
101 303 
72 216 
114 342 
151 453 
139 417 
43 129 
111 333 
42 126 
58 174 
93 279 
27 81 
47 141 
63 189 
125 375 
2 6 
160 480 
165 495 
103 309 
156 468 
118 354 
130 390 
54 162 
17 51 
21 63 
24 72 
46 138 
143 429 
105 315 
136 408 
3 9 
110 330 
116 348 
22 66 
164 492 
65 195 
122 366 
77 231 
88 264 
49 147 
48 144 
167 501 
74 222 
29 87 
148 444 
79 237 
28 84 
55 165 
51 153 
107 321 
5 15 
18 54 
81 243 
60 180 
152 456 
19 57 
13 39 
15 45 
30 90 
155 465 
133 399 
4 12 
149 447 
59 177 
123 369 
37 111 
76 228 
106 318 
38 114 
144 432 
108 324 
102 306 
70 210 
95 285 
12 36 
141 423 
137 411 
68 204 
131 393 
146 438 
127 381 
23 69 
39 117 
145 435 
26 78 
98 294 
142 426 
94 282 
67 201 
117 351 
128 384 
120 360 
16 48 
87 261 
83 249 
134 402 
25 75 
162 486 
41 123 
121 363 
71 213 
45 135 
153 459 
56 168 
157 471 
61 183 
91 273 
82 246 
97 291 
96 288 
129 387 
112 336 
113 339 
140 420 
166 498 
20 60 
104 312 
36 108 
35 105 
115 345 
69 207 
85 255 
92 276 
78 234 
132 396 
89 267 
9 27 
80 240 
7 21 
33 99 
50 150 
135 405 
31 93 
100 300 
163 489 
44 132 
8 24 
73 219 
52 156 
6 18 
40 120 
158 474 
