199 1194
11 33 
138 414 
74 222 
166 498 
21 63 
193 579 
16 48 
71 213 
52 156 
103 309 
68 204 
64 192 
194 582 
153 459 
32 96 
130 390 
197 591 
198 594 
94 282 
2 6 
92 276 
61 183 
159 477 
34 102 
106 318 
13 39 
100 300 
67 201 
42 126 
161 483 
132 396 
83 249 
139 417 
114 342 
199 597 
37 111 
154 462 
179 537 
186 558 
119 357 
128 384 
33 99 
82 246 
177 531 
121 363 
86 258 
131 393 
169 507 
137 411 
135 405 
5 15 
108 324 
88 264 
93 279 
78 234 
125 375 
81 243 
80 240 
49 147 
189 567 
72 216 
70 210 
116 348 
185 555 
1 3 
144 432 
15 45 
178 534 
102 306 
23 69 
195 585 
19 57 
107 321 
8 24 
184 552 
7 21 
110 330 
26 78 
17 51 
123 369 
30 90 
10 30 
188 564 
164 492 
109 327 
46 138 
79 237 
4 12 
147 441 
191 573 
165 495 
65 195 
73 219 
77 231 
48 144 
129 387 
54 162 
173 519 
56 168 
50 150 
174 522 
111 333 
171 513 
57 171 
192 576 
146 438 
98 294 
85 255 
113 339 
43 129 
149 447 
40 120 
45 135 
59 177 
172 516 
3 9 
101 303 
76 228 
141 423 
28 84 
168 504 
176 528 
182 546 
9 27 
115 345 
126 378 
60 180 
12 36 
162 486 
41 123 
122 366 
55 165 
196 588 
87 261 
91 273 
53 159 
84 252 
104 312 
124 372 
75 225 
148 444 
158 474 
58 174 
134 402 
36 108 
157 471 
18 54 
160 480 
181 543 
6 18 
51 153 
120 360 
20 60 
151 453 
24 72 
39 117 
117 351 
96 288 
90 270 
29 87 
22 66 
112 336 
142 426 
156 468 
187 561 
105 315 
180 540 
167 501 
35 105 
183 549 
14 42 
69 207 
89 267 
44 132 
175 525 
143 429 
63 189 
25 75 
31 93 
47 141 
38 114 
140 420 
150 450 
95 285 
127 381 
170 510 
62 186 
97 291 
118 354 
27 81 
133 399 
145 435 
99 297 
152 456 
66 198 
190 570 
155 465 
136 408 
163 489 
