183 1098
53 159 
65 195 
109 327 
75 225 
49 147 
114 342 
162 486 
111 333 
27 81 
81 243 
169 507 
145 435 
126 378 
79 237 
73 219 
175 525 
67 201 
128 384 
48 144 
101 303 
17 51 
144 432 
104 312 
19 57 
24 72 
70 210 
92 276 
5 15 
52 156 
170 510 
41 123 
77 231 
136 408 
129 387 
151 453 
120 360 
117 351 
116 348 
72 216 
30 90 
51 153 
96 288 
158 474 
134 402 
32 96 
143 429 
91 273 
108 324 
2 6 
122 366 
97 291 
112 336 
178 534 
168 504 
171 513 
88 264 
98 294 
62 186 
55 165 
130 390 
26 78 
33 99 
183 549 
38 114 
131 393 
31 93 
146 438 
21 63 
68 204 
15 45 
166 498 
6 18 
42 126 
54 162 
57 171 
16 48 
59 177 
22 66 
137 411 
152 456 
115 345 
132 396 
127 381 
161 483 
1 3 
39 117 
173 519 
7 21 
46 138 
93 279 
64 192 
118 354 
34 102 
25 75 
60 180 
10 30 
14 42 
84 252 
142 426 
182 546 
94 282 
105 315 
100 300 
13 39 
135 405 
163 489 
155 465 
179 537 
167 501 
181 543 
43 129 
110 330 
156 468 
150 450 
71 213 
99 297 
8 24 
138 414 
89 267 
165 495 
121 363 
139 417 
172 516 
69 207 
147 441 
106 318 
123 369 
180 540 
83 249 
90 270 
28 84 
107 321 
159 477 
148 444 
36 108 
113 339 
56 168 
80 240 
85 255 
45 135 
149 447 
177 531 
23 69 
153 459 
44 132 
82 246 
176 528 
87 261 
9 27 
20 60 
63 189 
125 375 
174 522 
4 12 
18 54 
119 357 
11 33 
37 111 
61 183 
66 198 
164 492 
86 258 
133 399 
58 174 
154 462 
35 105 
47 141 
50 150 
103 309 
95 285 
40 120 
74 222 
141 423 
157 471 
160 480 
124 372 
76 228 
140 420 
12 36 
78 234 
3 9 
29 87 
102 306 
