139 834
94 282 
39 117 
86 258 
48 144 
41 123 
134 402 
119 357 
57 171 
5 15 
28 84 
92 276 
81 243 
47 141 
69 207 
101 303 
3 9 
105 315 
129 387 
38 114 
89 267 
9 27 
2 6 
60 180 
42 126 
17 51 
61 183 
13 39 
45 135 
29 87 
88 264 
75 225 
126 378 
112 336 
8 24 
120 360 
15 45 
58 174 
104 312 
72 216 
34 102 
35 105 
132 396 
30 90 
53 159 
130 390 
66 198 
16 48 
123 369 
135 405 
52 156 
109 327 
139 417 
43 129 
114 342 
51 153 
102 306 
22 66 
111 333 
87 261 
24 72 
23 69 
14 42 
54 162 
12 36 
124 372 
133 399 
20 60 
100 300 
49 147 
93 279 
96 288 
65 195 
91 273 
78 234 
25 75 
137 411 
83 249 
122 366 
68 204 
55 165 
95 285 
76 228 
73 219 
6 18 
84 252 
7 21 
33 99 
1 3 
79 237 
106 318 
127 381 
103 309 
71 213 
115 345 
97 291 
70 210 
113 339 
21 63 
80 240 
26 78 
27 81 
50 150 
44 132 
67 201 
64 192 
98 294 
116 348 
108 324 
46 138 
40 120 
62 186 
82 246 
136 408 
107 321 
74 222 
63 189 
121 363 
36 108 
125 375 
117 351 
59 177 
110 330 
19 57 
90 270 
85 255 
77 231 
31 93 
32 96 
131 393 
99 297 
4 12 
56 168 
10 30 
18 54 
37 111 
128 384 
118 354 
138 414 
11 33 
