160 960
144 432 
127 381 
74 222 
21 63 
142 426 
91 273 
53 159 
94 282 
156 468 
139 417 
106 318 
148 444 
157 471 
90 270 
59 177 
80 240 
52 156 
119 357 
22 66 
46 138 
62 186 
56 168 
25 75 
95 285 
130 390 
101 303 
150 450 
122 366 
147 441 
131 393 
88 264 
8 24 
93 279 
63 189 
104 312 
32 96 
68 204 
6 18 
117 351 
100 300 
126 378 
9 27 
57 171 
39 117 
109 327 
102 306 
111 333 
58 174 
158 474 
16 48 
152 456 
44 132 
132 396 
65 195 
1 3 
99 297 
24 72 
66 198 
14 42 
13 39 
89 267 
160 480 
45 135 
151 453 
49 147 
40 120 
110 330 
155 465 
55 165 
10 30 
107 321 
71 213 
125 375 
38 114 
17 51 
48 144 
31 93 
30 90 
84 252 
42 126 
137 411 
23 69 
37 111 
115 345 
3 9 
85 255 
112 336 
121 363 
77 231 
72 216 
114 342 
133 399 
120 360 
61 183 
87 261 
4 12 
134 402 
73 219 
78 234 
70 210 
79 237 
34 102 
50 150 
97 291 
81 243 
82 246 
60 180 
33 99 
83 249 
67 201 
96 288 
136 408 
15 45 
103 309 
51 153 
41 123 
54 162 
98 294 
143 429 
123 369 
146 438 
159 477 
128 384 
149 447 
29 87 
141 423 
47 141 
19 57 
113 339 
28 84 
135 405 
138 414 
75 225 
86 258 
92 276 
7 21 
12 36 
43 129 
140 420 
69 207 
36 108 
64 192 
76 228 
20 60 
129 387 
108 324 
2 6 
116 348 
118 354 
27 81 
105 315 
154 462 
11 33 
5 15 
35 105 
18 54 
145 435 
153 459 
124 372 
26 78 
