169 1014
40 120 
87 261 
14 42 
41 123 
2 6 
44 132 
75 225 
141 423 
96 288 
149 447 
38 114 
168 504 
101 303 
37 111 
113 339 
31 93 
151 453 
12 36 
1 3 
166 498 
22 66 
42 126 
139 417 
105 315 
82 246 
24 72 
152 456 
153 459 
138 414 
102 306 
126 378 
7 21 
10 30 
132 396 
147 441 
77 231 
109 327 
27 81 
148 444 
133 399 
160 480 
71 213 
19 57 
135 405 
34 102 
144 432 
52 156 
73 219 
25 75 
123 369 
68 204 
112 336 
157 471 
150 450 
118 354 
65 195 
125 375 
107 321 
30 90 
69 207 
163 489 
59 177 
32 96 
8 24 
29 87 
106 318 
45 135 
142 426 
70 210 
18 54 
78 234 
80 240 
5 15 
145 435 
35 105 
129 387 
134 402 
90 270 
161 483 
55 165 
13 39 
91 273 
43 129 
95 285 
119 357 
20 60 
89 267 
115 345 
92 276 
23 69 
116 348 
79 237 
50 150 
39 117 
156 468 
67 201 
72 216 
15 45 
155 465 
98 294 
143 429 
51 153 
54 162 
74 222 
97 291 
88 264 
110 330 
83 249 
104 312 
100 300 
159 477 
53 159 
93 279 
81 243 
121 363 
26 78 
9 27 
99 297 
11 33 
36 108 
140 420 
62 186 
146 438 
108 324 
120 360 
4 12 
66 198 
158 474 
17 51 
117 351 
47 141 
33 99 
6 18 
127 381 
85 255 
63 189 
111 333 
58 174 
169 507 
114 342 
165 495 
131 393 
164 492 
137 411 
28 84 
46 138 
61 183 
128 384 
57 171 
60 180 
49 147 
84 252 
3 9 
21 63 
130 390 
124 372 
56 168 
154 462 
16 48 
162 486 
94 282 
86 258 
48 144 
122 366 
167 501 
103 309 
76 228 
64 192 
136 408 
