187 1122
106 318 
122 366 
64 192 
41 123 
67 201 
78 234 
144 432 
109 327 
127 381 
1 3 
27 81 
142 426 
29 87 
132 396 
116 348 
63 189 
179 537 
94 282 
111 333 
105 315 
42 126 
31 93 
25 75 
23 69 
101 303 
4 12 
15 45 
80 240 
83 249 
133 399 
82 246 
72 216 
107 321 
178 534 
84 252 
54 162 
81 243 
24 72 
184 552 
117 351 
137 411 
168 504 
66 198 
69 207 
88 264 
161 483 
19 57 
121 363 
134 402 
145 435 
119 357 
9 27 
79 237 
97 291 
136 408 
21 63 
86 258 
100 300 
171 513 
73 219 
118 354 
44 132 
37 111 
98 294 
6 18 
157 471 
92 276 
2 6 
53 159 
147 441 
126 378 
175 525 
8 24 
140 420 
176 528 
11 33 
167 501 
52 156 
68 204 
20 60 
187 561 
48 144 
163 489 
170 510 
95 285 
40 120 
59 177 
90 270 
3 9 
36 108 
28 84 
139 417 
108 324 
65 195 
130 390 
186 558 
110 330 
87 261 
60 180 
14 42 
32 96 
169 507 
34 102 
151 453 
50 150 
162 486 
103 309 
61 183 
7 21 
180 540 
99 297 
172 516 
35 105 
89 267 
164 492 
173 519 
115 345 
55 165 
125 375 
46 138 
62 186 
13 39 
156 468 
5 15 
12 36 
182 546 
30 90 
49 147 
160 480 
185 555 
159 477 
113 339 
22 66 
58 174 
91 273 
155 465 
10 30 
152 456 
43 129 
165 495 
26 78 
104 312 
128 384 
129 387 
74 222 
96 288 
47 141 
123 369 
177 531 
150 450 
70 210 
56 168 
18 54 
183 549 
75 225 
154 462 
51 153 
57 171 
85 255 
143 429 
166 498 
174 522 
120 360 
33 99 
102 306 
71 213 
135 405 
149 447 
131 393 
39 117 
93 279 
158 474 
76 228 
45 135 
77 231 
124 372 
148 444 
153 459 
138 414 
17 51 
114 342 
16 48 
112 336 
146 438 
141 423 
38 114 
181 543 
