151 906
39 117 
60 180 
137 411 
151 453 
36 108 
108 324 
58 174 
49 147 
91 273 
115 345 
65 195 
14 42 
37 111 
5 15 
114 342 
99 297 
94 282 
132 396 
122 366 
44 132 
74 222 
101 303 
148 444 
141 423 
16 48 
82 246 
96 288 
47 141 
69 207 
140 420 
87 261 
4 12 
34 102 
150 450 
43 129 
51 153 
30 90 
3 9 
77 231 
98 294 
86 258 
135 405 
72 216 
42 126 
68 204 
31 93 
133 399 
111 333 
130 390 
19 57 
119 357 
139 417 
57 171 
112 336 
11 33 
41 123 
85 255 
27 81 
107 321 
79 237 
138 414 
55 165 
28 84 
80 240 
136 408 
123 369 
100 300 
70 210 
18 54 
95 285 
88 264 
143 429 
45 135 
67 201 
22 66 
64 192 
17 51 
24 72 
35 105 
21 63 
71 213 
131 393 
40 120 
93 279 
15 45 
147 441 
117 351 
124 372 
9 27 
26 78 
125 375 
66 198 
104 312 
118 354 
56 168 
121 363 
103 309 
146 438 
142 426 
7 21 
25 75 
127 381 
2 6 
113 339 
76 228 
90 270 
73 219 
75 225 
32 96 
62 186 
89 267 
12 36 
97 291 
46 138 
78 234 
54 162 
38 114 
29 87 
23 69 
63 189 
81 243 
145 435 
83 249 
50 150 
84 252 
33 99 
102 306 
134 402 
106 318 
128 384 
105 315 
13 39 
6 18 
8 24 
20 60 
59 177 
149 447 
110 330 
120 360 
10 30 
109 327 
129 387 
52 156 
48 144 
53 159 
116 348 
61 183 
126 378 
1 3 
144 432 
92 276 
