72 432
38 114 
48 144 
56 168 
30 90 
69 207 
34 102 
26 78 
28 84 
58 174 
36 108 
43 129 
52 156 
14 42 
19 57 
67 201 
1 3 
47 141 
42 126 
33 99 
68 204 
31 93 
62 186 
61 183 
27 81 
2 6 
45 135 
53 159 
40 120 
24 72 
71 213 
49 147 
21 63 
39 117 
9 27 
3 9 
12 36 
50 150 
4 12 
37 111 
16 48 
72 216 
23 69 
6 18 
65 195 
66 198 
54 162 
11 33 
20 60 
17 51 
10 30 
7 21 
29 87 
63 189 
13 39 
55 165 
70 210 
25 75 
57 171 
5 15 
51 153 
8 24 
15 45 
60 180 
32 96 
41 123 
44 132 
59 177 
64 192 
18 54 
35 105 
46 138 
22 66 
