147 882
106 318 
115 345 
43 129 
89 267 
104 312 
88 264 
42 126 
19 57 
67 201 
73 219 
8 24 
64 192 
130 390 
74 222 
9 27 
47 141 
51 153 
101 303 
66 198 
39 117 
86 258 
77 231 
55 165 
5 15 
56 168 
31 93 
6 18 
139 417 
141 423 
53 159 
84 252 
87 261 
79 237 
68 204 
108 324 
50 150 
7 21 
26 78 
60 180 
94 282 
58 174 
120 360 
49 147 
63 189 
17 51 
36 108 
4 12 
16 48 
29 87 
109 327 
117 351 
118 354 
21 63 
128 384 
20 60 
81 243 
137 411 
132 396 
46 138 
70 210 
18 54 
85 255 
75 225 
92 276 
35 105 
72 216 
123 369 
114 342 
59 177 
122 366 
61 183 
23 69 
32 96 
54 162 
107 321 
124 372 
102 306 
105 315 
112 336 
2 6 
145 435 
24 72 
11 33 
10 30 
142 426 
93 279 
12 36 
3 9 
37 111 
62 186 
71 213 
33 99 
133 399 
82 246 
103 309 
116 348 
52 156 
13 39 
98 294 
147 441 
30 90 
28 84 
121 363 
40 120 
140 420 
111 333 
110 330 
126 378 
146 438 
136 408 
41 123 
38 114 
144 432 
25 75 
97 291 
65 195 
14 42 
57 171 
129 387 
138 414 
34 102 
143 429 
134 402 
113 339 
76 228 
48 144 
83 249 
131 393 
69 207 
90 270 
22 66 
96 288 
78 234 
100 300 
44 132 
80 240 
125 375 
45 135 
127 381 
99 297 
91 273 
15 45 
27 81 
1 3 
119 357 
95 285 
135 405 
