186 1116
71 213 
160 480 
167 501 
172 516 
147 441 
3 9 
40 120 
77 231 
22 66 
115 345 
122 366 
18 54 
27 81 
50 150 
28 84 
69 207 
142 426 
146 438 
169 507 
83 249 
74 222 
133 399 
51 153 
174 522 
34 102 
141 423 
61 183 
129 387 
54 162 
7 21 
63 189 
165 495 
137 411 
93 279 
152 456 
109 327 
132 396 
176 528 
168 504 
13 39 
162 486 
136 408 
73 219 
106 318 
145 435 
20 60 
30 90 
101 303 
184 552 
60 180 
150 450 
79 237 
81 243 
24 72 
23 69 
186 558 
104 312 
35 105 
8 24 
124 372 
130 390 
164 492 
173 519 
182 546 
110 330 
15 45 
85 255 
78 234 
98 294 
170 510 
91 273 
114 342 
171 513 
112 336 
154 462 
56 168 
175 525 
12 36 
185 555 
29 87 
161 483 
80 240 
76 228 
10 30 
88 264 
68 204 
111 333 
155 465 
25 75 
31 93 
113 339 
9 27 
120 360 
57 171 
59 177 
47 141 
65 195 
62 186 
70 210 
96 288 
126 378 
82 246 
14 42 
36 108 
181 543 
166 498 
33 99 
26 78 
151 453 
41 123 
138 414 
107 321 
180 540 
177 531 
143 429 
53 159 
86 258 
75 225 
140 420 
121 363 
94 282 
21 63 
144 432 
39 117 
42 126 
148 444 
87 261 
123 369 
128 384 
118 354 
179 537 
119 357 
17 51 
99 297 
95 285 
1 3 
11 33 
66 198 
102 306 
84 252 
100 300 
38 114 
48 144 
183 549 
135 405 
32 96 
156 468 
92 276 
43 129 
134 402 
64 192 
45 135 
89 267 
163 489 
116 348 
2 6 
16 48 
52 156 
158 474 
90 270 
127 381 
37 111 
55 165 
58 174 
125 375 
105 315 
103 309 
67 201 
131 393 
139 417 
108 324 
178 534 
153 459 
72 216 
49 147 
97 291 
44 132 
117 351 
157 471 
159 477 
149 447 
46 138 
6 18 
4 12 
19 57 
5 15 
