91 546
77 231 
13 39 
65 195 
42 126 
75 225 
50 150 
7 21 
16 48 
61 183 
69 207 
15 45 
82 246 
4 12 
36 108 
86 258 
54 162 
20 60 
57 171 
28 84 
81 243 
1 3 
85 255 
83 249 
56 168 
18 54 
48 144 
68 204 
84 252 
78 234 
53 159 
29 87 
22 66 
87 261 
51 153 
44 132 
3 9 
24 72 
23 69 
25 75 
33 99 
37 111 
66 198 
8 24 
43 129 
17 51 
30 90 
67 201 
26 78 
39 117 
91 273 
11 33 
31 93 
70 210 
35 105 
71 213 
63 189 
73 219 
27 81 
10 30 
41 123 
59 177 
76 228 
14 42 
47 141 
19 57 
45 135 
34 102 
6 18 
46 138 
9 27 
90 270 
64 192 
58 174 
21 63 
12 36 
49 147 
55 165 
72 216 
79 237 
88 264 
5 15 
89 267 
52 156 
2 6 
60 180 
40 120 
32 96 
80 240 
74 222 
38 114 
62 186 
