119 714
105 315 
15 45 
13 39 
33 99 
5 15 
46 138 
115 345 
79 237 
74 222 
100 300 
2 6 
10 30 
96 288 
76 228 
77 231 
47 141 
86 258 
1 3 
3 9 
44 132 
43 129 
19 57 
113 339 
118 354 
29 87 
70 210 
58 174 
103 309 
37 111 
52 156 
99 297 
8 24 
109 327 
36 108 
55 165 
48 144 
108 324 
42 126 
30 90 
4 12 
51 153 
49 147 
98 294 
110 330 
81 243 
50 150 
87 261 
80 240 
27 81 
57 171 
117 351 
63 189 
6 18 
59 177 
39 117 
28 84 
73 219 
67 201 
75 225 
102 306 
66 198 
12 36 
21 63 
97 291 
24 72 
32 96 
31 93 
104 312 
78 234 
20 60 
90 270 
40 120 
94 282 
106 318 
23 69 
107 321 
111 333 
68 204 
38 114 
116 348 
16 48 
92 276 
22 66 
82 246 
26 78 
9 27 
62 186 
64 192 
7 21 
114 342 
53 159 
56 168 
65 195 
14 42 
69 207 
85 255 
112 336 
91 273 
88 264 
34 102 
35 105 
60 180 
101 303 
89 267 
41 123 
84 252 
17 51 
93 279 
83 249 
119 357 
25 75 
71 213 
61 183 
95 285 
54 162 
11 33 
18 54 
72 216 
45 135 
