128 768
112 336 
31 93 
62 186 
14 42 
42 126 
127 381 
28 84 
57 171 
69 207 
27 81 
55 165 
109 327 
18 54 
23 69 
32 96 
101 303 
2 6 
34 102 
36 108 
47 141 
125 375 
17 51 
45 135 
66 198 
79 237 
86 258 
90 270 
85 255 
50 150 
91 273 
107 321 
12 36 
117 351 
87 261 
123 369 
122 366 
108 324 
15 45 
56 168 
126 378 
120 360 
102 306 
96 288 
9 27 
74 222 
78 234 
51 153 
46 138 
33 99 
116 348 
25 75 
92 276 
43 129 
65 195 
111 333 
76 228 
77 231 
95 285 
8 24 
100 300 
5 15 
60 180 
75 225 
38 114 
37 111 
7 21 
82 246 
110 330 
113 339 
128 384 
124 372 
80 240 
26 78 
24 72 
29 87 
88 264 
73 219 
39 117 
103 309 
84 252 
52 156 
94 282 
20 60 
115 345 
11 33 
89 267 
106 318 
70 210 
13 39 
99 297 
118 354 
1 3 
10 30 
58 174 
97 291 
49 147 
61 183 
104 312 
6 18 
119 357 
53 159 
67 201 
44 132 
59 177 
30 90 
83 249 
64 192 
105 315 
22 66 
21 63 
48 144 
81 243 
4 12 
35 105 
72 216 
68 204 
54 162 
121 363 
16 48 
114 342 
93 279 
3 9 
98 294 
63 189 
40 120 
71 213 
41 123 
19 57 
