198 1188
84 252 
153 459 
120 360 
193 579 
127 381 
61 183 
197 591 
45 135 
167 501 
149 447 
44 132 
189 567 
139 417 
156 468 
42 126 
121 363 
183 549 
78 234 
21 63 
141 423 
17 51 
152 456 
130 390 
157 471 
154 462 
97 291 
6 18 
82 246 
80 240 
163 489 
142 426 
18 54 
128 384 
164 492 
54 162 
173 519 
101 303 
176 528 
155 465 
162 486 
7 21 
194 582 
177 531 
59 177 
113 339 
118 354 
32 96 
74 222 
123 369 
102 306 
27 81 
168 504 
47 141 
85 255 
135 405 
71 213 
13 39 
159 477 
48 144 
72 216 
26 78 
9 27 
75 225 
67 201 
81 243 
146 438 
111 333 
126 378 
145 435 
179 537 
144 432 
94 282 
65 195 
68 204 
196 588 
112 336 
30 90 
77 231 
138 414 
76 228 
58 174 
33 99 
39 117 
169 507 
158 474 
125 375 
100 300 
116 348 
181 543 
137 411 
35 105 
22 66 
186 558 
108 324 
143 429 
73 219 
2 6 
62 186 
95 285 
119 357 
38 114 
12 36 
129 387 
41 123 
83 249 
98 294 
3 9 
166 498 
14 42 
131 393 
86 258 
16 48 
124 372 
122 366 
195 585 
148 444 
93 279 
1 3 
171 513 
53 159 
88 264 
29 87 
50 150 
140 420 
56 168 
8 24 
175 525 
36 108 
4 12 
147 441 
66 198 
170 510 
55 165 
70 210 
150 450 
28 84 
185 555 
107 321 
187 561 
79 237 
132 396 
99 297 
24 72 
182 546 
191 573 
92 276 
5 15 
25 75 
46 138 
31 93 
15 45 
160 480 
91 273 
190 570 
11 33 
172 516 
115 345 
19 57 
136 408 
60 180 
64 192 
192 576 
87 261 
10 30 
89 267 
151 453 
57 171 
178 534 
161 483 
184 552 
69 207 
109 327 
43 129 
20 60 
110 330 
114 342 
133 399 
96 288 
180 540 
134 402 
104 312 
37 111 
198 594 
34 102 
117 351 
103 309 
165 495 
23 69 
188 564 
49 147 
63 189 
106 318 
51 153 
174 522 
40 120 
52 156 
90 270 
105 315 
