155 930
110 330 
151 453 
67 201 
83 249 
109 327 
22 66 
144 432 
44 132 
66 198 
134 402 
50 150 
116 348 
154 462 
94 282 
24 72 
78 234 
121 363 
111 333 
45 135 
135 405 
30 90 
6 18 
36 108 
142 426 
93 279 
49 147 
124 372 
130 390 
102 306 
115 345 
16 48 
84 252 
148 444 
23 69 
146 438 
96 288 
40 120 
7 21 
4 12 
59 177 
150 450 
65 195 
101 303 
117 351 
152 456 
8 24 
32 96 
51 153 
90 270 
133 399 
73 219 
123 369 
37 111 
27 81 
75 225 
128 384 
70 210 
89 267 
91 273 
26 78 
155 465 
19 57 
131 393 
141 423 
97 291 
15 45 
92 276 
119 357 
13 39 
118 354 
31 93 
2 6 
139 417 
108 324 
143 429 
48 144 
114 342 
137 411 
5 15 
127 381 
153 459 
52 156 
29 87 
14 42 
1 3 
140 420 
106 318 
95 285 
55 165 
104 312 
79 237 
41 123 
20 60 
80 240 
33 99 
74 222 
147 441 
105 315 
47 141 
149 447 
34 102 
76 228 
69 207 
25 75 
28 84 
43 129 
99 297 
21 63 
62 186 
3 9 
129 387 
103 309 
35 105 
58 174 
138 414 
82 246 
81 243 
60 180 
145 435 
77 231 
11 33 
18 54 
12 36 
38 114 
126 378 
107 321 
112 336 
125 375 
87 261 
72 216 
56 168 
54 162 
85 255 
71 213 
122 366 
120 360 
88 264 
132 396 
64 192 
57 171 
53 159 
9 27 
98 294 
100 300 
42 126 
113 339 
86 258 
39 117 
63 189 
61 183 
68 204 
46 138 
17 51 
136 408 
10 30 
