165 990
87 261 
114 342 
112 336 
92 276 
65 195 
15 45 
163 489 
25 75 
16 48 
1 3 
32 96 
51 153 
154 462 
146 438 
5 15 
105 315 
40 120 
137 411 
96 288 
54 162 
106 318 
27 81 
149 447 
38 114 
20 60 
41 123 
153 459 
4 12 
2 6 
84 252 
118 354 
144 432 
83 249 
89 267 
132 396 
101 303 
155 465 
98 294 
151 453 
43 129 
164 492 
75 225 
8 24 
93 279 
22 66 
129 387 
34 102 
100 300 
142 426 
24 72 
18 54 
12 36 
94 282 
7 21 
53 159 
26 78 
130 390 
47 141 
46 138 
119 357 
70 210 
64 192 
45 135 
156 468 
158 474 
139 417 
62 186 
72 216 
48 144 
14 42 
78 234 
36 108 
120 360 
141 423 
113 339 
59 177 
63 189 
71 213 
11 33 
91 273 
109 327 
133 399 
115 345 
159 477 
150 450 
124 372 
30 90 
21 63 
33 99 
160 480 
17 51 
66 198 
135 405 
56 168 
148 444 
80 240 
125 375 
29 87 
69 207 
49 147 
50 150 
110 330 
127 381 
143 429 
61 183 
13 39 
74 222 
35 105 
31 93 
117 351 
19 57 
116 348 
28 84 
85 255 
55 165 
162 486 
73 219 
165 495 
82 246 
136 408 
121 363 
111 333 
140 420 
157 471 
57 171 
99 297 
68 204 
23 69 
147 441 
3 9 
77 231 
95 285 
90 270 
79 237 
108 324 
103 309 
123 369 
86 258 
145 435 
134 402 
104 312 
97 291 
42 126 
9 27 
107 321 
102 306 
60 180 
161 483 
128 384 
52 156 
39 117 
131 393 
126 378 
122 366 
76 228 
81 243 
10 30 
6 18 
152 456 
67 201 
88 264 
58 174 
138 414 
44 132 
37 111 
