85 510
67 201 
3 9 
6 18 
46 138 
68 204 
83 249 
9 27 
53 159 
29 87 
39 117 
7 21 
77 231 
22 66 
48 144 
40 120 
23 69 
65 195 
36 108 
57 171 
21 63 
30 90 
16 48 
17 51 
70 210 
27 81 
75 225 
82 246 
42 126 
85 255 
71 213 
11 33 
35 105 
44 132 
18 54 
52 156 
56 168 
38 114 
72 216 
74 222 
80 240 
73 219 
55 165 
15 45 
84 252 
63 189 
59 177 
24 72 
45 135 
20 60 
10 30 
5 15 
64 192 
51 153 
13 39 
43 129 
58 174 
79 237 
25 75 
19 57 
50 150 
14 42 
26 78 
28 84 
33 99 
54 162 
32 96 
12 36 
66 198 
47 141 
37 111 
62 186 
31 93 
49 147 
4 12 
76 228 
78 234 
69 207 
60 180 
2 6 
41 123 
34 102 
1 3 
8 24 
81 243 
61 183 
