149 894
84 252 
85 255 
87 261 
29 87 
67 201 
117 351 
20 60 
12 36 
124 372 
77 231 
28 84 
137 411 
47 141 
76 228 
45 135 
72 216 
140 420 
79 237 
138 414 
102 306 
4 12 
31 93 
106 318 
63 189 
78 234 
10 30 
103 309 
30 90 
127 381 
112 336 
125 375 
34 102 
99 297 
39 117 
13 39 
109 327 
40 120 
147 441 
142 426 
122 366 
92 276 
118 354 
24 72 
74 222 
110 330 
93 279 
70 210 
101 303 
60 180 
81 243 
46 138 
36 108 
123 369 
66 198 
132 396 
7 21 
135 405 
143 429 
145 435 
44 132 
33 99 
51 153 
96 288 
86 258 
73 219 
146 438 
119 357 
68 204 
37 111 
43 129 
8 24 
139 417 
38 114 
42 126 
120 360 
114 342 
3 9 
16 48 
57 171 
80 240 
115 345 
26 78 
98 294 
90 270 
141 423 
32 96 
21 63 
131 393 
61 183 
108 324 
52 156 
64 192 
89 267 
50 150 
18 54 
116 348 
9 27 
134 402 
82 246 
6 18 
95 285 
121 363 
41 123 
130 390 
55 165 
136 408 
48 144 
59 177 
83 249 
5 15 
23 69 
54 162 
75 225 
27 81 
35 105 
14 42 
1 3 
58 174 
17 51 
22 66 
56 168 
97 291 
19 57 
113 339 
107 321 
71 213 
144 432 
65 195 
149 447 
100 300 
148 444 
105 315 
128 384 
53 159 
11 33 
111 333 
25 75 
88 264 
15 45 
133 399 
126 378 
69 207 
104 312 
129 387 
91 273 
62 186 
2 6 
49 147 
94 282 
