161 966
141 423 
92 276 
34 102 
53 159 
75 225 
69 207 
127 381 
147 441 
65 195 
70 210 
11 33 
71 213 
101 303 
33 99 
87 261 
82 246 
12 36 
161 483 
144 432 
120 360 
49 147 
25 75 
60 180 
64 192 
84 252 
125 375 
66 198 
159 477 
81 243 
36 108 
105 315 
140 420 
1 3 
102 306 
157 471 
13 39 
44 132 
134 402 
107 321 
113 339 
151 453 
43 129 
22 66 
104 312 
155 465 
133 399 
39 117 
24 72 
117 351 
138 414 
14 42 
16 48 
116 348 
17 51 
152 456 
48 144 
111 333 
122 366 
136 408 
61 183 
57 171 
5 15 
99 297 
109 327 
6 18 
83 249 
130 390 
19 57 
35 105 
79 237 
153 459 
59 177 
20 60 
114 342 
74 222 
45 135 
73 219 
58 174 
2 6 
63 189 
30 90 
62 186 
54 162 
86 258 
123 369 
23 69 
142 426 
3 9 
31 93 
156 468 
97 291 
108 324 
18 54 
8 24 
90 270 
146 438 
29 87 
94 282 
41 123 
37 111 
148 444 
88 264 
154 462 
149 447 
106 318 
7 21 
78 234 
67 201 
52 156 
38 114 
132 396 
4 12 
21 63 
42 126 
124 372 
128 384 
103 309 
145 435 
143 429 
89 267 
98 294 
50 150 
95 285 
96 288 
55 165 
121 363 
160 480 
72 216 
100 300 
9 27 
112 336 
139 417 
68 204 
119 357 
115 345 
85 255 
150 450 
40 120 
51 153 
110 330 
135 405 
158 474 
77 231 
32 96 
118 354 
80 240 
27 81 
46 138 
91 273 
93 279 
131 393 
15 45 
137 411 
10 30 
47 141 
129 387 
76 228 
126 378 
28 84 
26 78 
56 168 
