95 570
76 228 
47 141 
95 285 
39 117 
73 219 
87 261 
28 84 
26 78 
30 90 
53 159 
43 129 
77 231 
75 225 
84 252 
42 126 
14 42 
10 30 
68 204 
88 264 
50 150 
66 198 
90 270 
64 192 
3 9 
72 216 
57 171 
25 75 
67 201 
89 267 
56 168 
78 234 
13 39 
44 132 
9 27 
79 237 
74 222 
22 66 
17 51 
58 174 
32 96 
35 105 
24 72 
91 273 
12 36 
94 282 
4 12 
52 156 
65 195 
37 111 
6 18 
80 240 
19 57 
70 210 
34 102 
85 255 
18 54 
5 15 
92 276 
7 21 
41 123 
16 48 
45 135 
61 183 
23 69 
71 213 
93 279 
11 33 
69 207 
27 81 
81 243 
82 246 
86 258 
60 180 
51 153 
40 120 
31 93 
55 165 
8 24 
33 99 
48 144 
1 3 
46 138 
83 249 
62 186 
15 45 
29 87 
36 108 
54 162 
59 177 
63 189 
21 63 
38 114 
20 60 
49 147 
2 6 
