190 1140
96 288 
12 36 
23 69 
114 342 
9 27 
1 3 
73 219 
148 444 
51 153 
57 171 
126 378 
145 435 
130 390 
38 114 
88 264 
40 120 
103 309 
50 150 
18 54 
146 438 
153 459 
159 477 
174 522 
108 324 
160 480 
110 330 
47 141 
115 345 
69 207 
79 237 
116 348 
92 276 
102 306 
147 441 
10 30 
166 498 
81 243 
32 96 
86 258 
54 162 
21 63 
161 483 
106 318 
118 354 
133 399 
165 495 
56 168 
187 561 
76 228 
90 270 
93 279 
85 255 
84 252 
181 543 
121 363 
29 87 
143 429 
113 339 
117 351 
42 126 
8 24 
63 189 
27 81 
167 501 
19 57 
74 222 
71 213 
31 93 
55 165 
175 525 
58 174 
127 381 
15 45 
125 375 
7 21 
105 315 
151 453 
34 102 
139 417 
16 48 
178 534 
112 336 
46 138 
169 507 
61 183 
141 423 
80 240 
134 402 
83 249 
119 357 
64 192 
35 105 
97 291 
144 432 
28 84 
70 210 
172 516 
60 180 
89 267 
100 300 
163 489 
4 12 
39 117 
6 18 
36 108 
48 144 
14 42 
132 396 
171 513 
168 504 
149 447 
11 33 
49 147 
37 111 
180 540 
26 78 
65 195 
2 6 
22 66 
82 246 
53 159 
72 216 
17 51 
176 528 
66 198 
184 552 
98 294 
189 567 
25 75 
111 333 
137 411 
67 201 
152 456 
62 186 
123 369 
158 474 
162 486 
3 9 
87 261 
124 372 
104 312 
24 72 
45 135 
155 465 
154 462 
95 285 
136 408 
13 39 
182 546 
33 99 
190 570 
107 321 
183 549 
188 564 
164 492 
170 510 
140 420 
122 366 
177 531 
5 15 
94 282 
150 450 
99 297 
135 405 
91 273 
157 471 
30 90 
44 132 
131 393 
179 537 
20 60 
78 234 
128 384 
173 519 
156 468 
109 327 
120 360 
186 558 
43 129 
77 231 
68 204 
41 123 
185 555 
142 426 
129 387 
52 156 
59 177 
138 414 
75 225 
101 303 
