129 774
20 60 
71 213 
87 261 
63 189 
22 66 
74 222 
108 324 
28 84 
100 300 
73 219 
96 288 
9 27 
103 309 
83 249 
122 366 
25 75 
27 81 
126 378 
5 15 
98 294 
56 168 
7 21 
31 93 
62 186 
88 264 
53 159 
35 105 
29 87 
112 336 
70 210 
116 348 
76 228 
128 384 
81 243 
127 381 
15 45 
52 156 
30 90 
50 150 
40 120 
68 204 
57 171 
45 135 
86 258 
75 225 
23 69 
85 255 
8 24 
33 99 
18 54 
101 303 
10 30 
113 339 
13 39 
95 285 
38 114 
54 162 
124 372 
14 42 
67 201 
107 321 
2 6 
120 360 
114 342 
66 198 
47 141 
43 129 
61 183 
125 375 
16 48 
89 267 
129 387 
111 333 
24 72 
1 3 
60 180 
34 102 
32 96 
65 195 
11 33 
41 123 
49 147 
92 276 
37 111 
44 132 
90 270 
91 273 
105 315 
115 345 
55 165 
59 177 
106 318 
69 207 
72 216 
80 240 
79 237 
78 234 
119 357 
51 153 
84 252 
26 78 
117 351 
19 57 
121 363 
48 144 
58 174 
99 297 
104 312 
42 126 
3 9 
64 192 
21 63 
118 354 
97 291 
77 231 
4 12 
109 327 
39 117 
12 36 
82 246 
6 18 
36 108 
123 369 
94 282 
102 306 
93 279 
110 330 
46 138 
17 51 
