145 870
89 267 
107 321 
22 66 
39 117 
32 96 
87 261 
143 429 
83 249 
88 264 
18 54 
49 147 
38 114 
80 240 
100 300 
71 213 
57 171 
67 201 
47 141 
119 357 
116 348 
60 180 
17 51 
78 234 
79 237 
109 327 
102 306 
98 294 
103 309 
139 417 
61 183 
62 186 
125 375 
65 195 
51 153 
133 399 
11 33 
50 150 
129 387 
48 144 
54 162 
59 177 
12 36 
7 21 
106 318 
97 291 
29 87 
115 345 
134 402 
91 273 
44 132 
33 99 
110 330 
123 369 
16 48 
137 411 
99 297 
64 192 
20 60 
76 228 
68 204 
86 258 
66 198 
35 105 
55 165 
42 126 
77 231 
27 81 
132 396 
108 324 
28 84 
46 138 
130 390 
94 282 
93 279 
37 111 
120 360 
101 303 
63 189 
74 222 
31 93 
136 408 
112 336 
9 27 
69 207 
3 9 
105 315 
75 225 
58 174 
81 243 
53 159 
8 24 
114 342 
142 426 
19 57 
141 423 
36 108 
138 414 
121 363 
40 120 
72 216 
144 432 
122 366 
117 351 
128 384 
118 354 
131 393 
95 285 
85 255 
5 15 
45 135 
104 312 
111 333 
41 123 
127 381 
1 3 
145 435 
135 405 
30 90 
96 288 
113 339 
21 63 
56 168 
92 276 
140 420 
4 12 
6 18 
14 42 
70 210 
126 378 
73 219 
90 270 
2 6 
25 75 
52 156 
84 252 
124 372 
43 129 
13 39 
23 69 
24 72 
34 102 
82 246 
26 78 
15 45 
10 30 
