150 900
98 294 
31 93 
117 351 
69 207 
64 192 
57 171 
125 375 
121 363 
21 63 
115 345 
33 99 
83 249 
131 393 
30 90 
15 45 
16 48 
132 396 
124 372 
66 198 
75 225 
80 240 
78 234 
74 222 
109 327 
87 261 
91 273 
93 279 
38 114 
26 78 
105 315 
56 168 
122 366 
139 417 
54 162 
102 306 
145 435 
129 387 
70 210 
136 408 
84 252 
59 177 
138 414 
134 402 
133 399 
119 357 
65 195 
116 348 
53 159 
39 117 
55 165 
86 258 
71 213 
81 243 
118 354 
82 246 
120 360 
36 108 
52 156 
5 15 
37 111 
24 72 
29 87 
58 174 
32 96 
2 6 
147 441 
96 288 
77 231 
146 438 
107 321 
22 66 
48 144 
149 447 
73 219 
130 390 
142 426 
123 369 
99 297 
25 75 
137 411 
100 300 
1 3 
34 102 
126 378 
4 12 
13 39 
28 84 
14 42 
128 384 
17 51 
61 183 
76 228 
63 189 
23 69 
104 312 
42 126 
113 339 
148 444 
62 186 
108 324 
89 267 
51 153 
45 135 
49 147 
111 333 
20 60 
68 204 
47 141 
9 27 
40 120 
106 318 
141 423 
8 24 
88 264 
3 9 
46 138 
143 429 
103 309 
10 30 
60 180 
44 132 
43 129 
35 105 
144 432 
18 54 
79 237 
6 18 
94 282 
127 381 
110 330 
7 21 
114 342 
112 336 
101 303 
85 255 
41 123 
67 201 
19 57 
27 81 
135 405 
12 36 
50 150 
72 216 
11 33 
140 420 
92 276 
95 285 
97 291 
150 450 
90 270 
