164 984
61 183 
105 315 
26 78 
129 387 
147 441 
132 396 
21 63 
151 453 
106 318 
40 120 
57 171 
23 69 
163 489 
35 105 
125 375 
97 291 
38 114 
134 402 
48 144 
81 243 
70 210 
50 150 
84 252 
29 87 
24 72 
107 321 
89 267 
6 18 
46 138 
83 249 
42 126 
60 180 
159 477 
65 195 
164 492 
100 300 
135 405 
49 147 
2 6 
79 237 
112 336 
137 411 
158 474 
126 378 
11 33 
43 129 
144 432 
9 27 
148 444 
31 93 
122 366 
54 162 
99 297 
114 342 
145 435 
140 420 
150 450 
139 417 
87 261 
30 90 
128 384 
130 390 
36 108 
51 153 
124 372 
22 66 
103 309 
45 135 
10 30 
96 288 
41 123 
17 51 
39 117 
32 96 
131 393 
109 327 
20 60 
142 426 
91 273 
121 363 
5 15 
116 348 
77 231 
118 354 
115 345 
92 276 
73 219 
162 486 
67 201 
152 456 
19 57 
160 480 
88 264 
156 468 
58 174 
37 111 
133 399 
102 306 
143 429 
153 459 
94 282 
138 414 
15 45 
74 222 
13 39 
90 270 
141 423 
33 99 
101 303 
8 24 
110 330 
27 81 
161 483 
68 204 
3 9 
28 84 
85 255 
154 462 
4 12 
76 228 
93 279 
155 465 
7 21 
72 216 
16 48 
69 207 
12 36 
95 285 
53 159 
157 471 
14 42 
64 192 
56 168 
82 246 
47 141 
75 225 
117 351 
66 198 
52 156 
127 381 
80 240 
111 333 
71 213 
18 54 
108 324 
120 360 
34 102 
44 132 
63 189 
146 438 
119 357 
62 186 
149 447 
98 294 
55 165 
86 258 
113 339 
136 408 
123 369 
104 312 
1 3 
78 234 
25 75 
59 177 
