182 1092
40 120 
95 285 
103 309 
142 426 
101 303 
163 489 
174 522 
75 225 
54 162 
56 168 
122 366 
79 237 
19 57 
36 108 
61 183 
165 495 
68 204 
162 486 
159 477 
3 9 
10 30 
29 87 
127 381 
6 18 
30 90 
171 513 
154 462 
39 117 
84 252 
22 66 
136 408 
26 78 
105 315 
65 195 
86 258 
35 105 
182 546 
99 297 
51 153 
18 54 
112 336 
177 531 
178 534 
104 312 
88 264 
170 510 
158 474 
114 342 
108 324 
9 27 
123 369 
23 69 
72 216 
64 192 
130 390 
76 228 
97 291 
164 492 
144 432 
73 219 
131 393 
110 330 
133 399 
7 21 
34 102 
47 141 
43 129 
70 210 
24 72 
125 375 
67 201 
161 483 
80 240 
111 333 
148 444 
32 96 
77 231 
168 504 
15 45 
102 306 
37 111 
93 279 
4 12 
45 135 
41 123 
42 126 
25 75 
85 255 
107 321 
50 150 
1 3 
83 249 
53 159 
140 420 
132 396 
176 528 
66 198 
28 84 
59 177 
149 447 
166 498 
33 99 
167 501 
90 270 
169 507 
8 24 
46 138 
119 357 
172 516 
58 174 
160 480 
62 186 
55 165 
145 435 
49 147 
141 423 
57 171 
63 189 
60 180 
157 471 
44 132 
179 537 
138 414 
129 387 
121 363 
151 453 
52 156 
91 273 
153 459 
106 318 
100 300 
113 339 
20 60 
27 81 
78 234 
16 48 
156 468 
147 441 
109 327 
74 222 
12 36 
13 39 
115 345 
181 543 
128 384 
71 213 
120 360 
117 351 
94 282 
150 450 
38 114 
139 417 
135 405 
180 540 
118 354 
137 411 
89 267 
146 438 
175 525 
17 51 
116 348 
173 519 
48 144 
14 42 
2 6 
134 402 
5 15 
92 276 
124 372 
82 246 
143 429 
126 378 
152 456 
155 465 
11 33 
96 288 
98 294 
87 261 
81 243 
21 63 
31 93 
69 207 
