185 1110
52 156 
177 531 
4 12 
76 228 
78 234 
119 357 
8 24 
6 18 
143 429 
21 63 
30 90 
1 3 
53 159 
31 93 
98 294 
126 378 
92 276 
150 450 
151 453 
51 153 
79 237 
157 471 
12 36 
166 498 
16 48 
100 300 
83 249 
178 534 
45 135 
99 297 
94 282 
28 84 
32 96 
18 54 
46 138 
62 186 
105 315 
42 126 
122 366 
48 144 
161 483 
65 195 
107 321 
125 375 
23 69 
80 240 
147 441 
148 444 
133 399 
49 147 
54 162 
50 150 
86 258 
142 426 
72 216 
152 456 
114 342 
158 474 
2 6 
37 111 
84 252 
56 168 
81 243 
55 165 
182 546 
63 189 
36 108 
163 489 
73 219 
24 72 
176 528 
87 261 
111 333 
77 231 
34 102 
11 33 
17 51 
47 141 
127 381 
136 408 
185 555 
183 549 
156 468 
145 435 
171 513 
134 402 
172 516 
25 75 
39 117 
85 255 
174 522 
137 411 
129 387 
146 438 
139 417 
60 180 
141 423 
130 390 
67 201 
138 414 
68 204 
57 171 
89 267 
70 210 
180 540 
117 351 
154 462 
162 486 
169 507 
66 198 
82 246 
104 312 
7 21 
112 336 
97 291 
173 519 
64 192 
61 183 
101 303 
108 324 
165 495 
69 207 
15 45 
110 330 
10 30 
124 372 
164 492 
26 78 
181 543 
149 447 
184 552 
160 480 
71 213 
144 432 
41 123 
44 132 
131 393 
35 105 
93 279 
175 525 
121 363 
33 99 
22 66 
91 273 
58 174 
132 396 
43 129 
96 288 
167 501 
40 120 
116 348 
140 420 
59 177 
102 306 
27 81 
153 459 
168 504 
90 270 
75 225 
29 87 
20 60 
14 42 
128 384 
19 57 
135 405 
106 318 
179 537 
159 477 
120 360 
5 15 
113 339 
103 309 
118 354 
38 114 
123 369 
88 264 
3 9 
109 327 
115 345 
74 222 
13 39 
95 285 
155 465 
9 27 
170 510 
