189 1134
27 81 
143 429 
87 261 
33 99 
20 60 
115 345 
72 216 
61 183 
107 321 
11 33 
120 360 
98 294 
14 42 
154 462 
10 30 
46 138 
95 285 
96 288 
15 45 
113 339 
53 159 
103 309 
129 387 
64 192 
106 318 
90 270 
140 420 
114 342 
165 495 
179 537 
152 456 
128 384 
117 351 
65 195 
176 528 
101 303 
23 69 
67 201 
50 150 
38 114 
130 390 
91 273 
102 306 
60 180 
9 27 
89 267 
32 96 
180 540 
189 567 
85 255 
19 57 
156 468 
187 561 
168 504 
57 171 
54 162 
124 372 
133 399 
125 375 
181 543 
175 525 
52 156 
37 111 
40 120 
161 483 
80 240 
141 423 
83 249 
55 165 
43 129 
151 453 
92 276 
110 330 
142 426 
127 381 
36 108 
167 501 
47 141 
177 531 
42 126 
131 393 
35 105 
58 174 
16 48 
97 291 
69 207 
31 93 
132 396 
170 510 
162 486 
109 327 
81 243 
62 186 
68 204 
150 450 
147 441 
7 21 
139 417 
183 549 
66 198 
24 72 
13 39 
148 444 
144 432 
56 168 
116 348 
79 237 
29 87 
99 297 
185 555 
76 228 
82 246 
126 378 
70 210 
75 225 
100 300 
169 507 
160 480 
44 132 
41 123 
84 252 
5 15 
88 264 
108 324 
93 279 
172 516 
119 357 
17 51 
39 117 
21 63 
171 513 
138 414 
45 135 
30 90 
78 234 
157 471 
186 558 
49 147 
173 519 
136 408 
188 564 
1 3 
155 465 
48 144 
145 435 
153 459 
34 102 
73 219 
51 153 
71 213 
184 552 
118 354 
121 363 
182 546 
28 84 
4 12 
105 315 
159 477 
111 333 
12 36 
146 438 
3 9 
6 18 
25 75 
63 189 
174 522 
22 66 
104 312 
134 402 
178 534 
77 231 
74 222 
8 24 
2 6 
26 78 
59 177 
164 492 
163 489 
166 498 
123 369 
135 405 
158 474 
149 447 
122 366 
86 258 
112 336 
94 282 
137 411 
18 54 
