195 1170
68 204 
147 441 
57 171 
41 123 
62 186 
117 351 
140 420 
25 75 
82 246 
6 18 
10 30 
148 444 
176 528 
92 276 
188 564 
138 414 
104 312 
54 162 
43 129 
151 453 
108 324 
137 411 
36 108 
166 498 
133 399 
38 114 
70 210 
77 231 
167 501 
150 450 
96 288 
154 462 
51 153 
39 117 
111 333 
157 471 
159 477 
42 126 
107 321 
125 375 
106 318 
9 27 
126 378 
78 234 
165 495 
23 69 
99 297 
24 72 
168 504 
141 423 
174 522 
12 36 
172 516 
113 339 
102 306 
127 381 
49 147 
116 348 
156 468 
153 459 
14 42 
181 543 
66 198 
29 87 
142 426 
65 195 
183 549 
67 201 
28 84 
46 138 
30 90 
88 264 
87 261 
53 159 
83 249 
129 387 
3 9 
146 438 
191 573 
190 570 
74 222 
11 33 
47 141 
189 567 
15 45 
93 279 
171 513 
187 561 
90 270 
26 78 
40 120 
31 93 
63 189 
131 393 
123 369 
134 402 
45 135 
52 156 
121 363 
72 216 
194 582 
173 519 
98 294 
4 12 
139 417 
160 480 
27 81 
85 255 
58 174 
101 303 
32 96 
34 102 
152 456 
177 531 
124 372 
18 54 
81 243 
1 3 
185 555 
17 51 
122 366 
44 132 
180 540 
155 465 
69 207 
144 432 
35 105 
94 282 
79 237 
75 225 
149 447 
164 492 
76 228 
8 24 
84 252 
193 579 
37 111 
33 99 
48 144 
112 336 
20 60 
71 213 
56 168 
55 165 
161 483 
7 21 
175 525 
143 429 
178 534 
110 330 
118 354 
119 357 
50 150 
59 177 
91 273 
195 585 
19 57 
170 510 
5 15 
179 537 
60 180 
86 258 
61 183 
184 552 
64 192 
136 408 
80 240 
100 300 
182 546 
13 39 
135 405 
163 489 
97 291 
95 285 
145 435 
103 309 
186 558 
158 474 
89 267 
105 315 
128 384 
22 66 
115 345 
73 219 
169 507 
2 6 
109 327 
132 396 
120 360 
162 486 
130 390 
16 48 
192 576 
21 63 
114 342 
