136 816
17 51 
97 291 
40 120 
114 342 
84 252 
42 126 
107 321 
99 297 
92 276 
3 9 
48 144 
93 279 
67 201 
123 369 
37 111 
108 324 
24 72 
41 123 
60 180 
90 270 
53 159 
131 393 
56 168 
89 267 
71 213 
43 129 
25 75 
83 249 
26 78 
86 258 
31 93 
78 234 
81 243 
46 138 
8 24 
1 3 
39 117 
111 333 
91 273 
33 99 
73 219 
128 384 
35 105 
10 30 
82 246 
101 303 
135 405 
54 162 
80 240 
68 204 
126 378 
65 195 
61 183 
47 141 
36 108 
109 327 
79 237 
98 294 
28 84 
32 96 
76 228 
14 42 
64 192 
112 336 
19 57 
44 132 
38 114 
2 6 
5 15 
118 354 
130 390 
30 90 
88 264 
120 360 
132 396 
69 207 
105 315 
27 81 
45 135 
21 63 
136 408 
129 387 
13 39 
51 153 
9 27 
127 381 
63 189 
116 348 
74 222 
29 87 
50 150 
102 306 
87 261 
75 225 
121 363 
6 18 
34 102 
55 165 
59 177 
122 366 
125 375 
124 372 
12 36 
72 216 
58 174 
66 198 
49 147 
104 312 
119 357 
113 339 
57 171 
70 210 
18 54 
7 21 
134 402 
133 399 
115 345 
94 282 
85 255 
4 12 
110 330 
20 60 
96 288 
117 351 
100 300 
15 45 
103 309 
106 318 
22 66 
11 33 
77 231 
62 186 
95 285 
23 69 
16 48 
52 156 
