87 522
55 165 
50 150 
17 51 
62 186 
24 72 
43 129 
80 240 
78 234 
49 147 
22 66 
45 135 
73 219 
85 255 
6 18 
65 195 
5 15 
14 42 
13 39 
19 57 
79 237 
46 138 
52 156 
44 132 
40 120 
27 81 
38 114 
16 48 
64 192 
33 99 
48 144 
3 9 
23 69 
30 90 
8 24 
34 102 
32 96 
4 12 
31 93 
25 75 
87 261 
76 228 
70 210 
66 198 
20 60 
10 30 
53 159 
15 45 
7 21 
56 168 
72 216 
74 222 
81 243 
47 141 
35 105 
77 231 
68 204 
41 123 
29 87 
1 3 
51 153 
84 252 
11 33 
67 201 
54 162 
86 258 
63 189 
75 225 
2 6 
57 171 
9 27 
61 183 
28 84 
21 63 
36 108 
37 111 
18 54 
59 177 
82 246 
39 117 
12 36 
83 249 
69 207 
71 213 
58 174 
42 126 
26 78 
60 180 
