153 918
119 357 
120 360 
84 252 
3 9 
20 60 
23 69 
85 255 
30 90 
37 111 
11 33 
127 381 
13 39 
89 267 
64 192 
61 183 
92 276 
152 456 
136 408 
103 309 
104 312 
95 285 
128 384 
51 153 
54 162 
4 12 
40 120 
146 438 
2 6 
112 336 
148 444 
9 27 
109 327 
132 396 
48 144 
60 180 
106 318 
7 21 
74 222 
118 354 
36 108 
39 117 
125 375 
1 3 
150 450 
100 300 
149 447 
98 294 
33 99 
10 30 
142 426 
41 123 
35 105 
144 432 
91 273 
49 147 
62 186 
130 390 
147 441 
57 171 
88 264 
38 114 
24 72 
121 363 
115 345 
43 129 
34 102 
123 369 
139 417 
143 429 
75 225 
66 198 
19 57 
68 204 
82 246 
71 213 
73 219 
94 282 
46 138 
6 18 
70 210 
65 195 
110 330 
47 141 
44 132 
153 459 
56 168 
131 393 
114 342 
27 81 
83 249 
90 270 
137 411 
116 348 
135 405 
117 351 
81 243 
102 306 
140 420 
134 402 
72 216 
16 48 
59 177 
76 228 
5 15 
63 189 
32 96 
87 261 
122 366 
77 231 
93 279 
124 372 
151 453 
8 24 
101 303 
18 54 
133 399 
45 135 
86 258 
17 51 
108 324 
69 207 
29 87 
113 339 
129 387 
96 288 
50 150 
55 165 
138 414 
126 378 
53 159 
145 435 
97 291 
28 84 
58 174 
15 45 
111 333 
31 93 
141 423 
42 126 
79 237 
67 201 
78 234 
12 36 
107 321 
21 63 
22 66 
105 315 
52 156 
26 78 
80 240 
14 42 
25 75 
99 297 
