184 1104
96 288 
28 84 
32 96 
128 384 
159 477 
30 90 
60 180 
135 405 
173 519 
177 531 
23 69 
59 177 
165 495 
84 252 
170 510 
111 333 
83 249 
110 330 
36 108 
10 30 
43 129 
76 228 
9 27 
121 363 
2 6 
182 546 
119 357 
106 318 
12 36 
161 483 
158 474 
22 66 
171 513 
82 246 
18 54 
134 402 
149 447 
8 24 
35 105 
49 147 
39 117 
41 123 
69 207 
145 435 
57 171 
92 276 
14 42 
62 186 
116 348 
15 45 
53 159 
16 48 
137 411 
126 378 
50 150 
91 273 
48 144 
117 351 
79 237 
141 423 
20 60 
81 243 
164 492 
51 153 
138 414 
46 138 
52 156 
124 372 
114 342 
156 468 
86 258 
17 51 
172 516 
75 225 
176 528 
115 345 
67 201 
21 63 
87 261 
184 552 
123 369 
154 462 
4 12 
136 408 
5 15 
120 360 
93 279 
89 267 
11 33 
130 390 
152 456 
139 417 
71 213 
105 315 
133 399 
108 324 
94 282 
169 507 
68 204 
174 522 
74 222 
179 537 
162 486 
80 240 
113 339 
66 198 
107 321 
40 120 
97 291 
90 270 
127 381 
160 480 
33 99 
19 57 
151 453 
73 219 
131 393 
26 78 
181 543 
132 396 
104 312 
146 438 
45 135 
72 216 
153 459 
77 231 
143 429 
3 9 
6 18 
31 93 
29 87 
78 234 
142 426 
13 39 
47 141 
85 255 
167 501 
163 489 
98 294 
63 189 
54 162 
118 354 
175 525 
157 471 
25 75 
64 192 
144 432 
103 309 
183 549 
147 441 
55 165 
140 420 
100 300 
101 303 
180 540 
70 210 
61 183 
168 504 
112 336 
109 327 
166 498 
155 465 
148 444 
37 111 
27 81 
178 534 
102 306 
7 21 
125 375 
95 285 
88 264 
58 174 
1 3 
99 297 
24 72 
42 126 
38 114 
122 366 
129 387 
34 102 
65 195 
150 450 
56 168 
44 132 
