121 726
26 78 
89 267 
97 291 
51 153 
44 132 
73 219 
66 198 
116 348 
38 114 
3 9 
7 21 
15 45 
8 24 
119 357 
63 189 
80 240 
74 222 
50 150 
39 117 
78 234 
23 69 
77 231 
107 321 
32 96 
94 282 
106 318 
70 210 
34 102 
9 27 
72 216 
31 93 
59 177 
62 186 
57 171 
6 18 
17 51 
47 141 
22 66 
114 342 
83 249 
103 309 
48 144 
95 285 
1 3 
36 108 
11 33 
61 183 
87 261 
19 57 
109 327 
112 336 
101 303 
13 39 
2 6 
121 363 
93 279 
91 273 
21 63 
84 252 
117 351 
12 36 
110 330 
102 306 
30 90 
75 225 
46 138 
120 360 
54 162 
88 264 
41 123 
108 324 
14 42 
71 213 
86 258 
79 237 
113 339 
55 165 
85 255 
65 195 
10 30 
76 228 
18 54 
40 120 
82 246 
118 354 
104 312 
99 297 
69 207 
100 300 
33 99 
56 168 
29 87 
81 243 
37 111 
53 159 
96 288 
52 156 
4 12 
28 84 
105 315 
49 147 
43 129 
67 201 
27 81 
60 180 
5 15 
98 294 
25 75 
16 48 
115 345 
45 135 
92 276 
68 204 
58 174 
111 333 
42 126 
24 72 
64 192 
90 270 
20 60 
35 105 
