76 456
54 162 
16 48 
25 75 
64 192 
35 105 
30 90 
24 72 
11 33 
47 141 
14 42 
53 159 
71 213 
56 168 
50 150 
73 219 
72 216 
45 135 
49 147 
70 210 
48 144 
62 186 
46 138 
1 3 
12 36 
2 6 
44 132 
60 180 
39 117 
13 39 
37 111 
26 78 
31 93 
42 126 
38 114 
4 12 
33 99 
61 183 
20 60 
59 177 
43 129 
76 228 
68 204 
7 21 
22 66 
3 9 
34 102 
28 84 
29 87 
8 24 
66 198 
5 15 
57 171 
9 27 
18 54 
21 63 
51 153 
41 123 
75 225 
27 81 
10 30 
40 120 
19 57 
23 69 
32 96 
63 189 
6 18 
65 195 
15 45 
52 156 
69 207 
55 165 
17 51 
67 201 
36 108 
74 222 
58 174 
