83 498
47 141 
24 72 
11 33 
49 147 
38 114 
14 42 
39 117 
25 75 
52 156 
78 234 
64 192 
59 177 
26 78 
12 36 
63 189 
73 219 
48 144 
69 207 
55 165 
7 21 
28 84 
3 9 
23 69 
10 30 
76 228 
15 45 
32 96 
41 123 
2 6 
56 168 
27 81 
16 48 
6 18 
22 66 
53 159 
57 171 
34 102 
30 90 
67 201 
82 246 
72 216 
33 99 
18 54 
43 129 
1 3 
19 57 
20 60 
68 204 
21 63 
17 51 
70 210 
42 126 
51 153 
66 198 
37 111 
9 27 
4 12 
77 231 
75 225 
44 132 
61 183 
80 240 
31 93 
74 222 
83 249 
54 162 
65 195 
36 108 
29 87 
81 243 
5 15 
60 180 
46 138 
62 186 
45 135 
8 24 
71 213 
79 237 
13 39 
58 174 
50 150 
35 105 
40 120 
