78 468
76 228 
5 15 
69 207 
26 78 
10 30 
24 72 
17 51 
42 126 
72 216 
36 108 
46 138 
34 102 
56 168 
32 96 
40 120 
39 117 
20 60 
15 45 
18 54 
29 87 
31 93 
25 75 
68 204 
57 171 
12 36 
55 165 
3 9 
2 6 
51 153 
64 192 
62 186 
70 210 
16 48 
54 162 
47 141 
71 213 
60 180 
1 3 
14 42 
78 234 
67 201 
28 84 
59 177 
52 156 
65 195 
4 12 
37 111 
7 21 
61 183 
22 66 
50 150 
11 33 
33 99 
13 39 
49 147 
58 174 
38 114 
73 219 
53 159 
43 129 
44 132 
21 63 
63 189 
35 105 
45 135 
48 144 
74 222 
19 57 
66 198 
77 231 
27 81 
8 24 
30 90 
6 18 
41 123 
75 225 
23 69 
9 27 
