115 690
23 69 
77 231 
106 318 
113 339 
75 225 
43 129 
15 45 
11 33 
31 93 
96 288 
28 84 
39 117 
93 279 
70 210 
59 177 
2 6 
33 99 
104 312 
10 30 
71 213 
66 198 
4 12 
65 195 
53 159 
69 207 
3 9 
115 345 
38 114 
26 78 
111 333 
79 237 
89 267 
100 300 
83 249 
17 51 
37 111 
35 105 
49 147 
73 219 
8 24 
25 75 
14 42 
105 315 
32 96 
98 294 
58 174 
108 324 
110 330 
47 141 
109 327 
41 123 
21 63 
56 168 
34 102 
62 186 
85 255 
50 150 
45 135 
81 243 
48 144 
102 306 
24 72 
64 192 
6 18 
54 162 
99 297 
42 126 
9 27 
82 246 
84 252 
67 201 
107 321 
36 108 
97 291 
74 222 
13 39 
103 309 
112 336 
87 261 
88 264 
20 60 
1 3 
61 183 
90 270 
29 87 
12 36 
30 90 
55 165 
95 285 
114 342 
5 15 
16 48 
22 66 
92 276 
60 180 
27 81 
86 258 
72 216 
94 282 
46 138 
7 21 
40 120 
78 234 
18 54 
19 57 
91 273 
44 132 
52 156 
76 228 
51 153 
63 189 
68 204 
101 303 
57 171 
80 240 
