75 450
60 180 
57 171 
54 162 
21 63 
65 195 
27 81 
31 93 
30 90 
1 3 
15 45 
63 189 
64 192 
38 114 
8 24 
56 168 
47 141 
14 42 
55 165 
24 72 
5 15 
44 132 
58 174 
74 222 
42 126 
10 30 
18 54 
28 84 
4 12 
9 27 
2 6 
62 186 
43 129 
45 135 
32 96 
35 105 
34 102 
49 147 
37 111 
36 108 
23 69 
22 66 
71 213 
46 138 
3 9 
53 159 
50 150 
6 18 
75 225 
48 144 
13 39 
69 207 
70 210 
52 156 
19 57 
61 183 
16 48 
68 204 
67 201 
7 21 
41 123 
20 60 
17 51 
29 87 
25 75 
11 33 
66 198 
26 78 
39 117 
72 216 
33 99 
51 153 
59 177 
40 120 
73 219 
12 36 
