106 636
45 135 
81 243 
34 102 
1 3 
63 189 
14 42 
17 51 
89 267 
35 105 
44 132 
8 24 
102 306 
32 96 
71 213 
74 222 
53 159 
25 75 
94 282 
106 318 
16 48 
23 69 
26 78 
51 153 
55 165 
30 90 
93 279 
57 171 
41 123 
31 93 
46 138 
78 234 
99 297 
97 291 
50 150 
37 111 
48 144 
105 315 
80 240 
60 180 
96 288 
20 60 
76 228 
19 57 
92 276 
86 258 
69 207 
21 63 
42 126 
11 33 
70 210 
59 177 
65 195 
33 99 
24 72 
4 12 
58 174 
67 201 
79 237 
82 246 
27 81 
54 162 
103 309 
18 54 
22 66 
87 261 
29 87 
36 108 
75 225 
73 219 
3 9 
40 120 
2 6 
90 270 
68 204 
39 117 
61 183 
43 129 
85 255 
101 303 
49 147 
9 27 
12 36 
104 312 
77 231 
91 273 
56 168 
98 294 
28 84 
5 15 
88 264 
15 45 
38 114 
7 21 
47 141 
100 300 
83 249 
66 198 
62 186 
64 192 
52 156 
84 252 
72 216 
6 18 
95 285 
13 39 
10 30 
