99 594
80 240 
29 87 
84 252 
16 48 
36 108 
21 63 
52 156 
97 291 
69 207 
2 6 
64 192 
32 96 
61 183 
89 267 
53 159 
30 90 
57 171 
62 186 
42 126 
6 18 
17 51 
1 3 
56 168 
83 249 
18 54 
71 213 
47 141 
95 285 
63 189 
40 120 
79 237 
23 69 
67 201 
9 27 
70 210 
81 243 
25 75 
38 114 
99 297 
27 81 
24 72 
39 117 
28 84 
10 30 
15 45 
35 105 
34 102 
13 39 
19 57 
11 33 
73 219 
66 198 
51 153 
90 270 
59 177 
75 225 
45 135 
93 279 
76 228 
20 60 
58 174 
60 180 
33 99 
87 261 
50 150 
54 162 
14 42 
49 147 
55 165 
22 66 
88 264 
92 276 
12 36 
43 129 
98 294 
96 288 
78 234 
37 111 
3 9 
46 138 
77 231 
68 204 
65 195 
7 21 
91 273 
86 258 
31 93 
44 132 
82 246 
94 282 
72 216 
5 15 
4 12 
41 123 
8 24 
85 255 
48 144 
26 78 
74 222 
