192 1152
121 363 
148 444 
187 561 
162 486 
67 201 
41 123 
80 240 
55 165 
111 333 
151 453 
188 564 
159 477 
165 495 
5 15 
72 216 
112 336 
154 462 
124 372 
56 168 
170 510 
120 360 
24 72 
15 45 
60 180 
73 219 
47 141 
104 312 
62 186 
185 555 
77 231 
71 213 
110 330 
44 132 
107 321 
52 156 
18 54 
123 369 
75 225 
180 540 
169 507 
78 234 
59 177 
3 9 
182 546 
142 426 
134 402 
114 342 
32 96 
66 198 
31 93 
97 291 
22 66 
128 384 
54 162 
7 21 
23 69 
53 159 
113 339 
116 348 
99 297 
26 78 
137 411 
149 447 
117 351 
158 474 
12 36 
105 315 
131 393 
38 114 
102 306 
91 273 
64 192 
164 492 
171 513 
109 327 
147 441 
70 210 
89 267 
25 75 
96 288 
84 252 
95 285 
175 525 
16 48 
6 18 
13 39 
189 567 
161 483 
85 255 
88 264 
135 405 
129 387 
8 24 
152 456 
43 129 
136 408 
153 459 
29 87 
173 519 
130 390 
144 432 
14 42 
87 261 
127 381 
2 6 
140 420 
69 207 
181 543 
190 570 
141 423 
101 303 
125 375 
19 57 
126 378 
145 435 
100 300 
156 468 
42 126 
138 414 
79 237 
163 489 
106 318 
46 138 
191 573 
174 522 
1 3 
119 357 
35 105 
118 354 
108 324 
183 549 
49 147 
93 279 
51 153 
63 189 
83 249 
40 120 
81 243 
146 438 
39 117 
21 63 
94 282 
11 33 
143 429 
4 12 
33 99 
139 417 
82 246 
30 90 
57 171 
172 516 
61 183 
58 174 
176 528 
92 276 
90 270 
45 135 
98 294 
74 222 
20 60 
166 498 
177 531 
150 450 
186 558 
178 534 
167 501 
155 465 
34 102 
86 258 
68 204 
115 345 
160 480 
27 81 
17 51 
192 576 
168 504 
37 111 
103 309 
122 366 
10 30 
133 399 
36 108 
157 471 
28 84 
76 228 
132 396 
184 552 
48 144 
179 537 
50 150 
9 27 
65 195 
