82 492
40 120 
52 156 
27 81 
16 48 
59 177 
30 90 
35 105 
1 3 
19 57 
82 246 
57 171 
63 189 
60 180 
61 183 
24 72 
74 222 
65 195 
76 228 
48 144 
36 108 
66 198 
10 30 
79 237 
32 96 
7 21 
38 114 
49 147 
20 60 
13 39 
58 174 
22 66 
62 186 
3 9 
25 75 
43 129 
34 102 
9 27 
51 153 
80 240 
71 213 
70 210 
46 138 
8 24 
12 36 
39 117 
23 69 
81 243 
56 168 
26 78 
11 33 
14 42 
55 165 
68 204 
69 207 
73 219 
41 123 
50 150 
31 93 
29 87 
53 159 
45 135 
54 162 
33 99 
47 141 
2 6 
37 111 
17 51 
6 18 
78 234 
67 201 
64 192 
5 15 
42 126 
44 132 
15 45 
75 225 
72 216 
28 84 
18 54 
77 231 
4 12 
21 63 
