135 810
69 207 
53 159 
11 33 
94 282 
36 108 
43 129 
93 279 
107 321 
97 291 
21 63 
13 39 
42 126 
108 324 
4 12 
7 21 
37 111 
112 336 
45 135 
3 9 
32 96 
124 372 
14 42 
130 390 
111 333 
101 303 
67 201 
102 306 
47 141 
57 171 
33 99 
15 45 
75 225 
115 345 
44 132 
41 123 
66 198 
127 381 
98 294 
135 405 
18 54 
121 363 
9 27 
68 204 
122 366 
134 402 
2 6 
25 75 
91 273 
99 297 
64 192 
114 342 
81 243 
6 18 
103 309 
132 396 
48 144 
74 222 
63 189 
20 60 
109 327 
70 210 
82 246 
110 330 
50 150 
24 72 
34 102 
52 156 
88 264 
95 285 
125 375 
29 87 
30 90 
78 234 
116 348 
106 318 
131 393 
40 120 
92 276 
56 168 
23 69 
51 153 
27 81 
28 84 
17 51 
62 186 
89 267 
8 24 
90 270 
65 195 
31 93 
104 312 
55 165 
113 339 
26 78 
86 258 
22 66 
85 255 
84 252 
61 183 
5 15 
133 399 
58 174 
71 213 
35 105 
39 117 
120 360 
72 216 
105 315 
128 384 
80 240 
126 378 
117 351 
12 36 
96 288 
19 57 
87 261 
49 147 
118 354 
10 30 
16 48 
77 231 
73 219 
79 237 
46 138 
119 357 
100 300 
1 3 
129 387 
38 114 
83 249 
76 228 
59 177 
123 369 
54 162 
60 180 
