89 534
15 45 
82 246 
76 228 
37 111 
75 225 
25 75 
71 213 
78 234 
60 180 
20 60 
17 51 
57 171 
62 186 
83 249 
11 33 
36 108 
48 144 
70 210 
39 117 
33 99 
40 120 
30 90 
35 105 
19 57 
51 153 
27 81 
32 96 
64 192 
29 87 
3 9 
28 84 
72 216 
73 219 
56 168 
79 237 
18 54 
2 6 
31 93 
41 123 
23 69 
66 198 
46 138 
16 48 
61 183 
12 36 
5 15 
67 201 
49 147 
80 240 
24 72 
63 189 
34 102 
53 159 
6 18 
21 63 
86 258 
52 156 
65 195 
59 177 
81 243 
7 21 
54 162 
77 231 
84 252 
4 12 
85 255 
13 39 
44 132 
45 135 
74 222 
68 204 
47 141 
55 165 
22 66 
10 30 
89 267 
8 24 
87 261 
50 150 
58 174 
42 126 
38 114 
69 207 
9 27 
43 129 
1 3 
14 42 
88 264 
26 78 
