163 978
9 27 
111 333 
53 159 
90 270 
96 288 
47 141 
42 126 
61 183 
32 96 
100 300 
80 240 
76 228 
68 204 
86 258 
149 447 
25 75 
151 453 
49 147 
126 378 
101 303 
113 339 
132 396 
87 261 
39 117 
58 174 
19 57 
79 237 
88 264 
147 441 
110 330 
89 267 
138 414 
102 306 
56 168 
67 201 
144 432 
81 243 
44 132 
70 210 
78 234 
133 399 
30 90 
145 435 
5 15 
135 405 
52 156 
51 153 
117 351 
29 87 
2 6 
121 363 
72 216 
91 273 
139 417 
12 36 
27 81 
64 192 
162 486 
20 60 
63 189 
104 312 
94 282 
1 3 
73 219 
33 99 
142 426 
23 69 
103 309 
38 114 
34 102 
46 138 
54 162 
141 423 
155 465 
136 408 
48 144 
119 357 
28 84 
127 381 
93 279 
128 384 
37 111 
14 42 
45 135 
152 456 
16 48 
40 120 
148 444 
129 387 
41 123 
77 231 
74 222 
18 54 
43 129 
13 39 
161 483 
21 63 
159 477 
158 474 
146 438 
57 171 
163 489 
115 345 
83 249 
153 459 
60 180 
140 420 
122 366 
75 225 
3 9 
118 354 
131 393 
6 18 
114 342 
26 78 
116 348 
4 12 
7 21 
92 276 
120 360 
24 72 
107 321 
99 297 
36 108 
50 150 
17 51 
82 246 
31 93 
124 372 
125 375 
109 327 
98 294 
97 291 
55 165 
130 390 
157 471 
59 177 
85 255 
66 198 
112 336 
69 207 
154 462 
150 450 
105 315 
156 468 
62 186 
65 195 
160 480 
15 45 
84 252 
71 213 
108 324 
143 429 
35 105 
22 66 
11 33 
134 402 
95 285 
106 318 
137 411 
123 369 
8 24 
10 30 
