133 798
90 270 
62 186 
122 366 
68 204 
132 396 
70 210 
130 390 
55 165 
92 276 
80 240 
105 315 
75 225 
30 90 
103 309 
25 75 
123 369 
24 72 
26 78 
101 303 
37 111 
93 279 
43 129 
126 378 
115 345 
2 6 
14 42 
20 60 
128 384 
117 351 
131 393 
57 171 
32 96 
91 273 
118 354 
96 288 
48 144 
23 69 
69 207 
66 198 
18 54 
124 372 
34 102 
89 267 
88 264 
64 192 
71 213 
33 99 
110 330 
27 81 
73 219 
74 222 
107 321 
52 156 
44 132 
129 387 
65 195 
63 189 
120 360 
86 258 
106 318 
79 237 
45 135 
47 141 
49 147 
21 63 
85 255 
78 234 
67 201 
35 105 
125 375 
82 246 
22 66 
109 327 
31 93 
76 228 
10 30 
8 24 
36 108 
51 153 
9 27 
99 297 
119 357 
59 177 
38 114 
17 51 
113 339 
95 285 
50 150 
29 87 
116 348 
7 21 
56 168 
53 159 
1 3 
60 180 
39 117 
54 162 
114 342 
77 231 
41 123 
121 363 
98 294 
11 33 
108 324 
94 282 
13 39 
72 216 
102 306 
42 126 
5 15 
58 174 
104 312 
15 45 
61 183 
6 18 
100 300 
97 291 
46 138 
133 399 
28 84 
127 381 
12 36 
111 333 
16 48 
3 9 
19 57 
83 249 
112 336 
87 261 
81 243 
4 12 
84 252 
40 120 
