156 936
6 18 
64 192 
37 111 
74 222 
106 318 
146 438 
31 93 
26 78 
150 450 
107 321 
133 399 
50 150 
141 423 
30 90 
77 231 
16 48 
147 441 
151 453 
57 171 
99 297 
15 45 
118 354 
92 276 
73 219 
66 198 
114 342 
97 291 
104 312 
130 390 
134 402 
56 168 
55 165 
120 360 
93 279 
79 237 
71 213 
138 414 
87 261 
81 243 
101 303 
9 27 
39 117 
86 258 
22 66 
88 264 
7 21 
83 249 
25 75 
3 9 
29 87 
125 375 
33 99 
51 153 
140 420 
43 129 
69 207 
53 159 
91 273 
96 288 
89 267 
119 357 
136 408 
32 96 
19 57 
17 51 
156 468 
128 384 
61 183 
28 84 
137 411 
143 429 
139 417 
98 294 
52 156 
24 72 
42 126 
1 3 
153 459 
49 147 
111 333 
105 315 
155 465 
21 63 
54 162 
59 177 
117 351 
121 363 
113 339 
8 24 
76 228 
63 189 
62 186 
122 366 
72 216 
103 309 
82 246 
124 372 
47 141 
102 306 
12 36 
144 432 
67 201 
94 282 
65 195 
45 135 
109 327 
36 108 
95 285 
4 12 
58 174 
44 132 
68 204 
154 462 
27 81 
14 42 
112 336 
40 120 
23 69 
10 30 
135 405 
38 114 
11 33 
46 138 
20 60 
132 396 
131 393 
35 105 
115 345 
84 252 
129 387 
85 255 
41 123 
13 39 
34 102 
127 381 
48 144 
75 225 
90 270 
5 15 
152 456 
18 54 
70 210 
100 300 
78 234 
148 444 
123 369 
149 447 
2 6 
108 324 
110 330 
145 435 
142 426 
126 378 
60 180 
80 240 
116 348 
