116 696
21 63 
23 69 
95 285 
103 309 
31 93 
37 111 
68 204 
30 90 
94 282 
87 261 
56 168 
55 165 
28 84 
3 9 
13 39 
104 312 
109 327 
59 177 
66 198 
81 243 
111 333 
69 207 
45 135 
14 42 
25 75 
33 99 
54 162 
90 270 
80 240 
70 210 
58 174 
16 48 
98 294 
91 273 
27 81 
34 102 
101 303 
22 66 
93 279 
47 141 
110 330 
9 27 
41 123 
112 336 
105 315 
67 201 
17 51 
78 234 
75 225 
114 342 
11 33 
12 36 
26 78 
85 255 
108 324 
51 153 
6 18 
96 288 
71 213 
86 258 
106 318 
8 24 
4 12 
74 222 
82 246 
49 147 
73 219 
62 186 
57 171 
61 183 
1 3 
35 105 
84 252 
64 192 
7 21 
88 264 
92 276 
113 339 
43 129 
39 117 
60 180 
65 195 
40 120 
5 15 
29 87 
10 30 
79 237 
89 267 
77 231 
115 345 
116 348 
24 72 
107 321 
15 45 
20 60 
19 57 
97 291 
44 132 
18 54 
72 216 
83 249 
52 156 
76 228 
48 144 
36 108 
38 114 
99 297 
102 306 
32 96 
100 300 
50 150 
42 126 
63 189 
53 159 
46 138 
2 6 
