94 564
28 84 
19 57 
64 192 
47 141 
6 18 
36 108 
49 147 
18 54 
27 81 
77 231 
48 144 
76 228 
83 249 
46 138 
62 186 
73 219 
85 255 
13 39 
16 48 
25 75 
32 96 
81 243 
54 162 
29 87 
26 78 
37 111 
21 63 
11 33 
50 150 
12 36 
79 237 
58 174 
60 180 
61 183 
53 159 
15 45 
88 264 
84 252 
40 120 
30 90 
78 234 
7 21 
94 282 
66 198 
5 15 
24 72 
33 99 
43 129 
1 3 
51 153 
72 216 
92 276 
39 117 
2 6 
35 105 
17 51 
87 261 
69 207 
75 225 
74 222 
59 177 
86 258 
71 213 
23 69 
38 114 
90 270 
80 240 
55 165 
82 246 
70 210 
4 12 
93 279 
14 42 
3 9 
68 204 
65 195 
56 168 
42 126 
41 123 
91 273 
9 27 
22 66 
45 135 
31 93 
52 156 
10 30 
34 102 
8 24 
63 189 
20 60 
89 267 
57 171 
44 132 
67 201 
