84 504
9 27 
4 12 
68 204 
27 81 
72 216 
47 141 
6 18 
60 180 
63 189 
40 120 
61 183 
30 90 
66 198 
46 138 
28 84 
29 87 
82 246 
16 48 
14 42 
36 108 
1 3 
59 177 
7 21 
10 30 
56 168 
77 231 
3 9 
53 159 
74 222 
19 57 
44 132 
50 150 
58 174 
69 207 
84 252 
49 147 
83 249 
37 111 
12 36 
24 72 
64 192 
76 228 
39 117 
78 234 
70 210 
75 225 
5 15 
80 240 
31 93 
54 162 
23 69 
48 144 
11 33 
18 54 
71 213 
17 51 
57 171 
22 66 
20 60 
65 195 
2 6 
15 45 
62 186 
25 75 
35 105 
45 135 
33 99 
43 129 
38 114 
67 201 
52 156 
41 123 
42 126 
81 243 
21 63 
13 39 
8 24 
79 237 
32 96 
73 219 
51 153 
26 78 
55 165 
34 102 
