74 444
58 174 
8 24 
39 117 
57 171 
1 3 
31 93 
14 42 
71 213 
62 186 
60 180 
69 207 
56 168 
18 54 
13 39 
24 72 
74 222 
50 150 
32 96 
30 90 
65 195 
43 129 
7 21 
48 144 
72 216 
38 114 
68 204 
46 138 
26 78 
10 30 
37 111 
15 45 
3 9 
12 36 
42 126 
16 48 
19 57 
49 147 
40 120 
41 123 
9 27 
28 84 
2 6 
21 63 
27 81 
25 75 
45 135 
4 12 
55 165 
11 33 
59 177 
33 99 
66 198 
64 192 
61 183 
17 51 
73 219 
34 102 
6 18 
47 141 
53 159 
63 189 
70 210 
35 105 
51 153 
52 156 
36 108 
23 69 
67 201 
44 132 
20 60 
5 15 
22 66 
54 162 
29 87 
