130 780
21 63 
89 267 
88 264 
31 93 
124 372 
36 108 
60 180 
40 120 
107 321 
63 189 
100 300 
127 381 
12 36 
109 327 
53 159 
117 351 
92 276 
75 225 
6 18 
125 375 
85 255 
82 246 
50 150 
20 60 
9 27 
26 78 
3 9 
42 126 
66 198 
4 12 
106 318 
54 162 
115 345 
27 81 
108 324 
17 51 
44 132 
64 192 
15 45 
98 294 
13 39 
71 213 
119 357 
11 33 
55 165 
30 90 
121 363 
8 24 
70 210 
103 309 
59 177 
57 171 
79 237 
34 102 
78 234 
47 141 
23 69 
68 204 
39 117 
19 57 
99 297 
110 330 
96 288 
81 243 
25 75 
10 30 
123 369 
122 366 
32 96 
111 333 
120 360 
83 249 
102 306 
49 147 
77 231 
33 99 
76 228 
94 282 
51 153 
62 186 
37 111 
126 378 
101 303 
43 129 
128 384 
104 312 
28 84 
105 315 
113 339 
87 261 
46 138 
130 390 
90 270 
22 66 
65 195 
38 114 
35 105 
74 222 
48 144 
129 387 
84 252 
52 156 
7 21 
16 48 
5 15 
24 72 
73 219 
93 279 
67 201 
18 54 
116 348 
112 336 
45 135 
29 87 
56 168 
97 291 
69 207 
58 174 
72 216 
118 354 
2 6 
41 123 
114 342 
86 258 
91 273 
61 183 
14 42 
80 240 
1 3 
95 285 
