68 408
46 138 
35 105 
26 78 
7 21 
40 120 
20 60 
55 165 
11 33 
21 63 
65 195 
13 39 
28 84 
48 144 
9 27 
15 45 
31 93 
54 162 
53 159 
56 168 
3 9 
6 18 
30 90 
57 171 
2 6 
5 15 
39 117 
36 108 
63 189 
68 204 
44 132 
41 123 
18 54 
12 36 
25 75 
58 174 
32 96 
37 111 
24 72 
60 180 
51 153 
14 42 
27 81 
34 102 
1 3 
29 87 
42 126 
50 150 
22 66 
38 114 
45 135 
16 48 
67 201 
52 156 
43 129 
61 183 
64 192 
33 99 
8 24 
47 141 
4 12 
66 198 
49 147 
62 186 
23 69 
10 30 
17 51 
19 57 
59 177 
