125 750
34 102 
35 105 
40 120 
14 42 
92 276 
85 255 
37 111 
115 345 
77 231 
28 84 
122 366 
84 252 
110 330 
60 180 
33 99 
68 204 
72 216 
71 213 
81 243 
24 72 
120 360 
106 318 
118 354 
43 129 
52 156 
96 288 
48 144 
25 75 
87 261 
116 348 
3 9 
114 342 
62 186 
26 78 
109 327 
76 228 
63 189 
95 285 
86 258 
44 132 
55 165 
121 363 
74 222 
5 15 
105 315 
47 141 
20 60 
57 171 
117 351 
97 291 
98 294 
13 39 
90 270 
113 339 
19 57 
124 372 
108 324 
102 306 
23 69 
119 357 
45 135 
17 51 
31 93 
104 312 
11 33 
69 207 
100 300 
9 27 
10 30 
70 210 
66 198 
103 309 
36 108 
22 66 
83 249 
91 273 
58 174 
4 12 
82 246 
38 114 
51 153 
42 126 
56 168 
78 234 
6 18 
1 3 
94 282 
29 87 
12 36 
16 48 
93 279 
32 96 
46 138 
61 183 
123 369 
39 117 
88 264 
59 177 
111 333 
49 147 
75 225 
125 375 
67 201 
89 267 
21 63 
7 21 
41 123 
101 303 
107 321 
30 90 
64 192 
15 45 
73 219 
27 81 
18 54 
65 195 
53 159 
99 297 
54 162 
50 150 
79 237 
80 240 
2 6 
112 336 
8 24 
