69 414
64 192 
10 30 
67 201 
62 186 
63 189 
14 42 
13 39 
34 102 
58 174 
7 21 
48 144 
60 180 
15 45 
66 198 
35 105 
44 132 
68 204 
39 117 
59 177 
40 120 
36 108 
38 114 
9 27 
27 81 
22 66 
23 69 
26 78 
30 90 
28 84 
56 168 
43 129 
51 153 
2 6 
11 33 
65 195 
50 150 
8 24 
25 75 
16 48 
61 183 
18 54 
19 57 
69 207 
33 99 
52 156 
29 87 
41 123 
12 36 
21 63 
6 18 
46 138 
31 93 
53 159 
49 147 
37 111 
42 126 
20 60 
24 72 
5 15 
1 3 
57 171 
45 135 
47 141 
4 12 
55 165 
17 51 
54 162 
32 96 
3 9 
