114 684
40 120 
110 330 
93 279 
3 9 
92 276 
74 222 
76 228 
69 207 
77 231 
78 234 
73 219 
25 75 
59 177 
70 210 
65 195 
94 282 
72 216 
39 117 
88 264 
112 336 
52 156 
111 333 
49 147 
47 141 
103 309 
11 33 
33 99 
10 30 
38 114 
18 54 
19 57 
48 144 
29 87 
36 108 
107 321 
37 111 
17 51 
113 339 
95 285 
91 273 
99 297 
50 150 
58 174 
56 168 
82 246 
55 165 
63 189 
14 42 
108 324 
101 303 
66 198 
83 249 
41 123 
2 6 
75 225 
31 93 
5 15 
9 27 
7 21 
102 306 
21 63 
27 81 
26 78 
90 270 
64 192 
71 213 
46 138 
84 252 
114 342 
22 66 
24 72 
45 135 
87 261 
51 153 
20 60 
96 288 
30 90 
80 240 
97 291 
105 315 
34 102 
85 255 
53 159 
13 39 
68 204 
109 327 
60 180 
67 201 
35 105 
42 126 
86 258 
62 186 
106 318 
4 12 
12 36 
32 96 
16 48 
23 69 
104 312 
43 129 
81 243 
61 183 
89 267 
8 24 
79 237 
6 18 
15 45 
28 84 
100 300 
57 171 
98 294 
44 132 
54 162 
1 3 
