122 732
5 15 
3 9 
98 294 
8 24 
34 102 
116 348 
9 27 
80 240 
31 93 
23 69 
47 141 
13 39 
7 21 
55 165 
48 144 
74 222 
19 57 
84 252 
109 327 
78 234 
72 216 
101 303 
121 363 
68 204 
99 297 
43 129 
96 288 
60 180 
94 282 
22 66 
17 51 
119 357 
12 36 
24 72 
107 321 
6 18 
97 291 
100 300 
95 285 
54 162 
115 345 
1 3 
114 342 
81 243 
26 78 
33 99 
51 153 
29 87 
92 276 
110 330 
27 81 
30 90 
18 54 
39 117 
53 159 
66 198 
70 210 
111 333 
58 174 
49 147 
57 171 
28 84 
122 366 
64 192 
2 6 
117 351 
16 48 
10 30 
85 255 
113 339 
108 324 
82 246 
86 258 
36 108 
67 201 
32 96 
40 120 
88 264 
50 150 
15 45 
25 75 
42 126 
75 225 
73 219 
89 267 
106 318 
93 279 
105 315 
77 231 
56 168 
35 105 
104 312 
11 33 
41 123 
87 261 
45 135 
59 177 
83 249 
118 354 
65 195 
14 42 
62 186 
102 306 
4 12 
20 60 
103 309 
38 114 
76 228 
71 213 
21 63 
61 183 
69 207 
90 270 
112 336 
46 138 
91 273 
63 189 
44 132 
52 156 
120 360 
37 111 
79 237 
