73 438
16 48 
31 93 
3 9 
52 156 
4 12 
68 204 
45 135 
58 174 
46 138 
9 27 
69 207 
65 195 
73 219 
47 141 
26 78 
67 201 
11 33 
35 105 
30 90 
72 216 
34 102 
53 159 
64 192 
48 144 
20 60 
32 96 
50 150 
49 147 
66 198 
38 114 
41 123 
60 180 
7 21 
51 153 
22 66 
70 210 
55 165 
2 6 
1 3 
10 30 
15 45 
27 81 
5 15 
29 87 
24 72 
21 63 
57 171 
63 189 
33 99 
14 42 
44 132 
37 111 
71 213 
54 162 
13 39 
62 186 
17 51 
12 36 
59 177 
25 75 
61 183 
18 54 
42 126 
56 168 
28 84 
6 18 
36 108 
8 24 
19 57 
39 117 
23 69 
40 120 
43 129 
