126 756
23 69 
77 231 
78 234 
14 42 
4 12 
26 78 
91 273 
74 222 
103 309 
76 228 
124 372 
89 267 
70 210 
20 60 
90 270 
126 378 
64 192 
116 348 
122 366 
27 81 
115 345 
101 303 
87 261 
117 351 
49 147 
3 9 
80 240 
95 285 
5 15 
39 117 
36 108 
35 105 
57 171 
6 18 
102 306 
15 45 
99 297 
17 51 
118 354 
98 294 
31 93 
63 189 
50 150 
51 153 
104 312 
56 168 
79 237 
109 327 
11 33 
93 279 
69 207 
29 87 
67 201 
43 129 
30 90 
60 180 
12 36 
13 39 
112 336 
42 126 
38 114 
62 186 
82 246 
25 75 
55 165 
106 318 
46 138 
86 258 
2 6 
9 27 
44 132 
59 177 
1 3 
58 174 
97 291 
85 255 
45 135 
34 102 
73 219 
47 141 
71 213 
72 216 
19 57 
100 300 
28 84 
8 24 
40 120 
33 99 
24 72 
119 357 
68 204 
123 369 
48 144 
83 249 
54 162 
37 111 
110 330 
7 21 
113 339 
22 66 
21 63 
114 342 
65 195 
92 276 
88 264 
18 54 
108 324 
107 321 
96 288 
61 183 
16 48 
81 243 
120 360 
125 375 
32 96 
121 363 
52 156 
66 198 
41 123 
105 315 
75 225 
10 30 
111 333 
53 159 
94 282 
84 252 
