120 720
71 213 
42 126 
16 48 
41 123 
100 300 
39 117 
33 99 
104 312 
80 240 
83 249 
111 333 
119 357 
43 129 
103 309 
8 24 
89 267 
62 186 
76 228 
75 225 
48 144 
113 339 
21 63 
25 75 
15 45 
91 273 
1 3 
102 306 
6 18 
94 282 
53 159 
63 189 
24 72 
20 60 
49 147 
105 315 
109 327 
50 150 
36 108 
86 258 
29 87 
3 9 
64 192 
87 261 
45 135 
55 165 
26 78 
17 51 
67 201 
40 120 
22 66 
74 222 
56 168 
72 216 
60 180 
51 153 
73 219 
65 195 
31 93 
61 183 
28 84 
66 198 
85 255 
69 207 
77 231 
106 318 
12 36 
118 354 
58 174 
82 246 
38 114 
30 90 
32 96 
14 42 
5 15 
59 177 
98 294 
34 102 
47 141 
99 297 
114 342 
120 360 
35 105 
2 6 
52 156 
112 336 
37 111 
101 303 
108 324 
97 291 
9 27 
78 234 
18 54 
46 138 
68 204 
115 345 
117 351 
93 279 
4 12 
90 270 
23 69 
116 348 
96 288 
110 330 
107 321 
79 237 
19 57 
88 264 
11 33 
13 39 
27 81 
57 171 
44 132 
7 21 
84 252 
54 162 
10 30 
81 243 
92 276 
95 285 
70 210 
