107 642
96 288 
60 180 
52 156 
67 201 
20 60 
23 69 
5 15 
97 291 
82 246 
99 297 
56 168 
70 210 
42 126 
87 261 
22 66 
75 225 
35 105 
50 150 
8 24 
100 300 
1 3 
12 36 
74 222 
30 90 
43 129 
33 99 
37 111 
68 204 
104 312 
106 318 
7 21 
16 48 
57 171 
102 306 
61 183 
17 51 
98 294 
105 315 
18 54 
53 159 
31 93 
21 63 
13 39 
77 231 
28 84 
93 279 
15 45 
10 30 
72 216 
59 177 
9 27 
84 252 
4 12 
78 234 
25 75 
49 147 
95 285 
11 33 
24 72 
32 96 
54 162 
44 132 
51 153 
76 228 
36 108 
80 240 
29 87 
86 258 
64 192 
19 57 
41 123 
47 141 
62 186 
39 117 
38 114 
89 267 
58 174 
3 9 
107 321 
85 255 
94 282 
55 165 
101 303 
40 120 
66 198 
103 309 
45 135 
90 270 
27 81 
46 138 
91 273 
79 237 
2 6 
81 243 
92 276 
88 264 
83 249 
69 207 
14 42 
73 219 
6 18 
34 102 
26 78 
71 213 
63 189 
65 195 
48 144 
