131 786
76 228 
38 114 
95 285 
21 63 
125 375 
34 102 
2 6 
117 351 
120 360 
9 27 
7 21 
46 138 
89 267 
22 66 
131 393 
23 69 
17 51 
109 327 
1 3 
5 15 
10 30 
83 249 
86 258 
16 48 
51 153 
116 348 
50 150 
118 354 
66 198 
77 231 
64 192 
15 45 
84 252 
31 93 
49 147 
80 240 
111 333 
110 330 
35 105 
55 165 
30 90 
62 186 
99 297 
94 282 
47 141 
106 318 
107 321 
48 144 
129 387 
119 357 
102 306 
124 372 
20 60 
13 39 
114 342 
32 96 
101 303 
8 24 
41 123 
113 339 
97 291 
115 345 
33 99 
128 384 
98 294 
45 135 
121 363 
6 18 
65 195 
42 126 
60 180 
36 108 
104 312 
26 78 
43 129 
69 207 
27 81 
72 216 
14 42 
56 168 
25 75 
53 159 
78 234 
28 84 
127 381 
126 378 
68 204 
100 300 
90 270 
12 36 
96 288 
70 210 
67 201 
103 309 
75 225 
44 132 
58 174 
39 117 
4 12 
88 264 
85 255 
57 171 
73 219 
87 261 
54 162 
105 315 
63 189 
91 273 
40 120 
122 366 
37 111 
19 57 
71 213 
112 336 
18 54 
3 9 
11 33 
93 279 
29 87 
82 246 
81 243 
92 276 
61 183 
123 369 
130 390 
59 177 
52 156 
24 72 
108 324 
79 237 
74 222 
