194 1164
26 78 
120 360 
55 165 
183 549 
122 366 
110 330 
50 150 
32 96 
106 318 
39 117 
18 54 
81 243 
166 498 
20 60 
194 582 
63 189 
40 120 
149 447 
79 237 
100 300 
56 168 
67 201 
105 315 
3 9 
23 69 
102 306 
177 531 
153 459 
174 522 
42 126 
60 180 
133 399 
83 249 
11 33 
74 222 
30 90 
191 573 
103 309 
21 63 
116 348 
97 291 
66 198 
52 156 
134 402 
184 552 
13 39 
38 114 
28 84 
173 519 
123 369 
108 324 
115 345 
92 276 
59 177 
165 495 
146 438 
7 21 
129 387 
98 294 
188 564 
150 450 
179 537 
77 231 
49 147 
104 312 
143 429 
147 441 
44 132 
65 195 
185 555 
61 183 
10 30 
88 264 
126 378 
8 24 
24 72 
69 207 
22 66 
53 159 
86 258 
114 342 
163 489 
192 576 
46 138 
95 285 
130 390 
19 57 
142 426 
71 213 
121 363 
64 192 
12 36 
111 333 
62 186 
156 468 
152 456 
93 279 
155 465 
91 273 
161 483 
45 135 
5 15 
128 384 
151 453 
85 255 
159 477 
75 225 
47 141 
82 246 
113 339 
175 525 
167 501 
162 486 
89 267 
57 171 
138 414 
68 204 
37 111 
2 6 
43 129 
180 540 
190 570 
58 174 
41 123 
135 405 
125 375 
33 99 
178 534 
70 210 
136 408 
157 471 
160 480 
137 411 
187 561 
99 297 
154 462 
6 18 
109 327 
181 543 
131 393 
141 423 
25 75 
87 261 
80 240 
148 444 
164 492 
73 219 
16 48 
189 567 
54 162 
186 558 
193 579 
36 108 
132 396 
76 228 
9 27 
169 507 
107 321 
182 546 
14 42 
112 336 
139 417 
94 282 
90 270 
117 351 
170 510 
17 51 
176 528 
172 516 
171 513 
158 474 
29 87 
72 216 
4 12 
118 354 
84 252 
168 504 
78 234 
51 153 
1 3 
48 144 
145 435 
15 45 
35 105 
27 81 
140 420 
101 303 
31 93 
124 372 
144 432 
127 381 
96 288 
34 102 
119 357 
