117 702
112 336 
75 225 
38 114 
85 255 
51 153 
99 297 
80 240 
70 210 
104 312 
60 180 
26 78 
114 342 
52 156 
37 111 
91 273 
49 147 
27 81 
115 345 
53 159 
46 138 
35 105 
88 264 
79 237 
96 288 
108 324 
81 243 
57 171 
84 252 
58 174 
2 6 
65 195 
98 294 
12 36 
106 318 
32 96 
62 186 
6 18 
93 279 
67 201 
113 339 
40 120 
78 234 
1 3 
4 12 
56 168 
7 21 
3 9 
77 231 
45 135 
15 45 
14 42 
61 183 
8 24 
41 123 
24 72 
42 126 
105 315 
9 27 
100 300 
54 162 
11 33 
109 327 
23 69 
94 282 
28 84 
59 177 
86 258 
31 93 
5 15 
83 249 
111 333 
73 219 
17 51 
90 270 
97 291 
69 207 
18 54 
63 189 
95 285 
110 330 
47 141 
72 216 
10 30 
89 267 
76 228 
107 321 
92 276 
13 39 
44 132 
25 75 
30 90 
82 246 
22 66 
117 351 
34 102 
103 309 
36 108 
16 48 
68 204 
74 222 
101 303 
64 192 
21 63 
19 57 
87 261 
116 348 
48 144 
66 198 
20 60 
55 165 
102 306 
50 150 
71 213 
43 129 
33 99 
29 87 
39 117 
