148 888
62 186 
104 312 
8 24 
83 249 
46 138 
125 375 
44 132 
56 168 
38 114 
146 438 
132 396 
70 210 
24 72 
4 12 
35 105 
9 27 
68 204 
1 3 
42 126 
50 150 
112 336 
40 120 
23 69 
116 348 
95 285 
34 102 
61 183 
37 111 
130 390 
123 369 
148 444 
127 381 
45 135 
11 33 
51 153 
113 339 
85 255 
43 129 
84 252 
79 237 
142 426 
52 156 
143 429 
5 15 
114 342 
90 270 
72 216 
144 432 
119 357 
88 264 
93 279 
105 315 
10 30 
118 354 
137 411 
133 399 
75 225 
14 42 
107 321 
103 309 
122 366 
20 60 
141 423 
28 84 
81 243 
59 177 
18 54 
74 222 
55 165 
19 57 
134 402 
66 198 
87 261 
30 90 
91 273 
17 51 
15 45 
76 228 
120 360 
31 93 
82 246 
3 9 
145 435 
100 300 
57 171 
67 201 
6 18 
41 123 
121 363 
110 330 
77 231 
128 384 
39 117 
48 144 
94 282 
115 345 
7 21 
129 387 
58 174 
32 96 
12 36 
26 78 
106 318 
101 303 
78 234 
138 414 
2 6 
25 75 
108 324 
69 207 
33 99 
47 141 
53 159 
86 258 
36 108 
13 39 
22 66 
147 441 
73 219 
63 189 
102 306 
65 195 
49 147 
16 48 
71 213 
109 327 
64 192 
131 393 
92 276 
139 417 
27 81 
111 333 
136 408 
98 294 
97 291 
89 267 
96 288 
124 372 
140 420 
80 240 
126 378 
135 405 
60 180 
117 351 
54 162 
99 297 
21 63 
29 87 
