162 972
38 114 
62 186 
54 162 
115 345 
65 195 
135 405 
83 249 
68 204 
36 108 
92 276 
149 447 
8 24 
134 402 
158 474 
95 285 
122 366 
34 102 
3 9 
91 273 
104 312 
1 3 
35 105 
138 414 
99 297 
64 192 
85 255 
160 480 
82 246 
111 333 
86 258 
72 216 
14 42 
106 318 
108 324 
131 393 
105 315 
41 123 
26 78 
110 330 
119 357 
145 435 
9 27 
63 189 
6 18 
101 303 
109 327 
103 309 
74 222 
31 93 
139 417 
55 165 
37 111 
19 57 
88 264 
49 147 
123 369 
27 81 
57 171 
79 237 
93 279 
102 306 
47 141 
124 372 
118 354 
21 63 
142 426 
46 138 
96 288 
113 339 
125 375 
76 228 
13 39 
43 129 
87 261 
48 144 
156 468 
84 252 
94 282 
50 150 
23 69 
89 267 
60 180 
29 87 
128 384 
114 342 
121 363 
147 441 
154 462 
30 90 
2 6 
15 45 
137 411 
44 132 
69 207 
161 483 
25 75 
80 240 
151 453 
18 54 
153 459 
144 432 
4 12 
140 420 
141 423 
77 231 
73 219 
130 390 
40 120 
52 156 
39 117 
90 270 
97 291 
150 450 
22 66 
45 135 
16 48 
129 387 
42 126 
58 174 
133 399 
71 213 
17 51 
7 21 
127 381 
61 183 
56 168 
100 300 
152 456 
159 477 
143 429 
11 33 
59 177 
157 471 
155 465 
51 153 
136 408 
20 60 
78 234 
117 351 
146 438 
66 198 
107 321 
126 378 
162 486 
120 360 
28 84 
70 210 
112 336 
32 96 
116 348 
24 72 
98 294 
5 15 
81 243 
53 159 
67 201 
33 99 
12 36 
75 225 
10 30 
148 444 
132 396 
