180 1080
172 516 
126 378 
37 111 
85 255 
144 432 
34 102 
25 75 
151 453 
57 171 
19 57 
103 309 
166 498 
13 39 
22 66 
127 381 
124 372 
51 153 
46 138 
133 399 
88 264 
141 423 
44 132 
50 150 
70 210 
155 465 
64 192 
30 90 
102 306 
113 339 
119 357 
176 528 
26 78 
131 393 
36 108 
83 249 
47 141 
156 468 
159 477 
80 240 
82 246 
128 384 
43 129 
122 366 
138 414 
180 540 
15 45 
4 12 
58 174 
73 219 
100 300 
42 126 
137 411 
115 345 
111 333 
20 60 
106 318 
60 180 
33 99 
134 402 
132 396 
170 510 
16 48 
169 507 
153 459 
154 462 
97 291 
99 297 
59 177 
164 492 
163 489 
96 288 
173 519 
158 474 
112 336 
53 159 
68 204 
90 270 
52 156 
7 21 
108 324 
93 279 
179 537 
77 231 
67 201 
72 216 
17 51 
32 96 
148 444 
3 9 
45 135 
123 369 
63 189 
18 54 
160 480 
142 426 
24 72 
125 375 
56 168 
6 18 
109 327 
104 312 
9 27 
27 81 
92 276 
86 258 
116 348 
117 351 
174 522 
31 93 
98 294 
147 441 
118 354 
81 243 
175 525 
1 3 
121 363 
135 405 
110 330 
5 15 
168 504 
66 198 
136 408 
84 252 
28 84 
78 234 
178 534 
89 267 
61 183 
150 450 
167 501 
114 342 
2 6 
79 237 
177 531 
149 447 
139 417 
23 69 
105 315 
91 273 
71 213 
29 87 
76 228 
107 321 
129 387 
69 207 
120 360 
55 165 
11 33 
54 162 
12 36 
62 186 
146 438 
14 42 
94 282 
165 495 
143 429 
157 471 
95 285 
145 435 
152 456 
21 63 
65 195 
35 105 
38 114 
75 225 
10 30 
40 120 
162 486 
101 303 
48 144 
140 420 
74 222 
41 123 
161 483 
49 147 
87 261 
130 390 
39 117 
8 24 
171 513 
