102 612
6 18 
63 189 
41 123 
88 264 
18 54 
74 222 
9 27 
8 24 
50 150 
14 42 
26 78 
62 186 
49 147 
7 21 
60 180 
2 6 
90 270 
36 108 
78 234 
19 57 
27 81 
11 33 
64 192 
22 66 
56 168 
20 60 
30 90 
35 105 
17 51 
69 207 
101 303 
91 273 
55 165 
61 183 
85 255 
73 219 
13 39 
48 144 
52 156 
66 198 
98 294 
5 15 
76 228 
23 69 
42 126 
40 120 
77 231 
96 288 
81 243 
86 258 
25 75 
84 252 
72 216 
54 162 
32 96 
53 159 
71 213 
57 171 
59 177 
70 210 
46 138 
47 141 
4 12 
83 249 
21 63 
39 117 
75 225 
58 174 
67 201 
93 279 
16 48 
65 195 
51 153 
94 282 
99 297 
10 30 
89 267 
82 246 
43 129 
44 132 
1 3 
80 240 
29 87 
95 285 
97 291 
28 84 
79 237 
12 36 
68 204 
37 111 
34 102 
102 306 
87 261 
15 45 
31 93 
92 276 
24 72 
100 300 
45 135 
3 9 
38 114 
33 99 
