86 516
40 120 
80 240 
17 51 
83 249 
1 3 
10 30 
32 96 
58 174 
19 57 
39 117 
51 153 
9 27 
75 225 
62 186 
22 66 
69 207 
7 21 
85 255 
21 63 
6 18 
67 201 
59 177 
77 231 
28 84 
31 93 
20 60 
53 159 
37 111 
52 156 
70 210 
34 102 
47 141 
71 213 
46 138 
56 168 
68 204 
4 12 
73 219 
27 81 
29 87 
61 183 
16 48 
60 180 
18 54 
64 192 
44 132 
79 237 
42 126 
5 15 
23 69 
41 123 
8 24 
55 165 
38 114 
33 99 
2 6 
48 144 
84 252 
30 90 
43 129 
72 216 
76 228 
15 45 
63 189 
13 39 
24 72 
57 171 
81 243 
66 198 
25 75 
26 78 
82 246 
74 222 
49 147 
54 162 
11 33 
45 135 
12 36 
3 9 
50 150 
86 258 
36 108 
35 105 
14 42 
78 234 
65 195 
