181 1086
171 513 
88 264 
23 69 
81 243 
177 531 
115 345 
2 6 
80 240 
28 84 
83 249 
112 336 
78 234 
62 186 
18 54 
133 399 
87 261 
40 120 
137 411 
126 378 
165 495 
155 465 
34 102 
128 384 
53 159 
64 192 
101 303 
118 354 
148 444 
74 222 
158 474 
167 501 
134 402 
29 87 
144 432 
105 315 
17 51 
63 189 
1 3 
103 309 
96 288 
58 174 
86 258 
25 75 
153 459 
109 327 
157 471 
43 129 
36 108 
130 390 
84 252 
9 27 
55 165 
124 372 
161 483 
140 420 
162 486 
12 36 
95 285 
48 144 
146 438 
76 228 
49 147 
143 429 
120 360 
42 126 
66 198 
39 117 
77 231 
152 456 
60 180 
44 132 
150 450 
47 141 
67 201 
104 312 
68 204 
50 150 
79 237 
97 291 
107 321 
122 366 
154 462 
151 453 
27 81 
13 39 
180 540 
166 498 
31 93 
131 393 
69 207 
8 24 
59 177 
33 99 
132 396 
89 267 
172 516 
123 369 
85 255 
92 276 
181 543 
56 168 
159 477 
91 273 
51 153 
4 12 
11 33 
114 342 
135 405 
110 330 
70 210 
15 45 
127 381 
19 57 
37 111 
164 492 
93 279 
54 162 
119 357 
174 522 
7 21 
21 63 
99 297 
20 60 
106 318 
73 219 
168 504 
16 48 
26 78 
170 510 
46 138 
129 387 
169 507 
147 441 
178 534 
139 417 
142 426 
94 282 
30 90 
24 72 
71 213 
38 114 
22 66 
98 294 
75 225 
160 480 
3 9 
35 105 
5 15 
163 489 
100 300 
52 156 
111 333 
57 171 
102 306 
121 363 
141 423 
82 246 
32 96 
72 216 
14 42 
145 435 
116 348 
156 468 
90 270 
10 30 
113 339 
136 408 
41 123 
61 183 
45 135 
65 195 
108 324 
176 528 
125 375 
6 18 
117 351 
179 537 
138 414 
173 519 
175 525 
149 447 
