138 828
38 114 
121 363 
53 159 
42 126 
60 180 
74 222 
113 339 
100 300 
77 231 
46 138 
35 105 
44 132 
119 357 
12 36 
95 285 
118 354 
5 15 
19 57 
69 207 
129 387 
83 249 
29 87 
37 111 
51 153 
99 297 
36 108 
2 6 
58 174 
49 147 
15 45 
26 78 
116 348 
67 201 
62 186 
66 198 
18 54 
56 168 
127 381 
136 408 
103 309 
61 183 
13 39 
6 18 
109 327 
87 261 
8 24 
108 324 
102 306 
125 375 
23 69 
73 219 
133 399 
131 393 
50 150 
71 213 
124 372 
88 264 
126 378 
41 123 
54 162 
110 330 
43 129 
86 258 
101 303 
81 243 
128 384 
120 360 
134 402 
64 192 
3 9 
94 282 
25 75 
104 312 
7 21 
28 84 
1 3 
55 165 
57 171 
79 237 
75 225 
96 288 
16 48 
78 234 
52 156 
30 90 
59 177 
105 315 
63 189 
97 291 
115 345 
4 12 
107 321 
130 390 
82 246 
132 396 
20 60 
138 414 
24 72 
135 405 
9 27 
45 135 
89 267 
65 195 
68 204 
70 210 
47 141 
112 336 
21 63 
92 276 
122 366 
137 411 
93 279 
111 333 
33 99 
114 342 
32 96 
40 120 
11 33 
14 42 
76 228 
80 240 
84 252 
123 369 
91 273 
10 30 
98 294 
34 102 
17 51 
39 117 
85 255 
27 81 
106 318 
117 351 
31 93 
22 66 
90 270 
48 144 
72 216 
