178 1068
44 132 
160 480 
81 243 
150 450 
82 246 
97 291 
112 336 
55 165 
145 435 
41 123 
139 417 
63 189 
78 234 
131 393 
52 156 
143 429 
114 342 
5 15 
26 78 
116 348 
110 330 
98 294 
36 108 
90 270 
88 264 
149 447 
133 399 
118 354 
3 9 
136 408 
43 129 
171 513 
161 483 
32 96 
91 273 
95 285 
100 300 
72 216 
61 183 
147 441 
29 87 
40 120 
11 33 
152 456 
12 36 
156 468 
172 516 
166 498 
56 168 
53 159 
125 375 
23 69 
65 195 
109 327 
141 423 
20 60 
93 279 
132 396 
128 384 
164 492 
137 411 
71 213 
135 405 
121 363 
101 303 
45 135 
68 204 
124 372 
87 261 
48 144 
127 381 
84 252 
77 231 
22 66 
174 522 
96 288 
129 387 
123 369 
144 432 
119 357 
165 495 
107 321 
169 507 
120 360 
86 258 
6 18 
111 333 
126 378 
168 504 
115 345 
49 147 
46 138 
4 12 
176 528 
99 297 
117 351 
158 474 
138 414 
75 225 
177 531 
163 489 
103 309 
94 282 
130 390 
148 444 
134 402 
9 27 
62 186 
153 459 
73 219 
146 438 
15 45 
83 249 
104 312 
18 54 
50 150 
70 210 
80 240 
155 465 
60 180 
27 81 
2 6 
64 192 
42 126 
162 486 
154 462 
105 315 
30 90 
16 48 
79 237 
54 162 
122 366 
47 141 
58 174 
159 477 
10 30 
108 324 
151 453 
106 318 
69 207 
157 471 
17 51 
39 117 
170 510 
140 420 
34 102 
92 276 
28 84 
33 99 
38 114 
14 42 
142 426 
57 171 
102 306 
89 267 
175 525 
74 222 
31 93 
173 519 
7 21 
13 39 
25 75 
37 111 
67 201 
59 177 
167 501 
66 198 
76 228 
178 534 
51 153 
113 339 
19 57 
8 24 
85 255 
21 63 
1 3 
24 72 
35 105 
