113 678
40 120 
101 303 
55 165 
69 207 
44 132 
1 3 
94 282 
86 258 
92 276 
90 270 
65 195 
109 327 
85 255 
100 300 
25 75 
83 249 
59 177 
103 309 
16 48 
3 9 
22 66 
29 87 
81 243 
50 150 
97 291 
105 315 
24 72 
95 285 
42 126 
82 246 
63 189 
57 171 
51 153 
89 267 
80 240 
20 60 
67 201 
54 162 
74 222 
7 21 
104 312 
96 288 
73 219 
58 174 
91 273 
35 105 
78 234 
41 123 
108 324 
10 30 
17 51 
36 108 
106 318 
2 6 
61 183 
77 231 
46 138 
56 168 
72 216 
52 156 
111 333 
43 129 
12 36 
31 93 
99 297 
88 264 
62 186 
93 279 
15 45 
45 135 
102 306 
70 210 
39 117 
21 63 
49 147 
66 198 
28 84 
27 81 
112 336 
6 18 
75 225 
11 33 
19 57 
98 294 
9 27 
18 54 
33 99 
84 252 
113 339 
8 24 
76 228 
37 111 
14 42 
71 213 
26 78 
13 39 
60 180 
79 237 
38 114 
4 12 
87 261 
107 321 
23 69 
110 330 
64 192 
32 96 
53 159 
34 102 
47 141 
68 204 
30 90 
5 15 
48 144 
