196 1176
2 6 
70 210 
87 261 
108 324 
152 456 
48 144 
26 78 
62 186 
109 327 
193 579 
17 51 
140 420 
134 402 
76 228 
82 246 
139 417 
88 264 
54 162 
188 564 
114 342 
34 102 
68 204 
83 249 
115 345 
104 312 
40 120 
57 171 
64 192 
186 558 
78 234 
142 426 
11 33 
189 567 
86 258 
9 27 
44 132 
8 24 
58 174 
15 45 
49 147 
28 84 
190 570 
45 135 
90 270 
81 243 
43 129 
125 375 
46 138 
52 156 
92 276 
184 552 
180 540 
170 510 
148 444 
66 198 
16 48 
126 378 
163 489 
14 42 
118 354 
6 18 
147 441 
98 294 
156 468 
159 477 
127 381 
67 201 
194 582 
101 303 
19 57 
174 522 
32 96 
91 273 
47 141 
7 21 
24 72 
157 471 
178 534 
77 231 
161 483 
103 309 
23 69 
42 126 
145 435 
4 12 
59 177 
96 288 
141 423 
36 108 
21 63 
55 165 
171 513 
107 321 
111 333 
117 351 
35 105 
124 372 
71 213 
41 123 
121 363 
162 486 
177 531 
94 282 
13 39 
172 516 
79 237 
33 99 
75 225 
176 528 
128 384 
22 66 
164 492 
18 54 
12 36 
135 405 
196 588 
187 561 
80 240 
123 369 
5 15 
133 399 
160 480 
61 183 
95 285 
27 81 
72 216 
69 207 
151 453 
84 252 
192 576 
56 168 
195 585 
106 318 
179 537 
119 357 
3 9 
65 195 
155 465 
167 501 
143 429 
130 390 
165 495 
1 3 
112 336 
146 438 
181 543 
60 180 
93 279 
182 546 
113 339 
175 525 
97 291 
144 432 
137 411 
158 474 
110 330 
183 549 
150 450 
38 114 
122 366 
73 219 
51 153 
20 60 
191 573 
31 93 
129 387 
39 117 
169 507 
25 75 
149 447 
89 267 
185 555 
153 459 
74 222 
100 300 
168 504 
105 315 
173 519 
102 306 
166 498 
29 87 
132 396 
116 348 
53 159 
99 297 
30 90 
10 30 
85 255 
136 408 
37 111 
50 150 
154 462 
63 189 
138 414 
131 393 
120 360 
