167 1002
5 15 
70 210 
101 303 
146 438 
63 189 
73 219 
118 354 
34 102 
145 435 
91 273 
148 444 
90 270 
43 129 
152 456 
138 414 
41 123 
122 366 
104 312 
25 75 
8 24 
131 393 
12 36 
83 249 
46 138 
42 126 
144 432 
149 447 
96 288 
165 495 
88 264 
56 168 
45 135 
11 33 
21 63 
82 246 
167 501 
106 318 
28 84 
141 423 
81 243 
50 150 
159 477 
67 201 
14 42 
127 381 
7 21 
30 90 
22 66 
80 240 
125 375 
86 258 
119 357 
36 108 
9 27 
39 117 
137 411 
4 12 
47 141 
126 378 
17 51 
27 81 
37 111 
155 465 
142 426 
71 213 
75 225 
130 390 
132 396 
52 156 
58 174 
16 48 
53 159 
94 282 
117 351 
121 363 
160 480 
156 468 
115 345 
78 234 
110 330 
100 300 
129 387 
64 192 
139 417 
29 87 
151 453 
33 99 
124 372 
134 402 
108 324 
93 279 
162 486 
158 474 
120 360 
49 147 
59 177 
51 153 
123 369 
111 333 
103 309 
44 132 
54 162 
135 405 
99 297 
19 57 
109 327 
102 306 
87 261 
35 105 
128 384 
62 186 
38 114 
24 72 
60 180 
77 231 
55 165 
31 93 
133 399 
79 237 
10 30 
48 144 
157 471 
112 336 
72 216 
97 291 
98 294 
107 321 
6 18 
84 252 
23 69 
116 348 
114 342 
65 195 
154 462 
92 276 
40 120 
95 285 
76 228 
74 222 
61 183 
105 315 
1 3 
32 96 
20 60 
69 207 
161 483 
15 45 
166 498 
89 267 
13 39 
140 420 
164 492 
153 459 
113 339 
163 489 
68 204 
136 408 
2 6 
26 78 
85 255 
18 54 
3 9 
57 171 
147 441 
150 450 
66 198 
143 429 
