188 1128
165 495 
142 426 
73 219 
56 168 
58 174 
154 462 
118 354 
53 159 
74 222 
12 36 
78 234 
61 183 
45 135 
98 294 
129 387 
80 240 
111 333 
114 342 
175 525 
104 312 
146 438 
128 384 
185 555 
150 450 
10 30 
101 303 
44 132 
47 141 
130 390 
52 156 
180 540 
106 318 
94 282 
121 363 
162 486 
17 51 
64 192 
75 225 
156 468 
92 276 
33 99 
1 3 
27 81 
65 195 
135 405 
46 138 
38 114 
134 402 
100 300 
29 87 
124 372 
19 57 
32 96 
49 147 
167 501 
115 345 
30 90 
8 24 
127 381 
34 102 
37 111 
174 522 
188 564 
67 201 
107 321 
60 180 
23 69 
71 213 
147 441 
136 408 
110 330 
25 75 
84 252 
151 453 
18 54 
123 369 
40 120 
59 177 
85 255 
181 543 
159 477 
16 48 
48 144 
22 66 
11 33 
119 357 
97 291 
28 84 
145 435 
108 324 
149 447 
69 207 
26 78 
153 459 
103 309 
152 456 
126 378 
57 171 
109 327 
117 351 
96 288 
95 285 
99 297 
70 210 
82 246 
133 399 
177 531 
88 264 
5 15 
161 483 
62 186 
179 537 
170 510 
42 126 
2 6 
66 198 
158 474 
120 360 
6 18 
76 228 
72 216 
157 471 
171 513 
35 105 
125 375 
166 498 
63 189 
89 267 
160 480 
178 534 
15 45 
77 231 
176 528 
68 204 
24 72 
140 420 
4 12 
122 366 
86 258 
105 315 
87 261 
36 108 
137 411 
132 396 
51 153 
172 516 
155 465 
182 546 
164 492 
93 279 
3 9 
173 519 
131 393 
143 429 
113 339 
43 129 
116 348 
138 414 
144 432 
54 162 
169 507 
183 549 
13 39 
39 117 
168 504 
7 21 
55 165 
14 42 
139 417 
83 249 
81 243 
141 423 
20 60 
21 63 
112 336 
79 237 
148 444 
41 123 
9 27 
184 552 
102 306 
90 270 
91 273 
163 489 
31 93 
50 150 
187 561 
186 558 
