200 1200
136 408 
76 228 
112 336 
128 384 
25 75 
144 432 
169 507 
170 510 
106 318 
145 435 
20 60 
1 3 
56 168 
89 267 
115 345 
37 111 
167 501 
74 222 
117 351 
97 291 
45 135 
142 426 
121 363 
23 69 
120 360 
27 81 
132 396 
39 117 
32 96 
133 399 
22 66 
24 72 
125 375 
141 423 
185 555 
57 171 
28 84 
26 78 
51 153 
36 108 
191 573 
168 504 
114 342 
131 393 
177 531 
156 468 
81 243 
59 177 
35 105 
149 447 
148 444 
172 516 
189 567 
147 441 
66 198 
79 237 
63 189 
165 495 
30 90 
16 48 
65 195 
193 579 
180 540 
54 162 
96 288 
82 246 
123 369 
2 6 
69 207 
162 486 
151 453 
194 582 
135 405 
13 39 
40 120 
38 114 
150 450 
187 561 
129 387 
80 240 
174 522 
186 558 
21 63 
3 9 
73 219 
61 183 
192 576 
130 390 
53 159 
47 141 
29 87 
5 15 
119 357 
77 231 
87 261 
49 147 
43 129 
9 27 
55 165 
107 321 
178 534 
98 294 
199 597 
11 33 
95 285 
140 420 
146 438 
181 543 
68 204 
52 156 
72 216 
137 411 
7 21 
113 339 
153 459 
41 123 
166 498 
163 489 
33 99 
188 564 
126 378 
152 456 
122 366 
182 546 
70 210 
139 417 
200 600 
71 213 
34 102 
94 282 
160 480 
15 45 
48 144 
83 249 
85 255 
105 315 
104 312 
19 57 
86 258 
127 381 
118 354 
171 513 
196 588 
99 297 
124 372 
93 279 
155 465 
103 309 
159 477 
175 525 
195 585 
92 276 
90 270 
143 429 
4 12 
116 348 
46 138 
44 132 
134 402 
173 519 
110 330 
67 201 
101 303 
158 474 
111 333 
184 552 
164 492 
154 462 
75 225 
58 174 
14 42 
190 570 
88 264 
138 414 
10 30 
157 471 
161 483 
17 51 
8 24 
6 18 
109 327 
197 591 
50 150 
62 186 
60 180 
176 528 
64 192 
100 300 
12 36 
84 252 
18 54 
179 537 
198 594 
108 324 
42 126 
102 306 
78 234 
31 93 
91 273 
183 549 
