112 672
66 198 
3 9 
10 30 
22 66 
7 21 
97 291 
91 273 
83 249 
110 330 
29 87 
88 264 
106 318 
101 303 
74 222 
32 96 
71 213 
47 141 
68 204 
2 6 
1 3 
50 150 
93 279 
54 162 
77 231 
85 255 
90 270 
99 297 
33 99 
64 192 
39 117 
98 294 
49 147 
9 27 
55 165 
95 285 
21 63 
51 153 
67 201 
15 45 
37 111 
13 39 
41 123 
59 177 
87 261 
6 18 
11 33 
43 129 
96 288 
84 252 
52 156 
72 216 
5 15 
75 225 
70 210 
65 195 
40 120 
48 144 
79 237 
103 309 
18 54 
31 93 
8 24 
26 78 
100 300 
44 132 
76 228 
57 171 
80 240 
92 276 
23 69 
86 258 
45 135 
30 90 
35 105 
60 180 
20 60 
24 72 
19 57 
105 315 
82 246 
46 138 
36 108 
112 336 
56 168 
107 321 
63 189 
94 282 
78 234 
27 81 
109 327 
89 267 
53 159 
38 114 
108 324 
34 102 
104 312 
81 243 
69 207 
73 219 
4 12 
61 183 
25 75 
111 333 
28 84 
16 48 
14 42 
102 306 
62 186 
12 36 
17 51 
58 174 
42 126 
