118 708
4 12 
80 240 
31 93 
12 36 
17 51 
8 24 
100 300 
39 117 
61 183 
87 261 
74 222 
13 39 
23 69 
54 162 
85 255 
55 165 
37 111 
5 15 
27 81 
43 129 
79 237 
97 291 
19 57 
92 276 
110 330 
52 156 
47 141 
105 315 
111 333 
11 33 
65 195 
84 252 
9 27 
98 294 
82 246 
18 54 
48 144 
57 171 
109 327 
50 150 
78 234 
53 159 
67 201 
107 321 
62 186 
42 126 
102 306 
24 72 
29 87 
89 267 
46 138 
116 348 
70 210 
115 345 
25 75 
101 303 
1 3 
68 204 
20 60 
40 120 
64 192 
36 108 
7 21 
81 243 
34 102 
76 228 
32 96 
35 105 
73 219 
83 249 
38 114 
95 285 
2 6 
77 231 
75 225 
44 132 
6 18 
51 153 
16 48 
26 78 
112 336 
94 282 
103 309 
15 45 
69 207 
108 324 
10 30 
63 189 
96 288 
90 270 
49 147 
66 198 
59 177 
93 279 
104 312 
60 180 
28 84 
72 216 
21 63 
58 174 
113 339 
41 123 
106 318 
22 66 
56 168 
88 264 
86 258 
114 342 
71 213 
33 99 
117 351 
14 42 
118 354 
3 9 
91 273 
30 90 
99 297 
45 135 
