127 762
31 93 
77 231 
119 357 
28 84 
35 105 
61 183 
8 24 
74 222 
102 306 
64 192 
33 99 
100 300 
62 186 
94 282 
106 318 
124 372 
12 36 
21 63 
70 210 
3 9 
16 48 
44 132 
111 333 
34 102 
38 114 
2 6 
24 72 
125 375 
80 240 
59 177 
17 51 
58 174 
14 42 
10 30 
49 147 
43 129 
56 168 
123 369 
53 159 
36 108 
11 33 
25 75 
69 207 
85 255 
81 243 
48 144 
78 234 
110 330 
20 60 
98 294 
60 180 
13 39 
127 381 
39 117 
103 309 
7 21 
114 342 
32 96 
4 12 
19 57 
37 111 
40 120 
46 138 
15 45 
5 15 
115 345 
109 327 
22 66 
83 249 
9 27 
89 267 
27 81 
6 18 
76 228 
99 297 
73 219 
55 165 
88 264 
42 126 
92 276 
112 336 
67 201 
122 366 
107 321 
30 90 
72 216 
52 156 
91 273 
105 315 
116 348 
45 135 
126 378 
54 162 
108 324 
93 279 
79 237 
121 363 
97 291 
95 285 
51 153 
18 54 
23 69 
71 213 
47 141 
66 198 
104 312 
26 78 
120 360 
1 3 
117 351 
118 354 
86 258 
90 270 
87 261 
41 123 
84 252 
113 339 
68 204 
101 303 
82 246 
63 189 
29 87 
75 225 
57 171 
65 195 
96 288 
50 150 
