143 858
62 186 
70 210 
130 390 
104 312 
18 54 
8 24 
114 342 
137 411 
80 240 
48 144 
34 102 
69 207 
51 153 
65 195 
32 96 
82 246 
88 264 
132 396 
94 282 
15 45 
23 69 
110 330 
120 360 
24 72 
98 294 
111 333 
127 381 
95 285 
113 339 
101 303 
121 363 
131 393 
30 90 
140 420 
10 30 
45 135 
73 219 
19 57 
3 9 
5 15 
42 126 
74 222 
35 105 
126 378 
102 306 
138 414 
87 261 
63 189 
136 408 
16 48 
89 267 
1 3 
13 39 
55 165 
25 75 
72 216 
97 291 
99 297 
26 78 
44 132 
106 318 
40 120 
20 60 
21 63 
134 402 
49 147 
112 336 
66 198 
139 417 
64 192 
56 168 
68 204 
124 372 
61 183 
52 156 
27 81 
9 27 
58 174 
84 252 
60 180 
133 399 
119 357 
57 171 
115 345 
78 234 
79 237 
47 141 
123 369 
129 387 
54 162 
90 270 
37 111 
31 93 
22 66 
2 6 
28 84 
116 348 
67 201 
76 228 
125 375 
12 36 
128 384 
71 213 
77 231 
46 138 
135 405 
59 177 
100 300 
75 225 
39 117 
14 42 
43 129 
33 99 
91 273 
17 51 
142 426 
93 279 
103 309 
96 288 
109 327 
105 315 
122 366 
11 33 
50 150 
86 258 
107 321 
92 276 
117 351 
41 123 
83 249 
36 108 
118 354 
7 21 
6 18 
4 12 
85 255 
81 243 
143 429 
141 423 
53 159 
29 87 
108 324 
38 114 
