176 1056
64 192 
141 423 
29 87 
161 483 
43 129 
37 111 
131 393 
134 402 
87 261 
125 375 
4 12 
120 360 
137 411 
119 357 
136 408 
99 297 
51 153 
7 21 
160 480 
159 477 
173 519 
56 168 
61 183 
148 444 
144 432 
122 366 
33 99 
123 369 
172 516 
169 507 
69 207 
115 345 
170 510 
121 363 
52 156 
102 306 
101 303 
156 468 
117 351 
25 75 
112 336 
50 150 
6 18 
127 381 
105 315 
8 24 
9 27 
90 270 
143 429 
106 318 
174 522 
81 243 
171 513 
39 117 
158 474 
145 435 
114 342 
84 252 
76 228 
132 396 
154 462 
17 51 
162 486 
47 141 
67 201 
54 162 
35 105 
152 456 
85 255 
68 204 
45 135 
108 324 
42 126 
12 36 
95 285 
113 339 
128 384 
86 258 
93 279 
30 90 
140 420 
58 174 
133 399 
103 309 
146 438 
71 213 
118 354 
41 123 
96 288 
59 177 
94 282 
109 327 
36 108 
83 249 
80 240 
74 222 
138 414 
167 501 
147 441 
104 312 
116 348 
66 198 
73 219 
124 372 
70 210 
20 60 
164 492 
53 159 
62 186 
78 234 
75 225 
72 216 
176 528 
60 180 
97 291 
166 498 
21 63 
126 378 
165 495 
135 405 
139 417 
91 273 
31 93 
27 81 
24 72 
5 15 
149 447 
10 30 
44 132 
142 426 
13 39 
168 504 
65 195 
82 246 
46 138 
18 54 
15 45 
1 3 
98 294 
23 69 
129 387 
48 144 
155 465 
89 267 
32 96 
49 147 
153 459 
3 9 
111 333 
110 330 
151 453 
157 471 
77 231 
63 189 
175 525 
2 6 
28 84 
38 114 
100 300 
92 276 
88 264 
130 390 
163 489 
150 450 
14 42 
40 120 
57 171 
79 237 
11 33 
22 66 
26 78 
34 102 
19 57 
16 48 
107 321 
55 165 
