166 996
24 72 
127 381 
126 378 
15 45 
57 171 
40 120 
12 36 
62 186 
69 207 
166 498 
137 411 
116 348 
104 312 
154 462 
93 279 
75 225 
1 3 
19 57 
16 48 
152 456 
20 60 
111 333 
160 480 
133 399 
4 12 
134 402 
34 102 
161 483 
49 147 
64 192 
118 354 
53 159 
95 285 
63 189 
77 231 
108 324 
14 42 
35 105 
149 447 
136 408 
33 99 
51 153 
109 327 
76 228 
50 150 
45 135 
120 360 
157 471 
140 420 
5 15 
32 96 
73 219 
146 438 
99 297 
122 366 
2 6 
46 138 
123 369 
100 300 
36 108 
55 165 
25 75 
13 39 
117 351 
38 114 
110 330 
68 204 
101 303 
44 132 
39 117 
78 234 
135 405 
10 30 
113 339 
165 495 
83 249 
97 291 
151 453 
92 276 
23 69 
145 435 
26 78 
47 141 
132 396 
27 81 
115 345 
31 93 
71 213 
85 255 
58 174 
56 168 
87 261 
114 342 
3 9 
124 372 
128 384 
103 309 
84 252 
138 414 
81 243 
67 201 
9 27 
79 237 
88 264 
41 123 
150 450 
147 441 
7 21 
153 459 
142 426 
121 363 
28 84 
89 267 
80 240 
119 357 
105 315 
141 423 
66 198 
48 144 
70 210 
52 156 
72 216 
29 87 
18 54 
82 246 
143 429 
164 492 
163 489 
59 177 
60 180 
54 162 
130 390 
74 222 
139 417 
162 486 
43 129 
106 318 
125 375 
156 468 
112 336 
102 306 
129 387 
30 90 
107 321 
155 465 
86 258 
6 18 
98 294 
22 66 
61 183 
131 393 
94 282 
17 51 
144 432 
11 33 
37 111 
159 477 
158 474 
65 195 
90 270 
96 288 
148 444 
42 126 
8 24 
91 273 
21 63 
