172 1032
52 156 
138 414 
113 339 
104 312 
141 423 
43 129 
151 453 
59 177 
76 228 
116 348 
131 393 
70 210 
135 405 
26 78 
48 144 
69 207 
168 504 
152 456 
64 192 
63 189 
56 168 
91 273 
169 507 
129 387 
114 342 
9 27 
94 282 
41 123 
83 249 
21 63 
84 252 
67 201 
51 153 
24 72 
30 90 
90 270 
126 378 
61 183 
142 426 
159 477 
31 93 
27 81 
166 498 
162 486 
47 141 
148 444 
2 6 
72 216 
122 366 
29 87 
95 285 
77 231 
125 375 
115 345 
119 357 
117 351 
54 162 
171 513 
6 18 
1 3 
62 186 
124 372 
73 219 
66 198 
28 84 
49 147 
22 66 
99 297 
71 213 
97 291 
170 510 
78 234 
33 99 
110 330 
172 516 
80 240 
7 21 
109 327 
112 336 
165 495 
20 60 
145 435 
132 396 
149 447 
89 267 
53 159 
103 309 
5 15 
120 360 
3 9 
36 108 
133 399 
163 489 
158 474 
42 126 
146 438 
108 324 
102 306 
17 51 
39 117 
34 102 
107 321 
155 465 
128 384 
134 402 
153 459 
143 429 
14 42 
98 294 
154 462 
96 288 
40 120 
137 411 
93 279 
156 468 
140 420 
118 354 
58 174 
25 75 
44 132 
164 492 
157 471 
57 171 
100 300 
18 54 
130 390 
15 45 
111 333 
23 69 
121 363 
92 276 
13 39 
136 408 
79 237 
127 381 
144 432 
139 417 
38 114 
11 33 
160 480 
8 24 
105 315 
101 303 
85 255 
65 195 
37 111 
12 36 
167 501 
106 318 
74 222 
123 369 
45 135 
87 261 
10 30 
35 105 
16 48 
50 150 
161 483 
82 246 
150 450 
75 225 
60 180 
32 96 
4 12 
68 204 
55 165 
81 243 
88 264 
46 138 
147 441 
86 258 
19 57 
