137 822
75 225 
24 72 
35 105 
48 144 
85 255 
65 195 
67 201 
45 135 
19 57 
4 12 
23 69 
33 99 
66 198 
102 306 
49 147 
114 342 
137 411 
27 81 
112 336 
22 66 
91 273 
90 270 
81 243 
96 288 
134 402 
58 174 
16 48 
88 264 
32 96 
53 159 
37 111 
122 366 
129 387 
100 300 
77 231 
2 6 
28 84 
7 21 
124 372 
64 192 
83 249 
104 312 
99 297 
116 348 
26 78 
43 129 
72 216 
10 30 
5 15 
89 267 
42 126 
103 309 
126 378 
20 60 
118 354 
11 33 
78 234 
98 294 
109 327 
121 363 
30 90 
57 171 
69 207 
135 405 
18 54 
6 18 
39 117 
120 360 
108 324 
76 228 
87 261 
40 120 
119 357 
36 108 
51 153 
73 219 
44 132 
52 156 
130 390 
111 333 
115 345 
38 114 
31 93 
107 321 
1 3 
21 63 
25 75 
41 123 
106 318 
55 165 
136 408 
93 279 
84 252 
113 339 
94 282 
63 189 
110 330 
47 141 
97 291 
70 210 
80 240 
61 183 
60 180 
15 45 
54 162 
13 39 
105 315 
62 186 
74 222 
71 213 
34 102 
132 396 
29 87 
3 9 
9 27 
56 168 
125 375 
92 276 
95 285 
131 393 
17 51 
79 237 
86 258 
50 150 
46 138 
123 369 
59 177 
8 24 
82 246 
68 204 
12 36 
14 42 
127 381 
117 351 
128 384 
101 303 
133 399 
