98 588
28 84 
50 150 
8 24 
79 237 
46 138 
82 246 
40 120 
25 75 
90 270 
86 258 
20 60 
41 123 
62 186 
52 156 
78 234 
77 231 
53 159 
60 180 
2 6 
54 162 
13 39 
67 201 
17 51 
65 195 
89 267 
95 285 
83 249 
21 63 
30 90 
49 147 
57 171 
58 174 
29 87 
97 291 
72 216 
94 282 
6 18 
98 294 
38 114 
19 57 
73 219 
43 129 
16 48 
76 228 
44 132 
26 78 
96 288 
61 183 
88 264 
9 27 
80 240 
75 225 
81 243 
66 198 
84 252 
32 96 
15 45 
63 189 
91 273 
93 279 
18 54 
22 66 
24 72 
36 108 
3 9 
87 261 
55 165 
23 69 
10 30 
34 102 
47 141 
48 144 
68 204 
5 15 
12 36 
71 213 
51 153 
74 222 
42 126 
1 3 
14 42 
64 192 
33 99 
70 210 
59 177 
7 21 
39 117 
27 81 
11 33 
69 207 
4 12 
45 135 
56 168 
37 111 
31 93 
35 105 
85 255 
92 276 
