159 954
104 312 
87 261 
109 327 
81 243 
11 33 
46 138 
41 123 
18 54 
54 162 
1 3 
124 372 
17 51 
118 354 
49 147 
33 99 
26 78 
121 363 
119 357 
61 183 
39 117 
113 339 
130 390 
10 30 
2 6 
28 84 
58 174 
149 447 
107 321 
133 399 
16 48 
72 216 
15 45 
25 75 
37 111 
35 105 
146 438 
90 270 
55 165 
52 156 
127 381 
84 252 
32 96 
99 297 
71 213 
22 66 
20 60 
111 333 
62 186 
106 318 
129 387 
36 108 
137 411 
139 417 
57 171 
135 405 
65 195 
23 69 
82 246 
73 219 
45 135 
50 150 
77 231 
153 459 
154 462 
151 453 
89 267 
76 228 
159 477 
83 249 
117 351 
116 348 
12 36 
70 210 
144 432 
122 366 
4 12 
105 315 
145 435 
128 384 
27 81 
85 255 
142 426 
42 126 
34 102 
80 240 
3 9 
79 237 
88 264 
59 177 
31 93 
96 288 
7 21 
134 402 
131 393 
94 282 
44 132 
158 474 
66 198 
157 471 
86 258 
68 204 
143 429 
132 396 
69 207 
53 159 
51 153 
138 414 
97 291 
155 465 
6 18 
56 168 
75 225 
101 303 
123 369 
9 27 
63 189 
60 180 
147 441 
136 408 
115 345 
148 444 
120 360 
67 201 
98 294 
114 342 
112 336 
5 15 
43 129 
93 279 
48 144 
14 42 
91 273 
95 285 
30 90 
19 57 
140 420 
74 222 
108 324 
125 375 
38 114 
110 330 
8 24 
40 120 
102 306 
141 423 
21 63 
92 276 
100 300 
78 234 
64 192 
103 309 
152 456 
150 450 
47 141 
126 378 
156 468 
24 72 
29 87 
13 39 
