132 792
105 315 
104 312 
131 393 
40 120 
75 225 
94 282 
3 9 
87 261 
11 33 
46 138 
29 87 
64 192 
59 177 
106 318 
109 327 
26 78 
60 180 
8 24 
36 108 
63 189 
80 240 
6 18 
33 99 
39 117 
51 153 
25 75 
98 294 
86 258 
83 249 
58 174 
125 375 
37 111 
72 216 
129 387 
12 36 
66 198 
124 372 
112 336 
91 273 
74 222 
67 201 
23 69 
84 252 
48 144 
100 300 
79 237 
5 15 
76 228 
61 183 
18 54 
42 126 
50 150 
110 330 
62 186 
122 366 
88 264 
4 12 
93 279 
118 354 
95 285 
54 162 
28 84 
7 21 
24 72 
56 168 
32 96 
1 3 
43 129 
16 48 
47 141 
121 363 
117 351 
9 27 
81 243 
114 342 
90 270 
101 303 
70 210 
20 60 
108 324 
71 213 
99 297 
123 369 
119 357 
115 345 
116 348 
45 135 
17 51 
82 246 
34 102 
78 234 
120 360 
53 159 
57 171 
14 42 
49 147 
21 63 
77 231 
92 276 
65 195 
89 267 
111 333 
55 165 
126 378 
31 93 
97 291 
102 306 
22 66 
44 132 
103 309 
15 45 
85 255 
35 105 
68 204 
128 384 
96 288 
73 219 
132 396 
52 156 
2 6 
69 207 
30 90 
10 30 
127 381 
41 123 
113 339 
38 114 
27 81 
130 390 
19 57 
107 321 
13 39 
