193 1158
78 234 
17 51 
181 543 
125 375 
132 396 
39 117 
123 369 
129 387 
163 489 
155 465 
175 525 
118 354 
7 21 
112 336 
70 210 
85 255 
105 315 
120 360 
67 201 
137 411 
96 288 
138 414 
20 60 
144 432 
156 468 
109 327 
54 162 
147 441 
55 165 
60 180 
42 126 
126 378 
2 6 
23 69 
90 270 
186 558 
15 45 
162 486 
167 501 
28 84 
158 474 
192 576 
83 249 
133 399 
104 312 
93 279 
102 306 
66 198 
190 570 
58 174 
29 87 
135 405 
38 114 
171 513 
33 99 
35 105 
159 477 
157 471 
69 207 
57 171 
61 183 
97 291 
86 258 
127 381 
53 159 
1 3 
106 318 
94 282 
50 150 
99 297 
48 144 
111 333 
40 120 
148 444 
110 330 
6 18 
12 36 
113 339 
174 522 
183 549 
164 492 
34 102 
119 357 
173 519 
87 261 
145 435 
19 57 
81 243 
31 93 
72 216 
82 246 
76 228 
108 324 
88 264 
189 567 
11 33 
65 195 
62 186 
128 384 
115 345 
100 300 
146 438 
136 408 
77 231 
84 252 
59 177 
169 507 
30 90 
56 168 
122 366 
71 213 
75 225 
168 504 
92 276 
152 456 
166 498 
142 426 
13 39 
26 78 
74 222 
25 75 
143 429 
179 537 
41 123 
139 417 
49 147 
16 48 
188 564 
14 42 
73 219 
8 24 
185 555 
117 351 
4 12 
80 240 
22 66 
193 579 
151 453 
68 204 
103 309 
161 483 
116 348 
124 372 
44 132 
150 450 
45 135 
95 285 
10 30 
114 342 
149 447 
172 516 
32 96 
165 495 
46 138 
9 27 
178 534 
21 63 
177 531 
176 528 
154 462 
182 546 
36 108 
63 189 
98 294 
52 156 
170 510 
43 129 
27 81 
130 390 
24 72 
37 111 
5 15 
18 54 
47 141 
180 540 
121 363 
134 402 
107 321 
187 561 
141 423 
131 393 
3 9 
184 552 
153 459 
64 192 
89 267 
140 420 
79 237 
91 273 
160 480 
101 303 
51 153 
191 573 
