108 648
86 258 
22 66 
50 150 
29 87 
36 108 
6 18 
60 180 
14 42 
56 168 
79 237 
102 306 
108 324 
27 81 
1 3 
53 159 
10 30 
80 240 
73 219 
59 177 
103 309 
2 6 
107 321 
31 93 
34 102 
13 39 
69 207 
95 285 
15 45 
44 132 
4 12 
52 156 
23 69 
19 57 
63 189 
64 192 
83 249 
90 270 
88 264 
57 171 
38 114 
87 261 
93 279 
94 282 
5 15 
51 153 
12 36 
61 183 
65 195 
98 294 
3 9 
70 210 
75 225 
25 75 
97 291 
74 222 
54 162 
78 234 
16 48 
30 90 
89 267 
91 273 
68 204 
92 276 
11 33 
96 288 
85 255 
77 231 
26 78 
55 165 
81 243 
8 24 
32 96 
21 63 
37 111 
46 138 
76 228 
49 147 
105 315 
24 72 
42 126 
9 27 
101 303 
18 54 
39 117 
43 129 
99 297 
7 21 
17 51 
82 246 
66 198 
41 123 
58 174 
72 216 
45 135 
71 213 
28 84 
47 141 
106 318 
40 120 
104 312 
100 300 
35 105 
48 144 
67 201 
33 99 
62 186 
20 60 
84 252 
