97 582
61 183 
65 195 
83 249 
96 288 
50 150 
9 27 
87 261 
73 219 
24 72 
93 279 
66 198 
68 204 
48 144 
97 291 
39 117 
49 147 
11 33 
37 111 
62 186 
92 276 
1 3 
60 180 
15 45 
75 225 
32 96 
21 63 
69 207 
54 162 
57 171 
44 132 
43 129 
20 60 
18 54 
89 267 
28 84 
41 123 
90 270 
59 177 
25 75 
46 138 
70 210 
7 21 
30 90 
81 243 
42 126 
8 24 
95 285 
35 105 
56 168 
27 81 
6 18 
12 36 
34 102 
88 264 
10 30 
71 213 
31 93 
79 237 
55 165 
47 141 
74 222 
4 12 
72 216 
23 69 
58 174 
29 87 
52 156 
45 135 
63 189 
26 78 
33 99 
94 282 
16 48 
91 273 
86 258 
80 240 
36 108 
51 153 
67 201 
82 246 
53 159 
84 252 
78 234 
77 231 
2 6 
64 192 
17 51 
3 9 
5 15 
22 66 
13 39 
40 120 
38 114 
14 42 
85 255 
19 57 
76 228 
