100 600
77 231 
49 147 
4 12 
98 294 
22 66 
100 300 
47 141 
19 57 
90 270 
63 189 
88 264 
23 69 
12 36 
59 177 
50 150 
99 297 
5 15 
8 24 
67 201 
21 63 
43 129 
80 240 
56 168 
30 90 
2 6 
52 156 
9 27 
14 42 
69 207 
34 102 
32 96 
71 213 
78 234 
64 192 
58 174 
82 246 
41 123 
75 225 
81 243 
74 222 
84 252 
73 219 
70 210 
28 84 
53 159 
26 78 
31 93 
17 51 
27 81 
92 276 
94 282 
54 162 
87 261 
65 195 
42 126 
16 48 
29 87 
60 180 
1 3 
33 99 
10 30 
25 75 
20 60 
95 285 
97 291 
18 54 
48 144 
45 135 
68 204 
72 216 
96 288 
76 228 
38 114 
11 33 
51 153 
40 120 
6 18 
46 138 
15 45 
57 171 
62 186 
61 183 
91 273 
3 9 
35 105 
93 279 
85 255 
7 21 
86 258 
79 237 
83 249 
39 117 
55 165 
36 108 
44 132 
13 39 
66 198 
89 267 
37 111 
24 72 
