142 852
132 396 
18 54 
94 282 
44 132 
57 171 
37 111 
118 354 
92 276 
20 60 
107 321 
36 108 
24 72 
121 363 
27 81 
58 174 
115 345 
35 105 
52 156 
40 120 
41 123 
89 267 
55 165 
96 288 
60 180 
127 381 
25 75 
79 237 
74 222 
77 231 
47 141 
106 318 
137 411 
59 177 
101 303 
16 48 
105 315 
70 210 
38 114 
84 252 
73 219 
1 3 
124 372 
139 417 
43 129 
104 312 
129 387 
50 150 
12 36 
62 186 
134 402 
23 69 
130 390 
140 420 
108 324 
72 216 
117 351 
136 408 
87 261 
93 279 
46 138 
48 144 
21 63 
10 30 
116 348 
66 198 
33 99 
82 246 
31 93 
113 339 
141 423 
78 234 
42 126 
126 378 
109 327 
6 18 
71 213 
120 360 
88 264 
67 201 
22 66 
86 258 
133 399 
14 42 
54 162 
17 51 
103 309 
90 270 
69 207 
13 39 
8 24 
122 366 
68 204 
45 135 
83 249 
125 375 
11 33 
123 369 
119 357 
85 255 
97 291 
110 330 
76 228 
4 12 
51 153 
99 297 
7 21 
2 6 
63 189 
91 273 
28 84 
112 336 
53 159 
3 9 
39 117 
19 57 
102 306 
114 342 
34 102 
131 393 
98 294 
95 285 
75 225 
100 300 
30 90 
32 96 
29 87 
138 414 
56 168 
49 147 
15 45 
128 384 
5 15 
65 195 
26 78 
9 27 
135 405 
142 426 
64 192 
111 333 
61 183 
80 240 
81 243 
