141 846
31 93 
119 357 
61 183 
36 108 
139 417 
21 63 
95 285 
35 105 
87 261 
56 168 
28 84 
25 75 
48 144 
9 27 
103 309 
71 213 
67 201 
52 156 
40 120 
57 171 
16 48 
18 54 
107 321 
135 405 
83 249 
54 162 
127 381 
129 387 
63 189 
53 159 
41 123 
123 369 
111 333 
94 282 
120 360 
7 21 
136 408 
34 102 
69 207 
22 66 
60 180 
98 294 
99 297 
42 126 
128 384 
64 192 
82 246 
130 390 
62 186 
1 3 
100 300 
32 96 
29 87 
55 165 
101 303 
10 30 
138 414 
126 378 
58 174 
78 234 
85 255 
102 306 
20 60 
115 345 
74 222 
70 210 
59 177 
76 228 
73 219 
114 342 
23 69 
122 366 
84 252 
39 117 
109 327 
3 9 
110 330 
131 393 
50 150 
33 99 
17 51 
26 78 
97 291 
4 12 
141 423 
116 348 
79 237 
24 72 
104 312 
91 273 
137 411 
11 33 
77 231 
43 129 
92 276 
45 135 
19 57 
80 240 
113 339 
106 318 
6 18 
86 258 
121 363 
117 351 
132 396 
96 288 
124 372 
72 216 
112 336 
47 141 
14 42 
8 24 
81 243 
65 195 
140 420 
44 132 
93 279 
49 147 
118 354 
134 402 
89 267 
88 264 
46 138 
133 399 
125 375 
68 204 
105 315 
15 45 
51 153 
13 39 
75 225 
27 81 
5 15 
2 6 
38 114 
30 90 
37 111 
90 270 
66 198 
12 36 
108 324 
