123 738
58 174 
56 168 
82 246 
5 15 
52 156 
105 315 
40 120 
116 348 
67 201 
106 318 
88 264 
30 90 
100 300 
55 165 
84 252 
83 249 
64 192 
29 87 
47 141 
45 135 
34 102 
101 303 
6 18 
14 42 
12 36 
3 9 
115 345 
27 81 
46 138 
102 306 
72 216 
23 69 
69 207 
63 189 
66 198 
4 12 
95 285 
38 114 
118 354 
51 153 
70 210 
71 213 
42 126 
80 240 
77 231 
50 150 
76 228 
60 180 
39 117 
22 66 
113 339 
87 261 
15 45 
89 267 
44 132 
120 360 
54 162 
123 369 
90 270 
9 27 
49 147 
96 288 
117 351 
8 24 
33 99 
119 357 
13 39 
93 279 
81 243 
99 297 
7 21 
28 84 
75 225 
18 54 
17 51 
65 195 
19 57 
73 219 
97 291 
37 111 
122 366 
31 93 
86 258 
1 3 
94 282 
25 75 
36 108 
16 48 
32 96 
59 177 
43 129 
103 309 
109 327 
2 6 
11 33 
79 237 
85 255 
98 294 
74 222 
107 321 
20 60 
21 63 
53 159 
10 30 
26 78 
61 183 
110 330 
111 333 
114 342 
78 234 
112 336 
24 72 
62 186 
41 123 
91 273 
68 204 
104 312 
108 324 
57 171 
121 363 
48 144 
35 105 
92 276 
