70 420
8 24 
49 147 
35 105 
24 72 
11 33 
18 54 
32 96 
26 78 
34 102 
70 210 
69 207 
14 42 
58 174 
5 15 
22 66 
44 132 
41 123 
3 9 
2 6 
54 162 
55 165 
17 51 
39 117 
45 135 
25 75 
64 192 
51 153 
52 156 
61 183 
67 201 
27 81 
37 111 
6 18 
19 57 
16 48 
23 69 
13 39 
57 171 
20 60 
4 12 
15 45 
43 129 
53 159 
12 36 
7 21 
59 177 
60 180 
48 144 
63 189 
21 63 
33 99 
42 126 
50 150 
68 204 
1 3 
36 108 
40 120 
10 30 
38 114 
62 186 
9 27 
29 87 
31 93 
28 84 
66 198 
65 195 
30 90 
56 168 
46 138 
47 141 
