173 1038
165 495 
22 66 
6 18 
106 318 
48 144 
16 48 
109 327 
70 210 
120 360 
59 177 
57 171 
132 396 
118 354 
1 3 
153 459 
60 180 
83 249 
23 69 
61 183 
93 279 
64 192 
29 87 
34 102 
148 444 
133 399 
161 483 
25 75 
107 321 
126 378 
92 276 
10 30 
41 123 
108 324 
158 474 
141 423 
145 435 
72 216 
84 252 
52 156 
62 186 
102 306 
58 174 
139 417 
168 504 
46 138 
146 438 
97 291 
149 447 
67 201 
142 426 
124 372 
18 54 
147 441 
99 297 
45 135 
11 33 
65 195 
56 168 
24 72 
44 132 
130 390 
32 96 
40 120 
26 78 
100 300 
173 519 
17 51 
115 345 
135 405 
114 342 
111 333 
167 501 
43 129 
74 222 
2 6 
47 141 
113 339 
143 429 
66 198 
76 228 
134 402 
86 258 
96 288 
68 204 
129 387 
37 111 
7 21 
87 261 
36 108 
117 351 
104 312 
14 42 
8 24 
42 126 
156 468 
38 114 
171 513 
82 246 
89 267 
154 462 
122 366 
121 363 
88 264 
160 480 
5 15 
152 456 
20 60 
4 12 
77 231 
75 225 
110 330 
49 147 
172 516 
35 105 
51 153 
28 84 
27 81 
63 189 
55 165 
127 381 
31 93 
166 498 
105 315 
131 393 
30 90 
98 294 
140 420 
9 27 
170 510 
136 408 
13 39 
125 375 
69 207 
21 63 
81 243 
3 9 
19 57 
163 489 
39 117 
162 486 
138 414 
53 159 
123 369 
73 219 
103 309 
116 348 
12 36 
54 162 
91 273 
95 285 
159 477 
157 471 
112 336 
101 303 
155 465 
50 150 
85 255 
90 270 
80 240 
150 450 
15 45 
94 282 
119 357 
33 99 
71 213 
79 237 
164 492 
151 453 
169 507 
144 432 
78 234 
128 384 
137 411 
