88 528
3 9 
54 162 
8 24 
88 264 
66 198 
1 3 
42 126 
72 216 
46 138 
49 147 
12 36 
76 228 
61 183 
45 135 
18 54 
14 42 
75 225 
36 108 
11 33 
65 195 
60 180 
15 45 
53 159 
10 30 
59 177 
33 99 
26 78 
7 21 
74 222 
29 87 
20 60 
64 192 
17 51 
27 81 
80 240 
85 255 
40 120 
35 105 
31 93 
37 111 
50 150 
4 12 
38 114 
81 243 
63 189 
6 18 
68 204 
43 129 
51 153 
13 39 
47 141 
34 102 
44 132 
39 117 
67 201 
84 252 
77 231 
87 261 
56 168 
86 258 
70 210 
28 84 
83 249 
62 186 
82 246 
79 237 
32 96 
71 213 
21 63 
73 219 
23 69 
16 48 
52 156 
48 144 
69 207 
5 15 
2 6 
24 72 
22 66 
30 90 
25 75 
78 234 
58 174 
41 123 
55 165 
57 171 
9 27 
19 57 
