109 654
99 297 
61 183 
90 270 
33 99 
4 12 
56 168 
78 234 
31 93 
103 309 
42 126 
13 39 
71 213 
39 117 
18 54 
27 81 
35 105 
109 327 
73 219 
7 21 
6 18 
8 24 
96 288 
70 210 
63 189 
46 138 
37 111 
44 132 
54 162 
86 258 
47 141 
68 204 
5 15 
20 60 
34 102 
15 45 
81 243 
16 48 
93 279 
102 306 
72 216 
82 246 
24 72 
30 90 
57 171 
107 321 
12 36 
76 228 
87 261 
80 240 
25 75 
59 177 
50 150 
89 267 
105 315 
91 273 
106 318 
74 222 
2 6 
92 276 
10 30 
41 123 
79 237 
22 66 
23 69 
51 153 
45 135 
29 87 
32 96 
9 27 
48 144 
85 255 
3 9 
43 129 
1 3 
100 300 
95 285 
88 264 
60 180 
64 192 
36 108 
55 165 
58 174 
14 42 
66 198 
101 303 
17 51 
52 156 
108 324 
19 57 
97 291 
26 78 
67 201 
21 63 
40 120 
94 282 
65 195 
77 231 
53 159 
11 33 
49 147 
62 186 
83 249 
28 84 
38 114 
98 294 
69 207 
84 252 
104 312 
75 225 
