110 660
63 189 
41 123 
78 234 
94 282 
55 165 
31 93 
12 36 
13 39 
28 84 
90 270 
47 141 
2 6 
35 105 
36 108 
25 75 
48 144 
19 57 
61 183 
18 54 
44 132 
45 135 
103 309 
104 312 
46 138 
51 153 
60 180 
20 60 
43 129 
38 114 
105 315 
64 192 
24 72 
72 216 
86 258 
73 219 
75 225 
87 261 
100 300 
65 195 
50 150 
5 15 
58 174 
66 198 
8 24 
81 243 
69 207 
4 12 
7 21 
33 99 
10 30 
88 264 
37 111 
110 330 
102 306 
29 87 
74 222 
85 255 
57 171 
80 240 
49 147 
89 267 
40 120 
108 324 
32 96 
26 78 
11 33 
95 285 
82 246 
30 90 
15 45 
3 9 
39 117 
59 177 
99 297 
91 273 
62 186 
84 252 
77 231 
97 291 
106 318 
23 69 
96 288 
27 81 
71 213 
101 303 
79 237 
107 321 
21 63 
17 51 
14 42 
68 204 
67 201 
16 48 
52 156 
70 210 
56 168 
54 162 
83 249 
109 327 
53 159 
42 126 
9 27 
6 18 
76 228 
92 276 
34 102 
93 279 
22 66 
1 3 
98 294 
