197 1182
19 57 
139 417 
48 144 
193 579 
147 441 
8 24 
52 156 
91 273 
97 291 
148 444 
68 204 
84 252 
21 63 
159 477 
81 243 
128 384 
44 132 
78 234 
15 45 
106 318 
37 111 
86 258 
114 342 
164 492 
180 540 
82 246 
109 327 
2 6 
57 171 
132 396 
46 138 
124 372 
39 117 
64 192 
60 180 
146 438 
80 240 
32 96 
6 18 
194 582 
4 12 
61 183 
16 48 
51 153 
42 126 
141 423 
85 255 
107 321 
18 54 
75 225 
111 333 
71 213 
138 414 
134 402 
53 159 
117 351 
108 324 
154 462 
121 363 
92 276 
165 495 
7 21 
142 426 
186 558 
5 15 
79 237 
90 270 
96 288 
49 147 
116 348 
99 297 
73 219 
195 585 
197 591 
162 486 
26 78 
167 501 
101 303 
38 114 
118 354 
135 405 
173 519 
181 543 
127 381 
69 207 
28 84 
3 9 
151 453 
66 198 
94 282 
83 249 
177 531 
176 528 
56 168 
95 285 
191 573 
131 393 
102 306 
169 507 
150 450 
67 201 
65 195 
76 228 
189 567 
43 129 
31 93 
174 522 
155 465 
1 3 
24 72 
87 261 
158 474 
9 27 
168 504 
149 447 
170 510 
171 513 
175 525 
157 471 
20 60 
112 336 
136 408 
153 459 
17 51 
47 141 
185 555 
123 369 
50 150 
88 264 
183 549 
72 216 
36 108 
89 267 
29 87 
23 69 
100 300 
113 339 
105 315 
22 66 
182 546 
161 483 
74 222 
152 456 
110 330 
130 390 
156 468 
45 135 
179 537 
12 36 
10 30 
14 42 
166 498 
160 480 
190 570 
126 378 
122 366 
63 189 
178 534 
58 174 
143 429 
54 162 
98 294 
27 81 
196 588 
172 516 
133 399 
137 411 
70 210 
35 105 
140 420 
13 39 
120 360 
40 120 
187 561 
33 99 
30 90 
62 186 
163 489 
145 435 
93 279 
184 552 
104 312 
103 309 
119 357 
144 432 
41 123 
59 177 
188 564 
192 576 
11 33 
125 375 
25 75 
55 165 
77 231 
34 102 
115 345 
129 387 
