93 558
66 198 
23 69 
92 276 
3 9 
62 186 
31 93 
85 255 
25 75 
65 195 
7 21 
46 138 
61 183 
67 201 
72 216 
1 3 
24 72 
13 39 
18 54 
19 57 
17 51 
45 135 
14 42 
41 123 
75 225 
2 6 
51 153 
36 108 
81 243 
70 210 
87 261 
93 279 
22 66 
89 267 
88 264 
37 111 
28 84 
86 258 
90 270 
63 189 
34 102 
27 81 
33 99 
50 150 
5 15 
82 246 
20 60 
56 168 
84 252 
39 117 
79 237 
29 87 
40 120 
57 171 
44 132 
48 144 
38 114 
4 12 
52 156 
35 105 
53 159 
16 48 
49 147 
74 222 
55 165 
6 18 
59 177 
12 36 
11 33 
71 213 
32 96 
83 249 
60 180 
91 273 
8 24 
54 162 
76 228 
43 129 
80 240 
69 207 
78 234 
21 63 
15 45 
64 192 
68 204 
9 27 
10 30 
73 219 
42 126 
30 90 
58 174 
77 231 
47 141 
26 78 
