175 1050
99 297 
67 201 
35 105 
158 474 
101 303 
133 399 
63 189 
74 222 
140 420 
14 42 
116 348 
58 174 
149 447 
126 378 
45 135 
143 429 
26 78 
69 207 
37 111 
100 300 
113 339 
75 225 
68 204 
50 150 
36 108 
146 438 
112 336 
118 354 
31 93 
91 273 
40 120 
64 192 
51 153 
174 522 
84 252 
52 156 
62 186 
23 69 
136 408 
157 471 
85 255 
139 417 
72 216 
13 39 
144 432 
122 366 
34 102 
21 63 
92 276 
43 129 
59 177 
104 312 
150 450 
107 321 
95 285 
171 513 
2 6 
57 171 
128 384 
48 144 
170 510 
15 45 
96 288 
111 333 
153 459 
168 504 
169 507 
76 228 
164 492 
55 165 
38 114 
172 516 
8 24 
9 27 
106 318 
1 3 
60 180 
18 54 
115 345 
152 456 
30 90 
134 402 
61 183 
130 390 
161 483 
88 264 
147 441 
53 159 
22 66 
65 195 
162 486 
103 309 
41 123 
24 72 
66 198 
6 18 
114 342 
87 261 
155 465 
105 315 
25 75 
127 381 
12 36 
167 501 
163 489 
47 141 
3 9 
166 498 
7 21 
33 99 
78 234 
110 330 
102 306 
32 96 
49 147 
29 87 
81 243 
90 270 
151 453 
137 411 
16 48 
120 360 
54 162 
10 30 
138 414 
117 351 
142 426 
108 324 
4 12 
165 495 
17 51 
121 363 
175 525 
156 468 
73 219 
131 393 
44 132 
20 60 
109 327 
82 246 
125 375 
160 480 
28 84 
5 15 
56 168 
145 435 
70 210 
154 462 
173 519 
89 267 
83 249 
148 444 
77 231 
129 387 
80 240 
79 237 
27 81 
86 258 
94 282 
123 369 
132 396 
39 117 
141 423 
119 357 
97 291 
98 294 
46 138 
93 279 
19 57 
71 213 
11 33 
159 477 
124 372 
135 405 
42 126 
