104 624
100 300 
39 117 
42 126 
43 129 
92 276 
13 39 
7 21 
76 228 
22 66 
54 162 
2 6 
31 93 
74 222 
95 285 
27 81 
12 36 
28 84 
71 213 
26 78 
70 210 
86 258 
3 9 
10 30 
21 63 
60 180 
72 216 
14 42 
84 252 
64 192 
24 72 
34 102 
49 147 
88 264 
23 69 
15 45 
58 174 
79 237 
101 303 
82 246 
61 183 
29 87 
33 99 
36 108 
35 105 
96 288 
55 165 
47 141 
69 207 
77 231 
17 51 
78 234 
63 189 
89 267 
90 270 
48 144 
8 24 
66 198 
32 96 
1 3 
9 27 
75 225 
38 114 
30 90 
103 309 
50 150 
83 249 
97 291 
51 153 
80 240 
4 12 
102 306 
44 132 
91 273 
67 201 
104 312 
94 282 
19 57 
41 123 
68 204 
73 219 
18 54 
53 159 
62 186 
11 33 
45 135 
37 111 
98 294 
93 279 
56 168 
46 138 
20 60 
87 261 
81 243 
57 171 
52 156 
16 48 
6 18 
65 195 
25 75 
5 15 
99 297 
40 120 
59 177 
85 255 
