90 540
34 102 
84 252 
30 90 
61 183 
13 39 
19 57 
71 213 
68 204 
7 21 
56 168 
65 195 
75 225 
6 18 
8 24 
29 87 
64 192 
11 33 
37 111 
63 189 
5 15 
89 267 
40 120 
12 36 
85 255 
80 240 
25 75 
9 27 
22 66 
70 210 
15 45 
66 198 
81 243 
43 129 
86 258 
83 249 
36 108 
53 159 
55 165 
57 171 
52 156 
31 93 
35 105 
17 51 
46 138 
62 186 
26 78 
51 153 
14 42 
72 216 
67 201 
88 264 
4 12 
27 81 
20 60 
44 132 
60 180 
48 144 
41 123 
78 234 
10 30 
47 141 
54 162 
90 270 
1 3 
49 147 
73 219 
24 72 
82 246 
21 63 
59 177 
42 126 
16 48 
23 69 
76 228 
38 114 
33 99 
50 150 
3 9 
58 174 
39 117 
45 135 
77 231 
18 54 
69 207 
28 84 
74 222 
32 96 
2 6 
87 261 
79 237 
