191 1146
132 396 
129 387 
14 42 
102 306 
64 192 
145 435 
62 186 
174 522 
165 495 
52 156 
16 48 
190 570 
22 66 
49 147 
94 282 
179 537 
72 216 
123 369 
46 138 
42 126 
158 474 
189 567 
184 552 
173 519 
35 105 
133 399 
3 9 
135 405 
99 297 
84 252 
146 438 
137 411 
71 213 
38 114 
85 255 
171 513 
76 228 
87 261 
70 210 
183 549 
75 225 
148 444 
112 336 
181 543 
134 402 
161 483 
90 270 
83 249 
65 195 
25 75 
50 150 
40 120 
24 72 
177 531 
175 525 
109 327 
152 456 
110 330 
8 24 
105 315 
151 453 
176 528 
143 429 
48 144 
39 117 
19 57 
125 375 
69 207 
138 414 
36 108 
57 171 
21 63 
156 468 
170 510 
77 231 
126 378 
130 390 
121 363 
166 498 
11 33 
63 189 
26 78 
150 450 
80 240 
18 54 
33 99 
107 321 
1 3 
7 21 
180 540 
168 504 
28 84 
157 471 
187 561 
114 342 
54 162 
164 492 
106 318 
117 351 
58 174 
124 372 
98 294 
56 168 
186 558 
45 135 
178 534 
188 564 
60 180 
136 408 
101 303 
2 6 
92 276 
97 291 
93 279 
172 516 
30 90 
68 204 
13 39 
147 441 
127 381 
182 546 
29 87 
108 324 
153 459 
162 486 
37 111 
104 312 
82 246 
32 96 
10 30 
96 288 
44 132 
43 129 
47 141 
31 93 
17 51 
20 60 
23 69 
142 426 
119 357 
120 360 
111 333 
103 309 
73 219 
89 267 
144 432 
4 12 
15 45 
128 384 
154 462 
116 348 
66 198 
41 123 
74 222 
55 165 
34 102 
139 417 
12 36 
167 501 
27 81 
6 18 
159 477 
78 234 
118 354 
88 264 
5 15 
160 480 
81 243 
67 201 
163 489 
191 573 
131 393 
86 258 
141 423 
53 159 
59 177 
95 285 
79 237 
100 300 
115 345 
169 507 
9 27 
61 183 
140 420 
91 273 
113 339 
122 366 
155 465 
185 555 
51 153 
149 447 
