140 840
43 129 
131 393 
123 369 
135 405 
112 336 
86 258 
66 198 
23 69 
51 153 
46 138 
17 51 
41 123 
58 174 
76 228 
104 312 
38 114 
74 222 
67 201 
82 246 
20 60 
78 234 
61 183 
77 231 
87 261 
37 111 
128 384 
44 132 
71 213 
137 411 
45 135 
31 93 
85 255 
42 126 
1 3 
101 303 
33 99 
25 75 
97 291 
22 66 
5 15 
65 195 
115 345 
89 267 
125 375 
69 207 
54 162 
120 360 
121 363 
130 390 
102 306 
136 408 
84 252 
127 381 
28 84 
103 309 
24 72 
34 102 
50 150 
11 33 
68 204 
70 210 
129 387 
95 285 
73 219 
114 342 
47 141 
12 36 
57 171 
133 399 
109 327 
124 372 
29 87 
107 321 
111 333 
13 39 
56 168 
27 81 
92 276 
2 6 
134 402 
63 189 
72 216 
117 351 
108 324 
75 225 
62 186 
7 21 
53 159 
59 177 
83 249 
113 339 
88 264 
116 348 
35 105 
122 366 
36 108 
32 96 
49 147 
100 300 
110 330 
98 294 
10 30 
3 9 
19 57 
94 282 
18 54 
79 237 
60 180 
64 192 
132 396 
90 270 
118 354 
93 279 
105 315 
139 417 
80 240 
4 12 
14 42 
9 27 
96 288 
6 18 
30 90 
81 243 
48 144 
140 420 
52 156 
119 357 
91 273 
126 378 
40 120 
15 45 
16 48 
106 318 
26 78 
8 24 
138 414 
99 297 
55 165 
39 117 
21 63 
