146 876
127 381 
119 357 
142 426 
18 54 
91 273 
12 36 
65 195 
48 144 
96 288 
54 162 
57 171 
67 201 
58 174 
32 96 
20 60 
97 291 
78 234 
115 345 
3 9 
92 276 
15 45 
40 120 
124 372 
37 111 
10 30 
82 246 
120 360 
8 24 
4 12 
39 117 
24 72 
98 294 
16 48 
28 84 
122 366 
26 78 
42 126 
129 387 
51 153 
7 21 
123 369 
144 432 
63 189 
31 93 
1 3 
36 108 
80 240 
137 411 
93 279 
25 75 
53 159 
43 129 
81 243 
126 378 
87 261 
102 306 
5 15 
111 333 
60 180 
99 297 
118 354 
61 183 
130 390 
56 168 
141 423 
59 177 
138 414 
27 81 
35 105 
136 408 
71 213 
131 393 
23 69 
79 237 
30 90 
133 399 
146 438 
104 312 
89 267 
29 87 
100 300 
110 330 
49 147 
105 315 
88 264 
114 342 
108 324 
17 51 
106 318 
107 321 
116 348 
13 39 
52 156 
77 231 
21 63 
73 219 
9 27 
103 309 
140 420 
62 186 
135 405 
50 150 
143 429 
134 402 
22 66 
109 327 
38 114 
64 192 
101 303 
145 435 
47 141 
55 165 
33 99 
112 336 
41 123 
6 18 
83 249 
95 285 
132 396 
34 102 
2 6 
76 228 
85 255 
117 351 
46 138 
72 216 
19 57 
44 132 
45 135 
121 363 
11 33 
125 375 
86 258 
14 42 
74 222 
94 282 
69 207 
68 204 
66 198 
128 384 
113 339 
139 417 
90 270 
75 225 
70 210 
84 252 
