79 474
37 111 
57 171 
79 237 
13 39 
21 63 
49 147 
10 30 
54 162 
17 51 
48 144 
8 24 
14 42 
26 78 
66 198 
63 189 
61 183 
45 135 
5 15 
51 153 
27 81 
24 72 
32 96 
1 3 
75 225 
4 12 
11 33 
31 93 
35 105 
34 102 
77 231 
15 45 
59 177 
52 156 
7 21 
36 108 
42 126 
3 9 
70 210 
41 123 
29 87 
43 129 
71 213 
9 27 
68 204 
47 141 
40 120 
39 117 
65 195 
50 150 
58 174 
22 66 
18 54 
56 168 
53 159 
46 138 
78 234 
20 60 
2 6 
33 99 
30 90 
16 48 
38 114 
6 18 
67 201 
44 132 
55 165 
73 219 
23 69 
74 222 
25 75 
64 192 
28 84 
72 216 
76 228 
19 57 
12 36 
60 180 
62 186 
69 207 
