158 948
105 315 
128 384 
69 207 
6 18 
133 399 
23 69 
40 120 
50 150 
125 375 
122 366 
118 354 
146 438 
65 195 
107 321 
54 162 
140 420 
9 27 
15 45 
130 390 
22 66 
19 57 
149 447 
97 291 
59 177 
92 276 
116 348 
55 165 
66 198 
61 183 
124 372 
74 222 
154 462 
38 114 
32 96 
96 288 
134 402 
76 228 
2 6 
153 459 
129 387 
72 216 
8 24 
46 138 
115 345 
62 186 
136 408 
60 180 
86 258 
123 369 
90 270 
12 36 
26 78 
144 432 
3 9 
114 342 
5 15 
98 294 
148 444 
89 267 
137 411 
39 117 
93 279 
11 33 
88 264 
139 417 
111 333 
100 300 
63 189 
119 357 
127 381 
37 111 
94 282 
10 30 
142 426 
110 330 
158 474 
155 465 
152 456 
109 327 
53 159 
147 441 
77 231 
141 423 
4 12 
31 93 
126 378 
24 72 
42 126 
29 87 
68 204 
7 21 
102 306 
43 129 
80 240 
1 3 
34 102 
28 84 
103 309 
131 393 
108 324 
79 237 
52 156 
41 123 
21 63 
145 435 
35 105 
117 351 
95 285 
157 471 
121 363 
49 147 
17 51 
64 192 
27 81 
16 48 
112 336 
83 249 
132 396 
101 303 
156 468 
70 210 
51 153 
91 273 
87 261 
113 339 
78 234 
58 174 
138 414 
30 90 
67 201 
48 144 
14 42 
75 225 
71 213 
151 453 
120 360 
33 99 
45 135 
84 252 
73 219 
104 312 
36 108 
150 450 
44 132 
56 168 
143 429 
99 297 
82 246 
85 255 
57 171 
18 54 
47 141 
20 60 
135 405 
25 75 
106 318 
81 243 
13 39 
