92 552
2 6 
29 87 
20 60 
16 48 
85 255 
79 237 
6 18 
73 219 
26 78 
71 213 
27 81 
4 12 
91 273 
50 150 
36 108 
66 198 
59 177 
88 264 
57 171 
86 258 
13 39 
25 75 
47 141 
8 24 
9 27 
22 66 
52 156 
12 36 
76 228 
69 207 
15 45 
78 234 
1 3 
24 72 
44 132 
23 69 
18 54 
89 267 
70 210 
58 174 
5 15 
10 30 
62 186 
90 270 
83 249 
81 243 
3 9 
37 111 
35 105 
72 216 
55 165 
56 168 
92 276 
39 117 
87 261 
42 126 
67 201 
19 57 
33 99 
49 147 
21 63 
64 192 
30 90 
82 246 
80 240 
51 153 
54 162 
77 231 
11 33 
61 183 
43 129 
31 93 
38 114 
17 51 
84 252 
68 204 
45 135 
32 96 
46 138 
28 84 
63 189 
14 42 
74 222 
48 144 
65 195 
53 159 
40 120 
34 102 
7 21 
41 123 
60 180 
75 225 
