124 744
21 63 
97 291 
103 309 
35 105 
96 288 
83 249 
42 126 
79 237 
86 258 
3 9 
22 66 
76 228 
84 252 
49 147 
46 138 
12 36 
39 117 
14 42 
55 165 
113 339 
53 159 
73 219 
112 336 
50 150 
110 330 
41 123 
40 120 
117 351 
88 264 
7 21 
109 327 
1 3 
2 6 
52 156 
69 207 
25 75 
28 84 
94 282 
32 96 
5 15 
89 267 
98 294 
95 285 
111 333 
45 135 
58 174 
100 300 
91 273 
107 321 
114 342 
16 48 
33 99 
104 312 
26 78 
62 186 
24 72 
61 183 
71 213 
43 129 
85 255 
108 324 
6 18 
63 189 
116 348 
23 69 
77 231 
18 54 
60 180 
115 345 
66 198 
4 12 
48 144 
57 171 
37 111 
64 192 
8 24 
17 51 
124 372 
20 60 
74 222 
92 276 
67 201 
123 369 
10 30 
118 354 
47 141 
122 366 
106 318 
119 357 
102 306 
56 168 
70 210 
13 39 
30 90 
65 195 
38 114 
87 261 
121 363 
54 162 
19 57 
11 33 
93 279 
80 240 
101 303 
44 132 
36 108 
29 87 
15 45 
68 204 
72 216 
82 246 
120 360 
59 177 
99 297 
81 243 
105 315 
31 93 
51 153 
75 225 
34 102 
90 270 
9 27 
78 234 
27 81 
