80 480
8 24 
7 21 
66 198 
34 102 
14 42 
38 114 
31 93 
41 123 
56 168 
62 186 
4 12 
30 90 
42 126 
69 207 
75 225 
59 177 
49 147 
65 195 
78 234 
80 240 
1 3 
23 69 
77 231 
10 30 
25 75 
16 48 
24 72 
45 135 
52 156 
68 204 
29 87 
36 108 
63 189 
67 201 
9 27 
39 117 
3 9 
53 159 
11 33 
57 171 
32 96 
64 192 
50 150 
33 99 
22 66 
74 222 
28 84 
37 111 
17 51 
48 144 
55 165 
44 132 
70 210 
58 174 
47 141 
18 54 
60 180 
79 237 
76 228 
72 216 
5 15 
12 36 
46 138 
27 81 
6 18 
15 45 
54 162 
43 129 
51 153 
26 78 
73 219 
21 63 
35 105 
40 120 
61 183 
13 39 
20 60 
2 6 
19 57 
71 213 
