144 864
22 66 
97 291 
75 225 
99 297 
39 117 
115 345 
5 15 
69 207 
133 399 
106 318 
57 171 
58 174 
34 102 
44 132 
134 402 
35 105 
7 21 
46 138 
124 372 
142 426 
52 156 
55 165 
26 78 
109 327 
8 24 
119 357 
87 261 
95 285 
49 147 
37 111 
102 306 
121 363 
84 252 
118 354 
130 390 
108 324 
33 99 
78 234 
43 129 
25 75 
3 9 
14 42 
72 216 
29 87 
48 144 
1 3 
10 30 
38 114 
23 69 
94 282 
53 159 
101 303 
103 309 
56 168 
125 375 
135 405 
117 351 
136 408 
100 300 
127 381 
112 336 
62 186 
70 210 
40 120 
122 366 
143 429 
123 369 
107 321 
128 384 
83 249 
28 84 
80 240 
45 135 
140 420 
98 294 
76 228 
36 108 
61 183 
32 96 
86 258 
66 198 
120 360 
91 273 
21 63 
81 243 
16 48 
6 18 
64 192 
65 195 
24 72 
113 339 
47 141 
77 231 
93 279 
18 54 
68 204 
50 150 
60 180 
42 126 
96 288 
19 57 
13 39 
105 315 
4 12 
20 60 
137 411 
138 414 
79 237 
116 348 
51 153 
131 393 
114 342 
111 333 
144 432 
74 222 
90 270 
104 312 
15 45 
67 201 
59 177 
129 387 
12 36 
82 246 
63 189 
41 123 
110 330 
9 27 
139 417 
71 213 
2 6 
89 267 
92 276 
132 396 
30 90 
17 51 
11 33 
27 81 
31 93 
126 378 
88 264 
141 423 
54 162 
73 219 
85 255 
