134 804
4 12 
65 195 
31 93 
130 390 
1 3 
88 264 
62 186 
57 171 
72 216 
118 354 
47 141 
85 255 
64 192 
127 381 
94 282 
32 96 
128 384 
37 111 
125 375 
108 324 
55 165 
18 54 
70 210 
78 234 
51 153 
38 114 
89 267 
74 222 
5 15 
114 342 
59 177 
96 288 
9 27 
91 273 
131 393 
26 78 
81 243 
10 30 
6 18 
132 396 
112 336 
20 60 
107 321 
111 333 
14 42 
76 228 
110 330 
60 180 
33 99 
17 51 
42 126 
66 198 
129 387 
133 399 
71 213 
92 276 
101 303 
25 75 
40 120 
45 135 
86 258 
100 300 
67 201 
52 156 
34 102 
36 108 
22 66 
16 48 
98 294 
15 45 
99 297 
109 327 
39 117 
97 291 
12 36 
77 231 
43 129 
126 378 
73 219 
134 402 
124 372 
102 306 
68 204 
50 150 
84 252 
21 63 
44 132 
117 351 
119 357 
120 360 
30 90 
83 249 
103 309 
121 363 
106 318 
63 189 
8 24 
105 315 
54 162 
27 81 
113 339 
123 369 
48 144 
35 105 
75 225 
24 72 
122 366 
23 69 
46 138 
13 39 
93 279 
3 9 
41 123 
116 348 
58 174 
104 312 
11 33 
80 240 
87 261 
79 237 
69 207 
29 87 
61 183 
19 57 
49 147 
7 21 
56 168 
82 246 
28 84 
90 270 
115 345 
2 6 
95 285 
53 159 
