81 486
57 171 
66 198 
67 201 
31 93 
58 174 
27 81 
18 54 
22 66 
25 75 
17 51 
4 12 
23 69 
32 96 
80 240 
48 144 
65 195 
34 102 
73 219 
64 192 
61 183 
36 108 
3 9 
41 123 
54 162 
55 165 
8 24 
10 30 
14 42 
56 168 
39 117 
60 180 
70 210 
37 111 
72 216 
53 159 
16 48 
77 231 
42 126 
52 156 
7 21 
78 234 
50 150 
9 27 
38 114 
76 228 
75 225 
69 207 
2 6 
28 84 
63 189 
13 39 
45 135 
29 87 
68 204 
43 129 
74 222 
21 63 
12 36 
59 177 
5 15 
51 153 
1 3 
33 99 
81 243 
47 141 
11 33 
30 90 
20 60 
71 213 
35 105 
19 57 
49 147 
44 132 
6 18 
15 45 
79 237 
40 120 
46 138 
24 72 
26 78 
62 186 
