154 924
153 459 
53 159 
83 249 
57 171 
145 435 
101 303 
139 417 
56 168 
9 27 
98 294 
105 315 
130 390 
40 120 
58 174 
115 345 
143 429 
50 150 
74 222 
44 132 
152 456 
18 54 
32 96 
102 306 
103 309 
11 33 
127 381 
4 12 
45 135 
142 426 
134 402 
81 243 
110 330 
89 267 
60 180 
72 216 
47 141 
77 231 
26 78 
120 360 
95 285 
113 339 
31 93 
88 264 
79 237 
148 444 
85 255 
147 441 
80 240 
22 66 
10 30 
121 363 
52 156 
149 447 
67 201 
108 324 
54 162 
100 300 
6 18 
25 75 
65 195 
82 246 
128 384 
150 450 
2 6 
68 204 
49 147 
71 213 
122 366 
62 186 
13 39 
111 333 
94 282 
84 252 
124 372 
109 327 
129 387 
8 24 
55 165 
123 369 
133 399 
48 144 
24 72 
27 81 
75 225 
70 210 
132 396 
87 261 
118 354 
91 273 
15 45 
36 108 
78 234 
35 105 
131 393 
20 60 
117 351 
64 192 
38 114 
51 153 
144 432 
17 51 
33 99 
146 438 
99 297 
104 312 
76 228 
37 111 
16 48 
151 453 
69 207 
140 420 
119 357 
126 378 
59 177 
90 270 
114 342 
7 21 
135 405 
1 3 
63 189 
14 42 
154 462 
107 321 
138 414 
97 291 
12 36 
19 57 
86 258 
116 348 
96 288 
46 138 
66 198 
125 375 
3 9 
106 318 
43 129 
61 183 
136 408 
21 63 
28 84 
39 117 
23 69 
93 279 
137 411 
92 276 
42 126 
5 15 
112 336 
141 423 
73 219 
29 87 
30 90 
41 123 
34 102 
