77 462
24 72 
52 156 
46 138 
32 96 
26 78 
28 84 
39 117 
11 33 
37 111 
59 177 
53 159 
40 120 
74 222 
20 60 
8 24 
57 171 
27 81 
56 168 
45 135 
63 189 
51 153 
15 45 
1 3 
61 183 
76 228 
67 201 
38 114 
42 126 
9 27 
71 213 
21 63 
5 15 
77 231 
3 9 
18 54 
50 150 
14 42 
6 18 
62 186 
75 225 
73 219 
44 132 
54 162 
48 144 
36 108 
33 99 
10 30 
2 6 
31 93 
72 216 
41 123 
49 147 
30 90 
58 174 
4 12 
25 75 
47 141 
66 198 
19 57 
7 21 
64 192 
23 69 
12 36 
69 207 
68 204 
22 66 
60 180 
65 195 
16 48 
70 210 
43 129 
55 165 
35 105 
17 51 
34 102 
13 39 
29 87 
