96 576
79 237 
21 63 
47 141 
61 183 
30 90 
1 3 
86 258 
12 36 
44 132 
80 240 
85 255 
82 246 
60 180 
76 228 
74 222 
92 276 
32 96 
41 123 
89 267 
66 198 
69 207 
3 9 
72 216 
63 189 
46 138 
84 252 
33 99 
57 171 
50 150 
83 249 
96 288 
14 42 
62 186 
7 21 
5 15 
16 48 
10 30 
20 60 
55 165 
4 12 
28 84 
37 111 
93 279 
39 117 
49 147 
91 273 
25 75 
64 192 
67 201 
23 69 
29 87 
54 162 
94 282 
77 231 
8 24 
26 78 
95 285 
15 45 
68 204 
45 135 
35 105 
19 57 
13 39 
52 156 
27 81 
11 33 
17 51 
58 174 
48 144 
40 120 
6 18 
9 27 
87 261 
42 126 
81 243 
53 159 
71 213 
43 129 
31 93 
38 114 
56 168 
51 153 
73 219 
90 270 
88 264 
18 54 
70 210 
75 225 
59 177 
34 102 
78 234 
22 66 
36 108 
24 72 
2 6 
65 195 
