177 1062
85 255 
12 36 
8 24 
77 231 
56 168 
78 234 
97 291 
75 225 
61 183 
173 519 
46 138 
2 6 
168 504 
134 402 
49 147 
94 282 
88 264 
70 210 
25 75 
172 516 
158 474 
1 3 
17 51 
91 273 
19 57 
32 96 
62 186 
126 378 
132 396 
95 285 
148 444 
147 441 
47 141 
98 294 
165 495 
152 456 
156 468 
82 246 
37 111 
130 390 
140 420 
109 327 
153 459 
58 174 
21 63 
29 87 
87 261 
10 30 
121 363 
39 117 
27 81 
101 303 
72 216 
107 321 
84 252 
13 39 
176 528 
144 432 
155 465 
24 72 
26 78 
3 9 
167 501 
69 207 
92 276 
106 318 
157 471 
28 84 
64 192 
81 243 
175 525 
36 108 
14 42 
123 369 
103 309 
171 513 
150 450 
139 417 
23 69 
177 531 
100 300 
128 384 
118 354 
159 477 
112 336 
113 339 
90 270 
110 330 
31 93 
44 132 
164 492 
105 315 
108 324 
137 411 
30 90 
138 414 
117 351 
42 126 
38 114 
66 198 
161 483 
122 366 
60 180 
6 18 
51 153 
16 48 
99 297 
174 522 
96 288 
166 498 
133 399 
83 249 
119 357 
163 489 
114 342 
80 240 
74 222 
20 60 
41 123 
53 159 
73 219 
50 150 
5 15 
7 21 
86 258 
169 507 
120 360 
79 237 
22 66 
111 333 
129 387 
40 120 
9 27 
63 189 
43 129 
45 135 
48 144 
67 201 
145 435 
76 228 
55 165 
11 33 
71 213 
146 438 
65 195 
34 102 
102 306 
115 345 
54 162 
125 375 
15 45 
68 204 
162 486 
104 312 
141 423 
124 372 
35 105 
149 447 
154 462 
18 54 
33 99 
136 408 
52 156 
142 426 
116 348 
143 429 
89 267 
93 279 
127 381 
4 12 
151 453 
170 510 
135 405 
57 171 
160 480 
131 393 
59 177 
