179 1074
19 57 
17 51 
60 180 
118 354 
87 261 
48 144 
139 417 
40 120 
74 222 
70 210 
142 426 
13 39 
84 252 
25 75 
161 483 
178 534 
133 399 
56 168 
173 519 
69 207 
109 327 
124 372 
130 390 
116 348 
112 336 
42 126 
23 69 
3 9 
45 135 
100 300 
176 528 
127 381 
102 306 
171 513 
28 84 
147 441 
110 330 
126 378 
138 414 
158 474 
32 96 
166 498 
105 315 
65 195 
120 360 
6 18 
167 501 
103 309 
21 63 
129 387 
143 429 
92 276 
66 198 
145 435 
150 450 
27 81 
153 459 
148 444 
43 129 
157 471 
38 114 
90 270 
93 279 
128 384 
149 447 
113 339 
152 456 
136 408 
160 480 
36 108 
98 294 
30 90 
15 45 
12 36 
11 33 
170 510 
18 54 
172 516 
49 147 
54 162 
111 333 
44 132 
58 174 
104 312 
9 27 
63 189 
146 438 
2 6 
96 288 
159 477 
20 60 
135 405 
114 342 
94 282 
179 537 
137 411 
73 219 
39 117 
34 102 
78 234 
97 291 
59 177 
26 78 
156 468 
37 111 
165 495 
91 273 
71 213 
80 240 
175 525 
57 171 
141 423 
164 492 
88 264 
81 243 
72 216 
77 231 
151 453 
1 3 
107 321 
119 357 
101 303 
52 156 
86 258 
155 465 
4 12 
50 150 
67 201 
10 30 
140 420 
125 375 
115 345 
99 297 
51 153 
117 351 
122 366 
85 255 
29 87 
132 396 
53 159 
82 246 
55 165 
174 522 
163 489 
41 123 
7 21 
83 249 
22 66 
168 504 
24 72 
123 369 
162 486 
108 324 
89 267 
144 432 
14 42 
31 93 
62 186 
106 318 
5 15 
8 24 
169 507 
61 183 
121 363 
79 237 
47 141 
33 99 
35 105 
68 204 
134 402 
16 48 
76 228 
131 393 
64 192 
75 225 
154 462 
177 531 
95 285 
46 138 
