151 22801
1 1596070 
2394105 2394105 
1 159607 
3283344 3283344 
3032533 3032533 
2530911 2530911 
1 1276856 
1 1710075 
1 934841 
2644916 2644916 
1 228010 
1 843637 
1801279 1801279 
2416906 2416906 
2052090 2052090 
2280100 2280100 
3420150 3420150 
1 1550468 
1 478821 
1 1664473 
1 1162851 
2918528 2918528 
2462508 2462508 
2166095 2166095 
2211697 2211697 
2348503 2348503 
2850125 2850125 
1 1687274 
1 1368060 
2986931 2986931 
1 45602 
1 364816 
2234498 2234498 
3260543 3260543 
1 387617 
3146538 3146538 
1 547224 
2667717 2667717 
1915284 1915284 
2576513 2576513 
1938085 1938085 
3374548 3374548 
3078135 3078135 
2736120 2736120 
2553712 2553712 
1 570025 
3055334 3055334 
3306145 3306145 
1 775234 
1960886 1960886 
2302901 2302901 
2758921 2758921 
2781722 2781722 
1 661229 
1892483 1892483 
2713319 2713319 
1 638428 
2120493 2120493 
3328946 3328946 
1 1482065 
2804523 2804523 
1 752433 
1 1345259 
1 1117249 
1 592826 
2325702 2325702 
3123737 3123737 
1 1299657 
1 1003244 
3009732 3009732 
1 1140050 
2257299 2257299 
1 957642 
1 1641672 
3169339 3169339 
1824080 1824080 
1 342015 
1 433219 
1 1254055 
1 250811 
1 91204 
2371304 2371304 
1 68403 
1 615627 
2074891 2074891 
2895727 2895727 
2599314 2599314 
1 1390861 
2941329 2941329 
1 798035 
1 980443 
2029289 2029289 
1 1322458 
1 524423 
1 501622 
2188896 2188896 
2439707 2439707 
1 456020 
1 1026045 
1 114005 
1 820836 
1 889239 
3237742 3237742 
2872926 2872926 
1 22801 
1 684030 
1846881 1846881 
3214941 3214941 
1 273612 
1 1094448 
1 912040 
1 182408 
1755677 1755677 
1983687 1983687 
3100936 3100936 
2006488 2006488 
1 319214 
3192140 3192140 
1 1504866 
1 866438 
2690518 2690518 
2485309 2485309 
1 1048846 
3442951 3442951 
1 1185652 
1 1413662 
2143294 2143294 
1 1208453 
1 1459264 
1 296413 
1869682 1869682 
1 1436463 
1 1071647 
3397349 3397349 
2827324 2827324 
2097692 2097692 
1778478 1778478 
1732876 1732876 
1 1618871 
1 136806 
1 205209 
1 729632 
1 1573269 
1 1527667 
3351747 3351747 
1 410418 
2508110 2508110 
1 706831 
1 1231254 
2622115 2622115 
2964130 2964130 
