172 29584
1 1242528 
1 946688 
3224656 3224656 
1 1922960 
1 680432 
1 1390448 
4319264 4319264 
1 443760 
4230512 4230512 
4467184 4467184 
2721728 2721728 
4053008 4053008 
1 236672 
1 1301696 
3490912 3490912 
3638832 3638832 
4970112 4970112 
4733440 4733440 
1 1508784 
1 1686288 
3934672 3934672 
1 266256 
4496768 4496768 
3372576 3372576 
2987984 2987984 
3106320 3106320 
2632976 2632976 
3875504 3875504 
4792608 4792608 
2780896 2780896 
4615104 4615104 
1 1627120 
2603392 2603392 
1 1153776 
3520496 3520496 
1 2396304 
1 798768 
1 591680 
1 207088 
4171344 4171344 
3905088 3905088 
4999696 4999696 
3195072 3195072 
1 473344 
1 1272112 
1 2011712 
1 828352 
1 2544224 
1 1035440 
1 710016 
3017568 3017568 
3254240 3254240 
5058864 5058864 
4763024 4763024 
1 59168 
1 857936 
4141760 4141760 
4437600 4437600 
1 2366720 
1 1893376 
1 502928 
3757168 3757168 
3431744 3431744 
1 2159632 
5088448 5088448 
3727584 3727584 
1 2070880 
4585520 4585520 
1 295840 
1 976272 
1 1124192 
1 621264 
4940528 4940528 
1 650848 
4200928 4200928 
2928816 2928816 
3550080 3550080 
1 2514640 
1 1005856 
4408016 4408016 
3076736 3076736 
1 1538368 
4526352 4526352 
4260096 4260096 
1 1715872 
3816336 3816336 
4348848 4348848 
3698000 3698000 
1 2041296 
1 1597536 
2810480 2810480 
1 2189216 
5029280 5029280 
4703856 4703856 
1 769184 
3313408 3313408 
1 2307552 
1 1212944 
1 2337136 
1 147920 
4674272 4674272 
1 1745456 
3047152 3047152 
1 1775040 
1 2130048 
1 1834208 
4644688 4644688 
3135904 3135904 
1 2485056 
1 1567952 
3342992 3342992 
1 355008 
2662560 2662560 
1 1982128 
3786752 3786752 
2573808 2573808 
1 1360864 
1 118336 
1 1804624 
3165488 3165488 
1 1952544 
1 29584 
3964256 3964256 
1 1331280 
3579664 3579664 
2840064 2840064 
2869648 2869648 
1 1449616 
1 2425888 
1 1065024 
1 562096 
4851776 4851776 
4112176 4112176 
1 1094608 
1 2455472 
4378432 4378432 
1 325424 
1 1479200 
3993840 3993840 
2958400 2958400 
1 414176 
4289680 4289680 
4082592 4082592 
1 739600 
4023424 4023424 
3845920 3845920 
3461328 3461328 
3668416 3668416 
1 88752 
1 1863792 
1 2100464 
1 532512 
3402160 3402160 
1 887520 
1 1420032 
1 2218800 
2751312 2751312 
4555936 4555936 
4822192 4822192 
1 1656704 
4881360 4881360 
2899232 2899232 
4910944 4910944 
1 2277968 
3609248 3609248 
1 177504 
3283824 3283824 
1 1183360 
1 917104 
1 384592 
2692144 2692144 
1 2248384 
