128 2097152
1 16384 
2 32768 
3 49152 
4 65536 
5 81920 
6 98304 
7 114688 
8 131072 
9 147456 
10 163840 
11 180224 
12 196608 
13 212992 
14 229376 
15 245760 
16 262144 
17 278528 
18 294912 
19 311296 
20 327680 
21 344064 
22 360448 
23 376832 
24 393216 
25 409600 
26 425984 
27 442368 
28 458752 
29 475136 
30 491520 
31 507904 
32 524288 
33 540672 
34 557056 
35 573440 
36 589824 
37 606208 
38 622592 
39 638976 
40 655360 
41 671744 
42 688128 
43 704512 
44 720896 
45 737280 
46 753664 
47 770048 
48 786432 
49 802816 
50 819200 
51 835584 
52 851968 
53 868352 
54 884736 
55 901120 
56 917504 
57 933888 
58 950272 
59 966656 
60 983040 
61 999424 
62 1015808 
63 1032192 
64 1048576 
65 1064960 
66 1081344 
67 1097728 
68 1114112 
69 1130496 
70 1146880 
71 1163264 
72 1179648 
73 1196032 
74 1212416 
75 1228800 
76 1245184 
77 1261568 
78 1277952 
79 1294336 
80 1310720 
81 1327104 
82 1343488 
83 1359872 
84 1376256 
85 1392640 
86 1409024 
87 1425408 
88 1441792 
89 1458176 
90 1474560 
91 1490944 
92 1507328 
93 1523712 
94 1540096 
95 1556480 
96 1572864 
97 1589248 
98 1605632 
99 1622016 
100 1638400 
101 1654784 
102 1671168 
103 1687552 
104 1703936 
105 1720320 
106 1736704 
107 1753088 
108 1769472 
109 1785856 
110 1802240 
111 1818624 
112 1835008 
113 1851392 
114 1867776 
115 1884160 
116 1900544 
117 1916928 
118 1933312 
119 1949696 
120 1966080 
121 1982464 
122 1998848 
123 2015232 
124 2031616 
125 2048000 
126 2064384 
127 2080768 
128 2097152 
