174 5268024
1 30276 
2 60552 
3 90828 
4 121104 
5 151380 
6 181656 
7 211932 
8 242208 
9 272484 
10 302760 
11 333036 
12 363312 
13 393588 
14 423864 
15 454140 
16 484416 
17 514692 
18 544968 
19 575244 
20 605520 
21 635796 
22 666072 
23 696348 
24 726624 
25 756900 
26 787176 
27 817452 
28 847728 
29 878004 
30 908280 
31 938556 
32 968832 
33 999108 
34 1029384 
35 1059660 
36 1089936 
37 1120212 
38 1150488 
39 1180764 
40 1211040 
41 1241316 
42 1271592 
43 1301868 
44 1332144 
45 1362420 
46 1392696 
47 1422972 
48 1453248 
49 1483524 
50 1513800 
51 1544076 
52 1574352 
53 1604628 
54 1634904 
55 1665180 
56 1695456 
57 1725732 
58 1756008 
59 1786284 
60 1816560 
61 1846836 
62 1877112 
63 1907388 
64 1937664 
65 1967940 
66 1998216 
67 2028492 
68 2058768 
69 2089044 
70 2119320 
71 2149596 
72 2179872 
73 2210148 
74 2240424 
75 2270700 
76 2300976 
77 2331252 
78 2361528 
79 2391804 
80 2422080 
81 2452356 
82 2482632 
83 2512908 
84 2543184 
85 2573460 
86 2603736 
87 2634012 
88 2664288 
89 2694564 
90 2724840 
91 2755116 
92 2785392 
93 2815668 
94 2845944 
95 2876220 
96 2906496 
97 2936772 
98 2967048 
99 2997324 
100 3027600 
101 3057876 
102 3088152 
103 3118428 
104 3148704 
105 3178980 
106 3209256 
107 3239532 
108 3269808 
109 3300084 
110 3330360 
111 3360636 
112 3390912 
113 3421188 
114 3451464 
115 3481740 
116 3512016 
117 3542292 
118 3572568 
119 3602844 
120 3633120 
121 3663396 
122 3693672 
123 3723948 
124 3754224 
125 3784500 
126 3814776 
127 3845052 
128 3875328 
129 3905604 
130 3935880 
131 3966156 
132 3996432 
133 4026708 
134 4056984 
135 4087260 
136 4117536 
137 4147812 
138 4178088 
139 4208364 
140 4238640 
141 4268916 
142 4299192 
143 4329468 
144 4359744 
145 4390020 
146 4420296 
147 4450572 
148 4480848 
149 4511124 
150 4541400 
151 4571676 
152 4601952 
153 4632228 
154 4662504 
155 4692780 
156 4723056 
157 4753332 
158 4783608 
159 4813884 
160 4844160 
161 4874436 
162 4904712 
163 4934988 
164 4965264 
165 4995540 
166 5025816 
167 5056092 
168 5086368 
169 5116644 
170 5146920 
171 5177196 
172 5207472 
173 5237748 
174 5268024 
