114 12996
1 480852 
1 181944 
1117656 1117656 
1403568 1403568 
1325592 1325592 
1 519840 
1 246924 
1078668 1078668 
1390572 1390572 
1 701784 
1 545832 
1143648 1143648 
1 675792 
1 688788 
1 636804 
1455552 1455552 
1338588 1338588 
1 64980 
1182636 1182636 
1 727776 
1351584 1351584 
1130652 1130652 
1312596 1312596 
1039680 1039680 
1 402876 
1 662796 
1052676 1052676 
1 285912 
1 714780 
1 337896 
1 363888 
1 584820 
753768 753768 
1 415872 
1 623808 
1 350892 
818748 818748 
987696 987696 
1 610812 
935712 935712 
1 428868 
948708 948708 
779760 779760 
1 324900 
1 649800 
1208628 1208628 
1416564 1416564 
883728 883728 
922716 922716 
1 155952 
1 12996 
1286604 1286604 
831744 831744 
1 168948 
1273608 1273608 
1 129960 
1 571824 
909720 909720 
1195632 1195632 
1156644 1156644 
844740 844740 
1 220932 
1 116964 
974700 974700 
1442556 1442556 
805752 805752 
1 233928 
1 25992 
1221624 1221624 
961704 961704 
1 532836 
1 389880 
1 740772 
857736 857736 
1481544 1481544 
1 298908 
1 454860 
1 51984 
1091664 1091664 
1 376884 
1026684 1026684 
1 311904 
766764 766764 
1 90972 
1377576 1377576 
1429560 1429560 
1 142956 
1364580 1364580 
1013688 1013688 
1104660 1104660 
1260612 1260612 
1 194940 
1468548 1468548 
1 77976 
1234620 1234620 
1247616 1247616 
1000692 1000692 
896724 896724 
1 272916 
1 558828 
1 467856 
1 103968 
1 441864 
870732 870732 
1299600 1299600 
1 506844 
1 259920 
792756 792756 
1 597816 
1065672 1065672 
1169640 1169640 
1 207936 
1 38988 
1 493848 
