118 13924
1 737972 
1 598732 
1 83544 
1 445568 
1099996 1099996 
1 654428 
1 473416 
1350628 1350628 
1016452 1016452 
1 779744 
1 403796 
1002528 1002528 
1 793668 
1448096 1448096 
849364 849364 
1489868 1489868 
1267084 1267084 
960756 960756 
891136 891136 
1322780 1322780 
988604 988604 
1 292404 
1281008 1281008 
1 501264 
1 626580 
1 682276 
1 222784 
1183540 1183540 
1 264556 
1 334176 
1 389872 
1615184 1615184 
1 97468 
1141768 1141768 
1239236 1239236 
1 431644 
1 487340 
1559488 1559488 
1601260 1601260 
1 278480 
1 584808 
1 55696 
1197464 1197464 
1 69620 
1 139240 
863288 863288 
1 515188 
1545564 1545564 
1 668352 
1 751896 
1392400 1392400 
1086072 1086072 
1 306328 
835440 835440 
1 375948 
1253160 1253160 
1 807592 
1462020 1462020 
1225312 1225312 
1364552 1364552 
1 13924 
1475944 1475944 
1378476 1378476 
1 250632 
1517716 1517716 
1 348100 
1 181012 
1 27848 
1 556960 
1058224 1058224 
1406324 1406324 
1 710124 
974680 974680 
1308856 1308856 
1155692 1155692 
1 208860 
1 640504 
1 236708 
1 765820 
1 696200 
1127844 1127844 
932908 932908 
1573412 1573412 
946832 946832 
1 153164 
1 41772 
1 417720 
1 529112 
1211388 1211388 
1629108 1629108 
1420248 1420248 
1 167088 
1531640 1531640 
1336704 1336704 
1434172 1434172 
1 459492 
1030376 1030376 
1587336 1587336 
1 194936 
877212 877212 
1 362024 
1 570884 
1294932 1294932 
1503792 1503792 
1 543036 
905060 905060 
1 724048 
1 320252 
1 111392 
1 821516 
1 612656 
1 125316 
1044300 1044300 
1072148 1072148 
1113920 1113920 
1643032 1643032 
1169616 1169616 
918984 918984 
