52 2704
2340 121680 
1 40560 
1 35152 
1 43264 
2132 110864 
1 10816 
1 5408 
1716 89232 
1820 94640 
1 59488 
1 27040 
1768 91936 
2392 124384 
1664 86528 
1 2704 
1508 78416 
1 48672 
2548 132496 
1404 73008 
1612 83824 
1976 102752 
1 37856 
1 21632 
2444 127088 
2236 116272 
1 24336 
1 56784 
1 62192 
1 45968 
2080 108160 
1 18928 
1924 100048 
1 8112 
2184 113568 
2496 129792 
1 54080 
2652 137904 
1456 75712 
1 70304 
1560 81120 
1 13520 
2704 140608 
1 29744 
2028 105456 
1872 97344 
1 51376 
1 64896 
2288 118976 
1 16224 
1 32448 
1 67600 
2600 135200 
