94 8836
759896 759896 
777568 777568 
1 256244 
530160 530160 
751060 751060 
1 238572 
636192 636192 
618520 618520 
795240 795240 
1 44180 
1 344604 
538996 538996 
1 114868 
830584 830584 
485980 485980 
1 176720 
1 362276 
592012 592012 
680372 680372 
1 70688 
1 97196 
742224 742224 
1 291588 
698044 698044 
1 123704 
1 326932 
1 353440 
1 247408 
556668 556668 
1 106032 
1 88360 
547832 547832 
1 300424 
512488 512488 
477144 477144 
432964 432964 
1 167884 
1 415292 
574340 574340 
1 185556 
1 273916 
627356 627356 
724552 724552 
1 17672 
1 61852 
1 406456 
768732 768732 
1 318096 
804076 804076 
424128 424128 
706880 706880 
521324 521324 
786404 786404 
1 53016 
1 26508 
821748 821748 
441800 441800 
609684 609684 
715716 715716 
662700 662700 
1 335768 
1 212064 
600848 600848 
459472 459472 
1 379948 
1 371112 
1 282752 
494816 494816 
1 229736 
1 397620 
812912 812912 
1 388784 
653864 653864 
1 265080 
689208 689208 
1 141376 
468308 468308 
450636 450636 
671536 671536 
583176 583176 
1 35344 
565504 565504 
645028 645028 
1 132540 
1 150212 
1 220900 
1 79524 
733388 733388 
503652 503652 
1 309260 
1 203228 
1 159048 
1 194392 
1 8836 
