107 11449
1 68694 
675491 675491 
1 412164 
1 446511 
1099104 1099104 
1 171735 
1 274776 
1018961 1018961 
1 80143 
1 263327 
778532 778532 
915920 915920 
1133451 1133451 
984614 984614 
1 309123 
1 377817 
1 251878 
1 114490 
1 423613 
1156349 1156349 
709838 709838 
1 297674 
1 606797 
1 160286 
1 45796 
698389 698389 
893022 893022 
801430 801430 
1 206082 
1 366368 
1 343470 
664042 664042 
1 469409 
641144 641144 
1 11449 
847226 847226 
927369 927369 
1 286225 
1087655 1087655 
652593 652593 
1 515205 
858675 858675 
1 137388 
996063 996063 
1 389266 
1 91592 
1 572450 
618246 618246 
1 583899 
1 34347 
1030410 1030410 
1 183184 
767083 767083 
1110553 1110553 
1 103041 
1 125939 
789981 789981 
1179247 1179247 
1225043 1225043 
1 400715 
1 240429 
1 526654 
686940 686940 
1 354919 
812879 812879 
973165 973165 
835777 835777 
1 480858 
1 435062 
1167798 1167798 
1 22898 
721287 721287 
1 503756 
1122002 1122002 
1 492307 
950267 950267 
1 332021 
1 194633 
1 549552 
1 538103 
744185 744185 
961716 961716 
1 57245 
904471 904471 
1202145 1202145 
1190696 1190696 
870124 870124 
881573 881573 
1213594 1213594 
1007512 1007512 
1064757 1064757 
1 217531 
629695 629695 
1041859 1041859 
732736 732736 
755634 755634 
938818 938818 
1 595348 
1 561001 
1 457960 
1 228980 
1053308 1053308 
1076206 1076206 
1 320572 
824328 824328 
1 148837 
1144900 1144900 
