49 2401
1 24010 
1862 91238 
1 2401 
1 50421 
2352 115248 
1 52822 
1 4802 
1 55223 
1 45619 
1 21609 
1372 67228 
1225 60025 
1 12005 
1 36015 
2205 108045 
1 16807 
1274 62426 
1911 93639 
1568 76832 
1 38416 
1421 69629 
1323 64827 
1 33614 
2254 110446 
1 31213 
1 48020 
1 9604 
1960 96040 
1715 84035 
1 28812 
2009 98441 
1 40817 
1 43218 
1 57624 
1 14406 
1666 81634 
2058 100842 
2107 103243 
1 26411 
1 7203 
1764 86436 
2303 112847 
1617 79233 
2401 117649 
1519 74431 
2156 105644 
1 19208 
1813 88837 
1470 72030 
