140 2744000
1 19600 
2 39200 
3 58800 
4 78400 
5 98000 
6 117600 
7 137200 
8 156800 
9 176400 
10 196000 
11 215600 
12 235200 
13 254800 
14 274400 
15 294000 
16 313600 
17 333200 
18 352800 
19 372400 
20 392000 
21 411600 
22 431200 
23 450800 
24 470400 
25 490000 
26 509600 
27 529200 
28 548800 
29 568400 
30 588000 
31 607600 
32 627200 
33 646800 
34 666400 
35 686000 
36 705600 
37 725200 
38 744800 
39 764400 
40 784000 
41 803600 
42 823200 
43 842800 
44 862400 
45 882000 
46 901600 
47 921200 
48 940800 
49 960400 
50 980000 
51 999600 
52 1019200 
53 1038800 
54 1058400 
55 1078000 
56 1097600 
57 1117200 
58 1136800 
59 1156400 
60 1176000 
61 1195600 
62 1215200 
63 1234800 
64 1254400 
65 1274000 
66 1293600 
67 1313200 
68 1332800 
69 1352400 
70 1372000 
71 1391600 
72 1411200 
73 1430800 
74 1450400 
75 1470000 
76 1489600 
77 1509200 
78 1528800 
79 1548400 
80 1568000 
81 1587600 
82 1607200 
83 1626800 
84 1646400 
85 1666000 
86 1685600 
87 1705200 
88 1724800 
89 1744400 
90 1764000 
91 1783600 
92 1803200 
93 1822800 
94 1842400 
95 1862000 
96 1881600 
97 1901200 
98 1920800 
99 1940400 
100 1960000 
101 1979600 
102 1999200 
103 2018800 
104 2038400 
105 2058000 
106 2077600 
107 2097200 
108 2116800 
109 2136400 
110 2156000 
111 2175600 
112 2195200 
113 2214800 
114 2234400 
115 2254000 
116 2273600 
117 2293200 
118 2312800 
119 2332400 
120 2352000 
121 2371600 
122 2391200 
123 2410800 
124 2430400 
125 2450000 
126 2469600 
127 2489200 
128 2508800 
129 2528400 
130 2548000 
131 2567600 
132 2587200 
133 2606800 
134 2626400 
135 2646000 
136 2665600 
137 2685200 
138 2704800 
139 2724400 
140 2744000 
