81 531441
1 6561 
2 13122 
3 19683 
4 26244 
5 32805 
6 39366 
7 45927 
8 52488 
9 59049 
10 65610 
11 72171 
12 78732 
13 85293 
14 91854 
15 98415 
16 104976 
17 111537 
18 118098 
19 124659 
20 131220 
21 137781 
22 144342 
23 150903 
24 157464 
25 164025 
26 170586 
27 177147 
28 183708 
29 190269 
30 196830 
31 203391 
32 209952 
33 216513 
34 223074 
35 229635 
36 236196 
37 242757 
38 249318 
39 255879 
40 262440 
41 269001 
42 275562 
43 282123 
44 288684 
45 295245 
46 301806 
47 308367 
48 314928 
49 321489 
50 328050 
51 334611 
52 341172 
53 347733 
54 354294 
55 360855 
56 367416 
57 373977 
58 380538 
59 387099 
60 393660 
61 400221 
62 406782 
63 413343 
64 419904 
65 426465 
66 433026 
67 439587 
68 446148 
69 452709 
70 459270 
71 465831 
72 472392 
73 478953 
74 485514 
75 492075 
76 498636 
77 505197 
78 511758 
79 518319 
80 524880 
81 531441 
