186 6434856
1 34596 
2 69192 
3 103788 
4 138384 
5 172980 
6 207576 
7 242172 
8 276768 
9 311364 
10 345960 
11 380556 
12 415152 
13 449748 
14 484344 
15 518940 
16 553536 
17 588132 
18 622728 
19 657324 
20 691920 
21 726516 
22 761112 
23 795708 
24 830304 
25 864900 
26 899496 
27 934092 
28 968688 
29 1003284 
30 1037880 
31 1072476 
32 1107072 
33 1141668 
34 1176264 
35 1210860 
36 1245456 
37 1280052 
38 1314648 
39 1349244 
40 1383840 
41 1418436 
42 1453032 
43 1487628 
44 1522224 
45 1556820 
46 1591416 
47 1626012 
48 1660608 
49 1695204 
50 1729800 
51 1764396 
52 1798992 
53 1833588 
54 1868184 
55 1902780 
56 1937376 
57 1971972 
58 2006568 
59 2041164 
60 2075760 
61 2110356 
62 2144952 
63 2179548 
64 2214144 
65 2248740 
66 2283336 
67 2317932 
68 2352528 
69 2387124 
70 2421720 
71 2456316 
72 2490912 
73 2525508 
74 2560104 
75 2594700 
76 2629296 
77 2663892 
78 2698488 
79 2733084 
80 2767680 
81 2802276 
82 2836872 
83 2871468 
84 2906064 
85 2940660 
86 2975256 
87 3009852 
88 3044448 
89 3079044 
90 3113640 
91 3148236 
92 3182832 
93 3217428 
94 3252024 
95 3286620 
96 3321216 
97 3355812 
98 3390408 
99 3425004 
100 3459600 
101 3494196 
102 3528792 
103 3563388 
104 3597984 
105 3632580 
106 3667176 
107 3701772 
108 3736368 
109 3770964 
110 3805560 
111 3840156 
112 3874752 
113 3909348 
114 3943944 
115 3978540 
116 4013136 
117 4047732 
118 4082328 
119 4116924 
120 4151520 
121 4186116 
122 4220712 
123 4255308 
124 4289904 
125 4324500 
126 4359096 
127 4393692 
128 4428288 
129 4462884 
130 4497480 
131 4532076 
132 4566672 
133 4601268 
134 4635864 
135 4670460 
136 4705056 
137 4739652 
138 4774248 
139 4808844 
140 4843440 
141 4878036 
142 4912632 
143 4947228 
144 4981824 
145 5016420 
146 5051016 
147 5085612 
148 5120208 
149 5154804 
150 5189400 
151 5223996 
152 5258592 
153 5293188 
154 5327784 
155 5362380 
156 5396976 
157 5431572 
158 5466168 
159 5500764 
160 5535360 
161 5569956 
162 5604552 
163 5639148 
164 5673744 
165 5708340 
166 5742936 
167 5777532 
168 5812128 
169 5846724 
170 5881320 
171 5915916 
172 5950512 
173 5985108 
174 6019704 
175 6054300 
176 6088896 
177 6123492 
178 6158088 
179 6192684 
180 6227280 
181 6261876 
182 6296472 
183 6331068 
184 6365664 
185 6400260 
186 6434856 
