95 9025
505400 505400 
1 54150 
1 225625 
1 180500 
1 135375 
1 333925 
1 288800 
469300 469300 
586625 586625 
1 397100 
604675 604675 
839325 839325 
640775 640775 
1 424175 
1 243675 
703950 703950 
712975 712975 
848350 848350 
1 108300 
451250 451250 
568575 568575 
622725 622725 
631750 631750 
559550 559550 
1 126350 
1 9025 
1 81225 
1 406125 
1 297825 
1 351975 
550525 550525 
794200 794200 
1 90250 
676875 676875 
1 27075 
1 117325 
649800 649800 
1 324900 
1 162450 
1 144400 
667850 667850 
1 189525 
749075 749075 
1 36100 
758100 758100 
1 153425 
1 342950 
776150 776150 
1 234650 
1 72200 
442225 442225 
803225 803225 
785175 785175 
496375 496375 
821275 821275 
1 415150 
532475 532475 
460275 460275 
1 279775 
433200 433200 
1 99275 
1 370025 
830300 830300 
1 45125 
812250 812250 
514425 514425 
1 171475 
1 198550 
740050 740050 
694925 694925 
1 216600 
523450 523450 
767125 767125 
478325 478325 
1 388075 
722000 722000 
577600 577600 
595650 595650 
857375 857375 
685900 685900 
731025 731025 
613700 613700 
1 252700 
487350 487350 
1 63175 
1 306850 
1 270750 
1 18050 
1 361000 
1 379050 
1 315875 
1 207575 
1 261725 
658825 658825 
541500 541500 
