141 2803221
1 19881 
2 39762 
3 59643 
4 79524 
5 99405 
6 119286 
7 139167 
8 159048 
9 178929 
10 198810 
11 218691 
12 238572 
13 258453 
14 278334 
15 298215 
16 318096 
17 337977 
18 357858 
19 377739 
20 397620 
21 417501 
22 437382 
23 457263 
24 477144 
25 497025 
26 516906 
27 536787 
28 556668 
29 576549 
30 596430 
31 616311 
32 636192 
33 656073 
34 675954 
35 695835 
36 715716 
37 735597 
38 755478 
39 775359 
40 795240 
41 815121 
42 835002 
43 854883 
44 874764 
45 894645 
46 914526 
47 934407 
48 954288 
49 974169 
50 994050 
51 1013931 
52 1033812 
53 1053693 
54 1073574 
55 1093455 
56 1113336 
57 1133217 
58 1153098 
59 1172979 
60 1192860 
61 1212741 
62 1232622 
63 1252503 
64 1272384 
65 1292265 
66 1312146 
67 1332027 
68 1351908 
69 1371789 
70 1391670 
71 1411551 
72 1431432 
73 1451313 
74 1471194 
75 1491075 
76 1510956 
77 1530837 
78 1550718 
79 1570599 
80 1590480 
81 1610361 
82 1630242 
83 1650123 
84 1670004 
85 1689885 
86 1709766 
87 1729647 
88 1749528 
89 1769409 
90 1789290 
91 1809171 
92 1829052 
93 1848933 
94 1868814 
95 1888695 
96 1908576 
97 1928457 
98 1948338 
99 1968219 
100 1988100 
101 2007981 
102 2027862 
103 2047743 
104 2067624 
105 2087505 
106 2107386 
107 2127267 
108 2147148 
109 2167029 
110 2186910 
111 2206791 
112 2226672 
113 2246553 
114 2266434 
115 2286315 
116 2306196 
117 2326077 
118 2345958 
119 2365839 
120 2385720 
121 2405601 
122 2425482 
123 2445363 
124 2465244 
125 2485125 
126 2505006 
127 2524887 
128 2544768 
129 2564649 
130 2584530 
131 2604411 
132 2624292 
133 2644173 
134 2664054 
135 2683935 
136 2703816 
137 2723697 
138 2743578 
139 2763459 
140 2783340 
141 2803221 
