75 5625
360000 360000 
416250 416250 
1 33750 
1 5625 
1 146250 
315000 315000 
354375 354375 
1 101250 
376875 376875 
292500 292500 
388125 388125 
219375 219375 
1 112500 
303750 303750 
365625 365625 
1 151875 
1 95625 
1 174375 
236250 236250 
1 90000 
410625 410625 
1 196875 
326250 326250 
1 191250 
405000 405000 
1 22500 
1 168750 
298125 298125 
393750 393750 
320625 320625 
1 28125 
286875 286875 
1 163125 
1 123750 
247500 247500 
1 50625 
275625 275625 
241875 241875 
1 56250 
270000 270000 
337500 337500 
281250 281250 
1 106875 
258750 258750 
1 140625 
213750 213750 
1 78750 
1 73125 
1 45000 
1 67500 
1 61875 
399375 399375 
1 202500 
1 180000 
225000 225000 
264375 264375 
331875 331875 
1 16875 
309375 309375 
1 185625 
253125 253125 
1 129375 
343125 343125 
371250 371250 
1 157500 
382500 382500 
1 208125 
421875 421875 
230625 230625 
1 11250 
1 84375 
1 39375 
1 118125 
348750 348750 
1 135000 
