115 13225
1 13225 
780275 780275 
1 105800 
1 145475 
1 727375 
1 370300 
1 648025 
1097675 1097675 
1 608350 
1 330625 
1190250 1190250 
1 714150 
1 687700 
1520875 1520875 
1 383525 
1 529000 
1296050 1296050 
1507650 1507650 
1 595125 
1 476100 
1 581900 
1348950 1348950 
1375400 1375400 
1 277725 
1058000 1058000 
1018325 1018325 
1071225 1071225 
1 555450 
1124125 1124125 
1163800 1163800 
1137350 1137350 
1005100 1005100 
1203475 1203475 
1454750 1454750 
1 251275 
1 436425 
991875 991875 
1 753825 
1309275 1309275 
1044775 1044775 
1401850 1401850 
1 185150 
1 290950 
859625 859625 
1362175 1362175 
1 700925 
1 661250 
1335725 1335725 
1110900 1110900 
1 489325 
1 357075 
1 634800 
1 39675 
1322500 1322500 
1269600 1269600 
1 198375 
1243150 1243150 
846400 846400 
1282825 1282825 
1177025 1177025 
952200 952200 
1216700 1216700 
1 264500 
1 409975 
1 568675 
899300 899300 
1 211600 
886075 886075 
1 317400 
1 396750 
806725 806725 
1 502550 
1 26450 
978650 978650 
925750 925750 
1 171925 
1 224825 
1 238050 
1 119025 
1 515775 
1 542225 
1031550 1031550 
1229925 1229925 
819950 819950 
1256375 1256375 
872850 872850 
1 92575 
1 462875 
1 674475 
1388625 1388625 
1 79350 
1 66125 
1 343850 
1084450 1084450 
1150575 1150575 
1428300 1428300 
1 304175 
1 621575 
1415075 1415075 
1 52900 
833175 833175 
1494425 1494425 
767050 767050 
1 740600 
912525 912525 
965425 965425 
1 132250 
1441525 1441525 
1 423200 
1 449650 
1467975 1467975 
1 158700 
793500 793500 
1481200 1481200 
938975 938975 
