193 37249
6704820 6704820 
4209137 4209137 
1 2793675 
5922591 5922591 
5512852 5512852 
1 2830924 
4320884 4320884 
5103113 5103113 
3948394 3948394 
1 2309438 
5736346 5736346 
1 223494 
1 2383936 
1 1378213 
1 3166165 
1 2979920 
1 856727 
1 3501406 
1 3017169 
1 297992 
4879619 4879619 
6071587 6071587 
1 3426908 
1 670482 
5810844 5810844 
1 1080221 
1 1638956 
3650402 3650402 
1 2495683 
1 2197691 
1 446988 
4693374 4693374 
1 148996 
4991366 4991366 
5997089 5997089 
1 372490 
1 1005723 
1 2458434 
1 3277912 
1 968474 
4581627 4581627 
1 2905422 
4358133 4358133 
4097390 4097390 
1 1489960 
6444077 6444077 
5363856 5363856 
5140362 5140362 
1 2607430 
1 2868173 
1 595984 
4022892 4022892 
6034338 6034338 
1 1601707 
4954117 4954117 
1 1191968 
6146085 6146085 
4805121 4805121 
3836647 3836647 
4134639 4134639 
3911145 3911145 
4842370 4842370 
1 2234940 
6295081 6295081 
4060141 4060141 
1 1676205 
1 2756426 
7114559 7114559 
1 3128916 
5959840 5959840 
1 2421185 
1 3203414 
4767872 4767872 
5252109 5252109 
6369579 6369579 
1 744980 
6928314 6928314 
4507129 4507129 
1 1564458 
1 3315161 
6555824 6555824 
4246386 4246386 
7189057 7189057 
1 1936948 
1 633233 
6593073 6593073 
1 409739 
5587350 5587350 
7151808 7151808 
1 335241 
3799398 3799398 
5885342 5885342 
1 1862450 
5699097 5699097 
6667571 6667571 
6108836 6108836 
1 707731 
6332330 6332330 
1 1452711 
1 2719177 
1 186245 
1 1787952 
1 3054418 
5661848 5661848 
1 1750703 
1 2011446 
7077310 7077310 
5773595 5773595 
5475603 5475603 
1 1117470 
1 2942671 
6406828 6406828 
1 1899699 
3873896 3873896 
1 2123193 
6853816 6853816 
1 1266466 
4544378 4544378 
1 3091667 
5326607 5326607 
1 931225 
1 893976 
3613153 3613153 
5289358 5289358 
1 1974197 
1 260743 
5624599 5624599 
6481326 6481326 
1 2085944 
3762149 3762149 
1 1229217 
1 3389659 
6630322 6630322 
5848093 5848093 
5438354 5438354 
6891065 6891065 
1 1042972 
1 819478 
4469880 4469880 
6518575 6518575 
1 3240663 
5550101 5550101 
5177611 5177611 
3724900 3724900 
1 1415462 
1 2272189 
1 37249 
1 3538655 
4656125 4656125 
1 521486 
7040061 7040061 
6779318 6779318 
5065864 5065864 
7002812 7002812 
1 2160442 
5028615 5028615 
1 2048695 
1 1713454 
1 2681928 
3687651 3687651 
3985643 3985643 
1 2570181 
1 2532932 
1 2346687 
1 782229 
4283635 4283635 
6220583 6220583 
1 484237 
1 1303715 
1 111747 
1 2644679 
4395382 4395382 
1 74498 
4618876 4618876 
1 558735 
4171888 4171888 
4432631 4432631 
5401105 5401105 
1 1154719 
1 1527209 
6965563 6965563 
1 3464157 
6742069 6742069 
6816567 6816567 
1 1825201 
1 3352410 
6183334 6183334 
4916868 4916868 
6257832 6257832 
1 3575904 
4730623 4730623 
5214860 5214860 
1 1340964 
