132 2299968
1 17424 
2 34848 
3 52272 
4 69696 
5 87120 
6 104544 
7 121968 
8 139392 
9 156816 
10 174240 
11 191664 
12 209088 
13 226512 
14 243936 
15 261360 
16 278784 
17 296208 
18 313632 
19 331056 
20 348480 
21 365904 
22 383328 
23 400752 
24 418176 
25 435600 
26 453024 
27 470448 
28 487872 
29 505296 
30 522720 
31 540144 
32 557568 
33 574992 
34 592416 
35 609840 
36 627264 
37 644688 
38 662112 
39 679536 
40 696960 
41 714384 
42 731808 
43 749232 
44 766656 
45 784080 
46 801504 
47 818928 
48 836352 
49 853776 
50 871200 
51 888624 
52 906048 
53 923472 
54 940896 
55 958320 
56 975744 
57 993168 
58 1010592 
59 1028016 
60 1045440 
61 1062864 
62 1080288 
63 1097712 
64 1115136 
65 1132560 
66 1149984 
67 1167408 
68 1184832 
69 1202256 
70 1219680 
71 1237104 
72 1254528 
73 1271952 
74 1289376 
75 1306800 
76 1324224 
77 1341648 
78 1359072 
79 1376496 
80 1393920 
81 1411344 
82 1428768 
83 1446192 
84 1463616 
85 1481040 
86 1498464 
87 1515888 
88 1533312 
89 1550736 
90 1568160 
91 1585584 
92 1603008 
93 1620432 
94 1637856 
95 1655280 
96 1672704 
97 1690128 
98 1707552 
99 1724976 
100 1742400 
101 1759824 
102 1777248 
103 1794672 
104 1812096 
105 1829520 
106 1846944 
107 1864368 
108 1881792 
109 1899216 
110 1916640 
111 1934064 
112 1951488 
113 1968912 
114 1986336 
115 2003760 
116 2021184 
117 2038608 
118 2056032 
119 2073456 
120 2090880 
121 2108304 
122 2125728 
123 2143152 
124 2160576 
125 2178000 
126 2195424 
127 2212848 
128 2230272 
129 2247696 
130 2265120 
131 2282544 
132 2299968 
