197 38809
3997327 3997327 
1 1241888 
6946811 6946811 
1 2561394 
7257283 7257283 
6325867 6325867 
7102047 7102047 
6675148 6675148 
4695889 4695889 
1 3648046 
6636339 6636339 
6519912 6519912 
1 2173304 
4734698 4734698 
7024429 7024429 
3880900 3880900 
4268990 4268990 
6287058 6287058 
1 1862832 
1 504517 
5239215 5239215 
1 853798 
7451328 7451328 
7412519 7412519 
6830384 6830384 
1 2677821 
6209440 6209440 
1 1824023 
5316833 5316833 
1 3104720 
1 2406158 
1 582135 
6403485 6403485 
6597530 6597530 
1 3531619 
1 1513551 
5743732 5743732 
5045170 5045170 
5355642 5355642 
1 620944 
1 1474742 
1 3686855 
1 2328540 
1 2639012 
6481103 6481103 
1 2212113 
1 2018068 
1 426899 
1 194045 
1 814989 
1 659753 
4113754 4113754 
4385417 4385417 
1 3454001 
5083979 5083979 
4424226 4424226 
7140856 7140856 
1 1979259 
5006361 5006361 
1 349281 
1 2988293 
1 77618 
7334901 7334901 
4579462 4579462 
1 1164270 
1 1707596 
4851125 4851125 
1 1009034 
4230181 4230181 
1 38809 
5510878 5510878 
4967552 4967552 
1 2716630 
1 1668787 
1 1785214 
1 543326 
5394451 5394451 
4036136 4036136 
4889934 4889934 
1 2134495 
1 1552360 
1 232854 
5472069 5472069 
1 1280697 
1 3259956 
1 1940450 
1 2056877 
5278024 5278024 
1 1125461 
1 1319506 
1 1591169 
1 2483776 
4928743 4928743 
4074945 4074945 
1 2600203 
6131822 6131822 
1 3376383 
1 3298765 
7606564 7606564 
1 2871866 
5549687 5549687 
6015395 6015395 
6364676 6364676 
4540653 4540653 
1 3182338 
6248249 6248249 
1 3027102 
1 3609237 
1 737371 
1 1358315 
5200406 5200406 
6791575 6791575 
1 3492810 
4307799 4307799 
4152563 4152563 
4812316 4812316 
5588496 5588496 
5122788 5122788 
5976586 5976586 
1 2444967 
1 116427 
6558721 6558721 
5161597 5161597 
6713957 6713957 
1 155236 
1 310472 
4618271 4618271 
1 1435933 
6054204 6054204 
4191372 4191372 
3842091 3842091 
1 3221147 
1 1086652 
6093013 6093013 
1 970225 
1 2367349 
4657080 4657080 
5666114 5666114 
1 2833057 
5704923 5704923 
1 2289731 
4501844 4501844 
1 2755439 
1 1629978 
4773507 4773507 
5898968 5898968 
1 3764473 
4463035 4463035 
6869193 6869193 
1 2949484 
6752766 6752766 
7179665 7179665 
1 3065911 
7296092 7296092 
3958518 3958518 
5782541 5782541 
5860159 5860159 
1 2250922 
1 465708 
7063238 7063238 
5937777 5937777 
1 1746405 
1 776180 
5433260 5433260 
7528946 7528946 
3919709 3919709 
1 3803282 
1 2095686 
6985620 6985620 
1 2910675 
1 271663 
1 388090 
1 2794248 
6442294 6442294 
7373710 7373710 
1 1203079 
1 3337574 
1 3415192 
5627305 5627305 
7567755 7567755 
5821350 5821350 
1 1397124 
7218474 7218474 
1 2522585 
1 698562 
7645373 7645373 
1 3143529 
1 892607 
1 1047843 
1 931416 
1 3570428 
6908002 6908002 
6170631 6170631 
7490137 7490137 
4346608 4346608 
1 1901641 
1 3725664 
