160 4096000
1 25600 
2 51200 
3 76800 
4 102400 
5 128000 
6 153600 
7 179200 
8 204800 
9 230400 
10 256000 
11 281600 
12 307200 
13 332800 
14 358400 
15 384000 
16 409600 
17 435200 
18 460800 
19 486400 
20 512000 
21 537600 
22 563200 
23 588800 
24 614400 
25 640000 
26 665600 
27 691200 
28 716800 
29 742400 
30 768000 
31 793600 
32 819200 
33 844800 
34 870400 
35 896000 
36 921600 
37 947200 
38 972800 
39 998400 
40 1024000 
41 1049600 
42 1075200 
43 1100800 
44 1126400 
45 1152000 
46 1177600 
47 1203200 
48 1228800 
49 1254400 
50 1280000 
51 1305600 
52 1331200 
53 1356800 
54 1382400 
55 1408000 
56 1433600 
57 1459200 
58 1484800 
59 1510400 
60 1536000 
61 1561600 
62 1587200 
63 1612800 
64 1638400 
65 1664000 
66 1689600 
67 1715200 
68 1740800 
69 1766400 
70 1792000 
71 1817600 
72 1843200 
73 1868800 
74 1894400 
75 1920000 
76 1945600 
77 1971200 
78 1996800 
79 2022400 
80 2048000 
81 2073600 
82 2099200 
83 2124800 
84 2150400 
85 2176000 
86 2201600 
87 2227200 
88 2252800 
89 2278400 
90 2304000 
91 2329600 
92 2355200 
93 2380800 
94 2406400 
95 2432000 
96 2457600 
97 2483200 
98 2508800 
99 2534400 
100 2560000 
101 2585600 
102 2611200 
103 2636800 
104 2662400 
105 2688000 
106 2713600 
107 2739200 
108 2764800 
109 2790400 
110 2816000 
111 2841600 
112 2867200 
113 2892800 
114 2918400 
115 2944000 
116 2969600 
117 2995200 
118 3020800 
119 3046400 
120 3072000 
121 3097600 
122 3123200 
123 3148800 
124 3174400 
125 3200000 
126 3225600 
127 3251200 
128 3276800 
129 3302400 
130 3328000 
131 3353600 
132 3379200 
133 3404800 
134 3430400 
135 3456000 
136 3481600 
137 3507200 
138 3532800 
139 3558400 
140 3584000 
141 3609600 
142 3635200 
143 3660800 
144 3686400 
145 3712000 
146 3737600 
147 3763200 
148 3788800 
149 3814400 
150 3840000 
151 3865600 
152 3891200 
153 3916800 
154 3942400 
155 3968000 
156 3993600 
157 4019200 
158 4044800 
159 4070400 
160 4096000 
