183 6128487
1 33489 
2 66978 
3 100467 
4 133956 
5 167445 
6 200934 
7 234423 
8 267912 
9 301401 
10 334890 
11 368379 
12 401868 
13 435357 
14 468846 
15 502335 
16 535824 
17 569313 
18 602802 
19 636291 
20 669780 
21 703269 
22 736758 
23 770247 
24 803736 
25 837225 
26 870714 
27 904203 
28 937692 
29 971181 
30 1004670 
31 1038159 
32 1071648 
33 1105137 
34 1138626 
35 1172115 
36 1205604 
37 1239093 
38 1272582 
39 1306071 
40 1339560 
41 1373049 
42 1406538 
43 1440027 
44 1473516 
45 1507005 
46 1540494 
47 1573983 
48 1607472 
49 1640961 
50 1674450 
51 1707939 
52 1741428 
53 1774917 
54 1808406 
55 1841895 
56 1875384 
57 1908873 
58 1942362 
59 1975851 
60 2009340 
61 2042829 
62 2076318 
63 2109807 
64 2143296 
65 2176785 
66 2210274 
67 2243763 
68 2277252 
69 2310741 
70 2344230 
71 2377719 
72 2411208 
73 2444697 
74 2478186 
75 2511675 
76 2545164 
77 2578653 
78 2612142 
79 2645631 
80 2679120 
81 2712609 
82 2746098 
83 2779587 
84 2813076 
85 2846565 
86 2880054 
87 2913543 
88 2947032 
89 2980521 
90 3014010 
91 3047499 
92 3080988 
93 3114477 
94 3147966 
95 3181455 
96 3214944 
97 3248433 
98 3281922 
99 3315411 
100 3348900 
101 3382389 
102 3415878 
103 3449367 
104 3482856 
105 3516345 
106 3549834 
107 3583323 
108 3616812 
109 3650301 
110 3683790 
111 3717279 
112 3750768 
113 3784257 
114 3817746 
115 3851235 
116 3884724 
117 3918213 
118 3951702 
119 3985191 
120 4018680 
121 4052169 
122 4085658 
123 4119147 
124 4152636 
125 4186125 
126 4219614 
127 4253103 
128 4286592 
129 4320081 
130 4353570 
131 4387059 
132 4420548 
133 4454037 
134 4487526 
135 4521015 
136 4554504 
137 4587993 
138 4621482 
139 4654971 
140 4688460 
141 4721949 
142 4755438 
143 4788927 
144 4822416 
145 4855905 
146 4889394 
147 4922883 
148 4956372 
149 4989861 
150 5023350 
151 5056839 
152 5090328 
153 5123817 
154 5157306 
155 5190795 
156 5224284 
157 5257773 
158 5291262 
159 5324751 
160 5358240 
161 5391729 
162 5425218 
163 5458707 
164 5492196 
165 5525685 
166 5559174 
167 5592663 
168 5626152 
169 5659641 
170 5693130 
171 5726619 
172 5760108 
173 5793597 
174 5827086 
175 5860575 
176 5894064 
177 5927553 
178 5961042 
179 5994531 
180 6028020 
181 6061509 
182 6094998 
183 6128487 
