109 1295029
1 11881 
2 23762 
3 35643 
4 47524 
5 59405 
6 71286 
7 83167 
8 95048 
9 106929 
10 118810 
11 130691 
12 142572 
13 154453 
14 166334 
15 178215 
16 190096 
17 201977 
18 213858 
19 225739 
20 237620 
21 249501 
22 261382 
23 273263 
24 285144 
25 297025 
26 308906 
27 320787 
28 332668 
29 344549 
30 356430 
31 368311 
32 380192 
33 392073 
34 403954 
35 415835 
36 427716 
37 439597 
38 451478 
39 463359 
40 475240 
41 487121 
42 499002 
43 510883 
44 522764 
45 534645 
46 546526 
47 558407 
48 570288 
49 582169 
50 594050 
51 605931 
52 617812 
53 629693 
54 641574 
55 653455 
56 665336 
57 677217 
58 689098 
59 700979 
60 712860 
61 724741 
62 736622 
63 748503 
64 760384 
65 772265 
66 784146 
67 796027 
68 807908 
69 819789 
70 831670 
71 843551 
72 855432 
73 867313 
74 879194 
75 891075 
76 902956 
77 914837 
78 926718 
79 938599 
80 950480 
81 962361 
82 974242 
83 986123 
84 998004 
85 1009885 
86 1021766 
87 1033647 
88 1045528 
89 1057409 
90 1069290 
91 1081171 
92 1093052 
93 1104933 
94 1116814 
95 1128695 
96 1140576 
97 1152457 
98 1164338 
99 1176219 
100 1188100 
101 1199981 
102 1211862 
103 1223743 
104 1235624 
105 1247505 
106 1259386 
107 1271267 
108 1283148 
109 1295029 
