59 205379
1 3481 
2 6962 
3 10443 
4 13924 
5 17405 
6 20886 
7 24367 
8 27848 
9 31329 
10 34810 
11 38291 
12 41772 
13 45253 
14 48734 
15 52215 
16 55696 
17 59177 
18 62658 
19 66139 
20 69620 
21 73101 
22 76582 
23 80063 
24 83544 
25 87025 
26 90506 
27 93987 
28 97468 
29 100949 
30 104430 
31 107911 
32 111392 
33 114873 
34 118354 
35 121835 
36 125316 
37 128797 
38 132278 
39 135759 
40 139240 
41 142721 
42 146202 
43 149683 
44 153164 
45 156645 
46 160126 
47 163607 
48 167088 
49 170569 
50 174050 
51 177531 
52 181012 
53 184493 
54 187974 
55 191455 
56 194936 
57 198417 
58 201898 
59 205379 
