61 226981
1 3721 
2 7442 
3 11163 
4 14884 
5 18605 
6 22326 
7 26047 
8 29768 
9 33489 
10 37210 
11 40931 
12 44652 
13 48373 
14 52094 
15 55815 
16 59536 
17 63257 
18 66978 
19 70699 
20 74420 
21 78141 
22 81862 
23 85583 
24 89304 
25 93025 
26 96746 
27 100467 
28 104188 
29 107909 
30 111630 
31 115351 
32 119072 
33 122793 
34 126514 
35 130235 
36 133956 
37 137677 
38 141398 
39 145119 
40 148840 
41 152561 
42 156282 
43 160003 
44 163724 
45 167445 
46 171166 
47 174887 
48 178608 
49 182329 
50 186050 
51 189771 
52 193492 
53 197213 
54 200934 
55 204655 
56 208376 
57 212097 
58 215818 
59 219539 
60 223260 
61 226981 
