82 6724
410164 410164 
1 268960 
1 134480 
1 67240 
396716 396716 
1 121032 
1 161376 
329476 329476 
383268 383268 
1 215168 
403440 403440 
544644 544644 
517748 517748 
1 201720 
1 181548 
551368 551368 
1 127756 
1 235340 
531196 531196 
356372 356372 
416888 416888 
1 94136 
470680 470680 
497576 497576 
1 262236 
349648 349648 
1 107584 
1 73964 
1 80688 
295856 295856 
1 228616 
457232 457232 
463956 463956 
1 221892 
1 6724 
430336 430336 
1 188272 
524472 524472 
389992 389992 
1 60516 
1 248788 
1 168100 
1 114308 
1 194996 
316028 316028 
1 33620 
1 47068 
1 208444 
537920 537920 
336200 336200 
282408 282408 
1 141204 
1 154652 
437060 437060 
376544 376544 
477404 477404 
443784 443784 
1 147928 
484128 484128 
504300 504300 
1 275684 
1 174824 
423612 423612 
289132 289132 
309304 309304 
369820 369820 
1 26896 
1 87412 
302580 302580 
322752 322752 
363096 363096 
1 100860 
1 13448 
342924 342924 
450508 450508 
511024 511024 
1 242064 
1 40344 
1 20172 
1 255512 
1 53792 
490852 490852 
