121 1771561
1 14641 
2 29282 
3 43923 
4 58564 
5 73205 
6 87846 
7 102487 
8 117128 
9 131769 
10 146410 
11 161051 
12 175692 
13 190333 
14 204974 
15 219615 
16 234256 
17 248897 
18 263538 
19 278179 
20 292820 
21 307461 
22 322102 
23 336743 
24 351384 
25 366025 
26 380666 
27 395307 
28 409948 
29 424589 
30 439230 
31 453871 
32 468512 
33 483153 
34 497794 
35 512435 
36 527076 
37 541717 
38 556358 
39 570999 
40 585640 
41 600281 
42 614922 
43 629563 
44 644204 
45 658845 
46 673486 
47 688127 
48 702768 
49 717409 
50 732050 
51 746691 
52 761332 
53 775973 
54 790614 
55 805255 
56 819896 
57 834537 
58 849178 
59 863819 
60 878460 
61 893101 
62 907742 
63 922383 
64 937024 
65 951665 
66 966306 
67 980947 
68 995588 
69 1010229 
70 1024870 
71 1039511 
72 1054152 
73 1068793 
74 1083434 
75 1098075 
76 1112716 
77 1127357 
78 1141998 
79 1156639 
80 1171280 
81 1185921 
82 1200562 
83 1215203 
84 1229844 
85 1244485 
86 1259126 
87 1273767 
88 1288408 
89 1303049 
90 1317690 
91 1332331 
92 1346972 
93 1361613 
94 1376254 
95 1390895 
96 1405536 
97 1420177 
98 1434818 
99 1449459 
100 1464100 
101 1478741 
102 1493382 
103 1508023 
104 1522664 
105 1537305 
106 1551946 
107 1566587 
108 1581228 
109 1595869 
110 1610510 
111 1625151 
112 1639792 
113 1654433 
114 1669074 
115 1683715 
116 1698356 
117 1712997 
118 1727638 
119 1742279 
120 1756920 
121 1771561 
