133 17689
1 300713 
1 972895 
1768900 1768900 
1379742 1379742 
1344364 1344364 
2158058 2158058 
1 459914 
2281881 2281881 
1839656 1839656 
2016546 2016546 
1 265335 
1 495292 
1 725249 
1 583737 
1255919 1255919 
2034235 2034235 
2104991 2104991 
1432809 1432809 
1 636804 
1698144 1698144 
2211125 2211125 
1 371469 
1592010 1592010 
1 406847 
1945790 1945790 
1 141512 
1 1149785 
1 389158 
1 35378 
1 442225 
1 689871 
2264192 2264192 
1981168 1981168 
2140369 2140369 
1 1008273 
1362053 1362053 
2334948 2334948 
1 1096718 
2246503 2246503 
1468187 1468187 
1680455 1680455 
1821967 1821967 
2352637 2352637 
1450498 1450498 
1928101 1928101 
1273608 1273608 
1 159201 
1 760627 
1 1043651 
1 53067 
1 353780 
1 884450 
1627388 1627388 
1609699 1609699 
2087302 2087302 
1 477603 
1 1025962 
1 742938 
1 336091 
1 849072 
1786589 1786589 
1 813694 
1 796005 
1291297 1291297 
1751211 1751211 
2069613 2069613 
1 1132096 
1538943 1538943 
1485876 1485876 
1 1114407 
1 866761 
1875034 1875034 
1 17689 
1 194579 
1220541 1220541 
1 229957 
1733522 1733522 
1 247646 
1521254 1521254 
1662766 1662766 
1 318402 
1 955206 
2299570 2299570 
1 1167474 
1998857 1998857 
1 654493 
1308986 1308986 
2051924 2051924 
1857345 1857345 
2228814 2228814 
1 176890 
1503565 1503565 
1804278 1804278 
1 70756 
1 619115 
1892723 1892723 
2193436 2193436 
1 1079029 
1397431 1397431 
1415120 1415120 
1 778316 
1 106134 
1963479 1963479 
1326675 1326675 
1645077 1645077 
1910412 1910412 
1 707560 
1 530670 
1574321 1574321 
1 283024 
1202852 1202852 
1 512981 
1 831383 
2175747 2175747 
1 990584 
1715833 1715833 
2122680 2122680 
1238230 1238230 
1 424536 
1185163 1185163 
1 212268 
1 919828 
1 601426 
1 1061340 
1556632 1556632 
1 548359 
1 672182 
1 566048 
1 937517 
1 902139 
1 88445 
1 123823 
2317259 2317259 
