188 35344
5937792 5937792 
4311968 4311968 
1 2580112 
1 353440 
4276624 4276624 
6361920 6361920 
4418000 4418000 
1 742224 
1 494816 
5372288 5372288 
1 2509424 
1 3322336 
4948160 4948160 
5018848 5018848 
1 3251648 
1 2615456 
6609328 6609328 
4559376 4559376 
1 424128 
5054192 5054192 
3993872 3993872 
5690384 5690384 
4347312 4347312 
6043824 6043824 
1 106032 
1 1449104 
5867104 5867104 
1 3110272 
3781808 3781808 
1 1060320 
1 2650800 
5195568 5195568 
6185200 6185200 
1 954288 
5124880 5124880 
4912816 4912816 
6573984 6573984 
1 2085296 
1 3039584 
1 3145616 
1 2827520 
5584352 5584352 
1 918944 
3675776 3675776 
6326576 6326576 
1 2686144 
6114512 6114512 
3357680 3357680 
1 176720 
6149856 6149856 
5619696 5619696 
5336944 5336944 
1 848256 
1 2403392 
6432608 6432608 
6079168 6079168 
1 2262016 
1 2862864 
4064560 4064560 
1 989632 
4029216 4029216 
5301600 5301600 
4983504 4983504 
4524032 4524032 
1 247408 
1 1024976 
4453344 4453344 
1 636192 
1 1873232 
1 1943920 
5513664 5513664 
5442976 5442976 
3428368 3428368 
1 2968896 
1 530160 
1 459472 
1 1696512 
1 318096 
5549008 5549008 
1 282752 
1 600848 
4842128 4842128 
5796416 5796416 
5160224 5160224 
4700752 4700752 
5266256 5266256 
4594720 4594720 
1 2933552 
1 35344 
4736096 4736096 
3923184 3923184 
1 1837888 
6644672 6644672 
1 706880 
3534400 3534400 
1 2544768 
1 2155984 
1 1590480 
1 2368048 
5655040 5655040 
1 1237040 
1 70688 
4241280 4241280 
4382656 4382656 
1 565504 
1 1731856 
1 3074928 
4630064 4630064 
3499056 3499056 
6220544 6220544 
1 1908576 
3887840 3887840 
4665408 4665408 
1 212064 
1 1767200 
1 3286992 
3852496 3852496 
6397264 6397264 
6291232 6291232 
5831760 5831760 
1 1413760 
1 1131008 
1 2332704 
5725728 5725728 
6008480 6008480 
1 2297360 
1 1802544 
5407632 5407632 
3817152 3817152 
1 2898208 
4771440 4771440 
3640432 3640432 
1 1625824 
1 1661168 
1 2721488 
1 1201696 
5478320 5478320 
1 388784 
1 2120640 
1 2756832 
1 2049952 
1 2226672 
1 1979264 
4135248 4135248 
3711120 3711120 
1 2191328 
1 2474080 
1 1272384 
1 1484448 
6503296 6503296 
1 2014608 
1 2792176 
1 3180960 
1 1555136 
1 1166352 
1 141376 
5973136 5973136 
4806784 4806784 
3958528 3958528 
1 1378416 
5089536 5089536 
5230912 5230912 
1 1519792 
1 1343072 
4205936 4205936 
1 671536 
4099904 4099904 
5902448 5902448 
3393024 3393024 
6467952 6467952 
4488688 4488688 
1 1095664 
1 2438736 
3569744 3569744 
4877472 4877472 
1 883600 
1 777568 
3605088 3605088 
1 1307728 
3746464 3746464 
3463712 3463712 
1 3216304 
4170592 4170592 
1 3004240 
1 812912 
6538640 6538640 
6255888 6255888 
5761072 5761072 
