149 22201
2797326 2797326 
2397708 2397708 
1 954643 
1 865839 
1 710432 
1 643829 
1665075 1665075 
1998090 1998090 
3019336 3019336 
2974934 2974934 
1 1376462 
3263547 3263547 
2908331 2908331 
2530914 2530914 
2841728 2841728 
2242301 2242301 
1 333015 
2686321 2686321 
2752924 2752924 
1 999045 
1731678 1731678 
1 976844 
2863929 2863929 
1 377417 
1 1642874 
1 1354261 
2375507 2375507 
1 466221 
1 444020 
2997135 2997135 
1 288613 
2664120 2664120 
2220100 2220100 
1820482 1820482 
1 1265457 
2641919 2641919 
1864884 1864884 
1 1043447 
1687276 1687276 
2464311 2464311 
3152542 3152542 
1 66603 
3108140 3108140 
1 355216 
1798281 1798281 
1 1443065 
1 1598472 
2264502 2264502 
1 22201 
1 310814 
1 133206 
3174743 3174743 
1 1243256 
2619718 2619718 
1 222010 
3219145 3219145 
3196944 3196944 
1 1110050 
2886130 2886130 
3063738 3063738 
1 421819 
2575316 2575316 
2109095 2109095 
2331105 2331105 
2419909 2419909 
2553115 2553115 
3085939 3085939 
3241346 3241346 
1 577226 
1842683 1842683 
1 1509668 
1 732633 
1 1065648 
1 44402 
2131296 2131296 
1 1465266 
1 843638 
1 1332060 
2597517 2597517 
1 932442 
3041537 3041537 
1 1087849 
1 1287658 
1 244211 
1776080 1776080 
1953688 1953688 
3285748 3285748 
1 821437 
1 510623 
2086894 2086894 
2020291 2020291 
1 1531869 
2286703 2286703 
1 488422 
1 399618 
2353306 2353306 
2775125 2775125 
1 688231 
1 799236 
1887085 1887085 
2042492 2042492 
1 199809 
2308904 2308904 
1931487 1931487 
2486512 2486512 
1 754834 
1 1576271 
3130341 3130341 
2708522 2708522 
1709477 1709477 
1909286 1909286 
1 621628 
1 1398663 
1 155407 
1 1198854 
2175698 2175698 
1753879 1753879 
1 266412 
1 888040 
1 599427 
2819527 2819527 
1 1221055 
1 1554070 
2930532 2930532 
2730723 2730723 
1 777035 
2952733 2952733 
1 1309859 
1 555025 
1 177608 
1 1420864 
1 1021246 
1 1154452 
3307949 3307949 
1 88804 
2197899 2197899 
1 910241 
2064693 2064693 
1975889 1975889 
1 1176653 
2442110 2442110 
1 111005 
1 1620673 
2508713 2508713 
1 1487467 
1 532824 
1 1132251 
1 666030 
2153497 2153497 
