192 36864
1 2543616 
5050368 5050368 
1 2838528 
5677056 5677056 
3833856 3833856 
7041024 7041024 
6782976 6782976 
4644864 4644864 
3870720 3870720 
1 1585152 
4386816 4386816 
3612672 3612672 
1 73728 
6008832 6008832 
1 442368 
4313088 4313088 
1 1880064 
1 1437696 
3575808 3575808 
5935104 5935104 
1 1953792 
4165632 4165632 
1 2064384 
1 3354624 
1 1843200 
1 3465216 
5087232 5087232 
1 1511424 
1 1548288 
1 663552 
1 2912256 
1 1327104 
3981312 3981312 
1 3502080 
1 1216512 
7077888 7077888 
5455872 5455872 
4829184 4829184 
6893568 6893568 
6561792 6561792 
1 2875392 
1 2469888 
5197824 5197824 
5787648 5787648 
1 2433024 
1 2396160 
5861376 5861376 
6488064 6488064 
1 110592 
4239360 4239360 
1 3133440 
1 2027520 
1 3096576 
1 884736 
5529600 5529600 
6930432 6930432 
1 1769472 
1 294912 
1 147456 
1 3317760 
6856704 6856704 
1 1658880 
1 2248704 
6340608 6340608 
6045696 6045696 
6082560 6082560 
6672384 6672384 
1 995328 
1 3170304 
3723264 3723264 
5308416 5308416 
1 2801664 
1 1179648 
4091904 4091904 
3796992 3796992 
1 3280896 
1 3244032 
4755456 4755456 
4939776 4939776 
5824512 5824512 
1 1916928 
1 774144 
1 2101248 
5713920 5713920 
1 2691072 
4681728 4681728 
1 811008 
1 958464 
6156288 6156288 
1 184320 
5566464 5566464 
1 2617344 
1 3391488 
4902912 4902912 
1 2285568 
6266880 6266880 
4055040 4055040 
1 2764800 
1 2322432 
5603328 5603328 
5971968 5971968 
5898240 5898240 
1 921600 
1 2949120 
4718592 4718592 
1 258048 
1 3022848 
6119424 6119424 
6451200 6451200 
5345280 5345280 
6303744 6303744 
3907584 3907584 
4349952 4349952 
1 1695744 
4608000 4608000 
1 368640 
1 331776 
5492736 5492736 
3760128 3760128 
4792320 4792320 
1 1363968 
5013504 5013504 
3649536 3649536 
4128768 4128768 
1 3428352 
1 516096 
1 1474560 
1 1142784 
1 847872 
5640192 5640192 
6193152 6193152 
5124096 5124096 
6414336 6414336 
1 2727936 
1 1990656 
1 589824 
5160960 5160960 
1 479232 
5419008 5419008 
1 2359296 
1 2506752 
1 626688 
3686400 3686400 
6819840 6819840 
1 1069056 
1 1032192 
1 552960 
7004160 7004160 
1 1105920 
1 3538944 
1 1732608 
1 1400832 
1 36864 
4497408 4497408 
4534272 4534272 
6746112 6746112 
1 2211840 
1 2985984 
4866048 4866048 
6967296 6967296 
1 737280 
3944448 3944448 
5271552 5271552 
4460544 4460544 
4202496 4202496 
4276224 4276224 
1 1290240 
6377472 6377472 
1 3207168 
1 2654208 
1 2138112 
5382144 5382144 
6635520 6635520 
5750784 5750784 
6709248 6709248 
1 2580480 
5234688 5234688 
1 2174976 
4018176 4018176 
4976640 4976640 
6598656 6598656 
4571136 4571136 
1 1806336 
6230016 6230016 
1 405504 
6524928 6524928 
1 700416 
1 1622016 
1 1253376 
4423680 4423680 
1 3059712 
1 221184 
