156 3796416
1 24336 
2 48672 
3 73008 
4 97344 
5 121680 
6 146016 
7 170352 
8 194688 
9 219024 
10 243360 
11 267696 
12 292032 
13 316368 
14 340704 
15 365040 
16 389376 
17 413712 
18 438048 
19 462384 
20 486720 
21 511056 
22 535392 
23 559728 
24 584064 
25 608400 
26 632736 
27 657072 
28 681408 
29 705744 
30 730080 
31 754416 
32 778752 
33 803088 
34 827424 
35 851760 
36 876096 
37 900432 
38 924768 
39 949104 
40 973440 
41 997776 
42 1022112 
43 1046448 
44 1070784 
45 1095120 
46 1119456 
47 1143792 
48 1168128 
49 1192464 
50 1216800 
51 1241136 
52 1265472 
53 1289808 
54 1314144 
55 1338480 
56 1362816 
57 1387152 
58 1411488 
59 1435824 
60 1460160 
61 1484496 
62 1508832 
63 1533168 
64 1557504 
65 1581840 
66 1606176 
67 1630512 
68 1654848 
69 1679184 
70 1703520 
71 1727856 
72 1752192 
73 1776528 
74 1800864 
75 1825200 
76 1849536 
77 1873872 
78 1898208 
79 1922544 
80 1946880 
81 1971216 
82 1995552 
83 2019888 
84 2044224 
85 2068560 
86 2092896 
87 2117232 
88 2141568 
89 2165904 
90 2190240 
91 2214576 
92 2238912 
93 2263248 
94 2287584 
95 2311920 
96 2336256 
97 2360592 
98 2384928 
99 2409264 
100 2433600 
101 2457936 
102 2482272 
103 2506608 
104 2530944 
105 2555280 
106 2579616 
107 2603952 
108 2628288 
109 2652624 
110 2676960 
111 2701296 
112 2725632 
113 2749968 
114 2774304 
115 2798640 
116 2822976 
117 2847312 
118 2871648 
119 2895984 
120 2920320 
121 2944656 
122 2968992 
123 2993328 
124 3017664 
125 3042000 
126 3066336 
127 3090672 
128 3115008 
129 3139344 
130 3163680 
131 3188016 
132 3212352 
133 3236688 
134 3261024 
135 3285360 
136 3309696 
137 3334032 
138 3358368 
139 3382704 
140 3407040 
141 3431376 
142 3455712 
143 3480048 
144 3504384 
145 3528720 
146 3553056 
147 3577392 
148 3601728 
149 3626064 
150 3650400 
151 3674736 
152 3699072 
153 3723408 
154 3747744 
155 3772080 
156 3796416 
