122 1815848
1 14884 
2 29768 
3 44652 
4 59536 
5 74420 
6 89304 
7 104188 
8 119072 
9 133956 
10 148840 
11 163724 
12 178608 
13 193492 
14 208376 
15 223260 
16 238144 
17 253028 
18 267912 
19 282796 
20 297680 
21 312564 
22 327448 
23 342332 
24 357216 
25 372100 
26 386984 
27 401868 
28 416752 
29 431636 
30 446520 
31 461404 
32 476288 
33 491172 
34 506056 
35 520940 
36 535824 
37 550708 
38 565592 
39 580476 
40 595360 
41 610244 
42 625128 
43 640012 
44 654896 
45 669780 
46 684664 
47 699548 
48 714432 
49 729316 
50 744200 
51 759084 
52 773968 
53 788852 
54 803736 
55 818620 
56 833504 
57 848388 
58 863272 
59 878156 
60 893040 
61 907924 
62 922808 
63 937692 
64 952576 
65 967460 
66 982344 
67 997228 
68 1012112 
69 1026996 
70 1041880 
71 1056764 
72 1071648 
73 1086532 
74 1101416 
75 1116300 
76 1131184 
77 1146068 
78 1160952 
79 1175836 
80 1190720 
81 1205604 
82 1220488 
83 1235372 
84 1250256 
85 1265140 
86 1280024 
87 1294908 
88 1309792 
89 1324676 
90 1339560 
91 1354444 
92 1369328 
93 1384212 
94 1399096 
95 1413980 
96 1428864 
97 1443748 
98 1458632 
99 1473516 
100 1488400 
101 1503284 
102 1518168 
103 1533052 
104 1547936 
105 1562820 
106 1577704 
107 1592588 
108 1607472 
109 1622356 
110 1637240 
111 1652124 
112 1667008 
113 1681892 
114 1696776 
115 1711660 
116 1726544 
117 1741428 
118 1756312 
119 1771196 
120 1786080 
121 1800964 
122 1815848 
