194 7301384
1 37636 
2 75272 
3 112908 
4 150544 
5 188180 
6 225816 
7 263452 
8 301088 
9 338724 
10 376360 
11 413996 
12 451632 
13 489268 
14 526904 
15 564540 
16 602176 
17 639812 
18 677448 
19 715084 
20 752720 
21 790356 
22 827992 
23 865628 
24 903264 
25 940900 
26 978536 
27 1016172 
28 1053808 
29 1091444 
30 1129080 
31 1166716 
32 1204352 
33 1241988 
34 1279624 
35 1317260 
36 1354896 
37 1392532 
38 1430168 
39 1467804 
40 1505440 
41 1543076 
42 1580712 
43 1618348 
44 1655984 
45 1693620 
46 1731256 
47 1768892 
48 1806528 
49 1844164 
50 1881800 
51 1919436 
52 1957072 
53 1994708 
54 2032344 
55 2069980 
56 2107616 
57 2145252 
58 2182888 
59 2220524 
60 2258160 
61 2295796 
62 2333432 
63 2371068 
64 2408704 
65 2446340 
66 2483976 
67 2521612 
68 2559248 
69 2596884 
70 2634520 
71 2672156 
72 2709792 
73 2747428 
74 2785064 
75 2822700 
76 2860336 
77 2897972 
78 2935608 
79 2973244 
80 3010880 
81 3048516 
82 3086152 
83 3123788 
84 3161424 
85 3199060 
86 3236696 
87 3274332 
88 3311968 
89 3349604 
90 3387240 
91 3424876 
92 3462512 
93 3500148 
94 3537784 
95 3575420 
96 3613056 
97 3650692 
98 3688328 
99 3725964 
100 3763600 
101 3801236 
102 3838872 
103 3876508 
104 3914144 
105 3951780 
106 3989416 
107 4027052 
108 4064688 
109 4102324 
110 4139960 
111 4177596 
112 4215232 
113 4252868 
114 4290504 
115 4328140 
116 4365776 
117 4403412 
118 4441048 
119 4478684 
120 4516320 
121 4553956 
122 4591592 
123 4629228 
124 4666864 
125 4704500 
126 4742136 
127 4779772 
128 4817408 
129 4855044 
130 4892680 
131 4930316 
132 4967952 
133 5005588 
134 5043224 
135 5080860 
136 5118496 
137 5156132 
138 5193768 
139 5231404 
140 5269040 
141 5306676 
142 5344312 
143 5381948 
144 5419584 
145 5457220 
146 5494856 
147 5532492 
148 5570128 
149 5607764 
150 5645400 
151 5683036 
152 5720672 
153 5758308 
154 5795944 
155 5833580 
156 5871216 
157 5908852 
158 5946488 
159 5984124 
160 6021760 
161 6059396 
162 6097032 
163 6134668 
164 6172304 
165 6209940 
166 6247576 
167 6285212 
168 6322848 
169 6360484 
170 6398120 
171 6435756 
172 6473392 
173 6511028 
174 6548664 
175 6586300 
176 6623936 
177 6661572 
178 6699208 
179 6736844 
180 6774480 
181 6812116 
182 6849752 
183 6887388 
184 6925024 
185 6962660 
186 7000296 
187 7037932 
188 7075568 
189 7113204 
190 7150840 
191 7188476 
192 7226112 
193 7263748 
194 7301384 
