92 8464
1 304704 
710976 710976 
609408 609408 
626336 626336 
778688 778688 
1 76176 
1 279312 
694048 694048 
1 347024 
736368 736368 
719440 719440 
727904 727904 
1 93104 
668656 668656 
1 313168 
406272 406272 
617872 617872 
685584 685584 
1 50784 
1 126960 
1 245456 
465520 465520 
1 228528 
1 211600 
1 338560 
558624 558624 
1 33856 
677120 677120 
575552 575552 
440128 440128 
1 270848 
541696 541696 
592480 592480 
1 169280 
660192 660192 
397808 397808 
482448 482448 
1 16928 
634800 634800 
1 118496 
1 321632 
1 372416 
431664 431664 
1 25392 
1 135424 
702512 702512 
761760 761760 
423200 423200 
448592 448592 
600944 600944 
1 186208 
1 177744 
1 143888 
1 67712 
1 262384 
744832 744832 
550160 550160 
533232 533232 
524768 524768 
1 380880 
1 59248 
1 101568 
1 220064 
770224 770224 
490912 490912 
1 253920 
1 160816 
1 203136 
473984 473984 
1 152352 
753296 753296 
507840 507840 
457056 457056 
1 287776 
1 330096 
567088 567088 
584016 584016 
414736 414736 
1 84640 
1 42320 
1 389344 
1 363952 
1 194672 
651728 651728 
1 8464 
499376 499376 
643264 643264 
1 110032 
1 296240 
1 236992 
516304 516304 
1 355488 
