120 14400
1051200 1051200 
1036800 1036800 
878400 878400 
892800 892800 
1 777600 
1195200 1195200 
1 489600 
1 720000 
1 432000 
1 100800 
1224000 1224000 
1008000 1008000 
1 518400 
1 792000 
1 446400 
1065600 1065600 
993600 993600 
1483200 1483200 
1180800 1180800 
1 115200 
936000 936000 
1 244800 
1 460800 
1 849600 
1 331200 
1396800 1396800 
1454400 1454400 
1 576000 
1 259200 
1 14400 
1540800 1540800 
1 86400 
1252800 1252800 
1 417600 
1512000 1512000 
1713600 1713600 
1 662400 
1166400 1166400 
1 43200 
1670400 1670400 
1468800 1468800 
1 374400 
1 216000 
1 273600 
1 172800 
1 748800 
1 345600 
1 547200 
1 561600 
1 28800 
1 705600 
1 230400 
1728000 1728000 
1 388800 
1094400 1094400 
1296000 1296000 
1 763200 
1 734400 
1612800 1612800 
1 288000 
1 144000 
1 403200 
1 504000 
1267200 1267200 
1 316800 
1080000 1080000 
1382400 1382400 
1123200 1123200 
1440000 1440000 
921600 921600 
1339200 1339200 
1 648000 
1 302400 
1627200 1627200 
1 72000 
1238400 1238400 
1569600 1569600 
1684800 1684800 
1526400 1526400 
1425600 1425600 
1324800 1324800 
1699200 1699200 
1209600 1209600 
1 820800 
979200 979200 
1 619200 
1 532800 
1 187200 
1555200 1555200 
1 806400 
1137600 1137600 
1 604800 
1368000 1368000 
1353600 1353600 
1 360000 
1022400 1022400 
907200 907200 
1 129600 
1 864000 
1497600 1497600 
1 57600 
1598400 1598400 
964800 964800 
950400 950400 
1 691200 
1584000 1584000 
1641600 1641600 
1 835200 
1310400 1310400 
1152000 1152000 
1 475200 
1411200 1411200 
1656000 1656000 
1 633600 
1 158400 
1108800 1108800 
1 676800 
1 590400 
1 201600 
1281600 1281600 
