134 2406104
1 17956 
2 35912 
3 53868 
4 71824 
5 89780 
6 107736 
7 125692 
8 143648 
9 161604 
10 179560 
11 197516 
12 215472 
13 233428 
14 251384 
15 269340 
16 287296 
17 305252 
18 323208 
19 341164 
20 359120 
21 377076 
22 395032 
23 412988 
24 430944 
25 448900 
26 466856 
27 484812 
28 502768 
29 520724 
30 538680 
31 556636 
32 574592 
33 592548 
34 610504 
35 628460 
36 646416 
37 664372 
38 682328 
39 700284 
40 718240 
41 736196 
42 754152 
43 772108 
44 790064 
45 808020 
46 825976 
47 843932 
48 861888 
49 879844 
50 897800 
51 915756 
52 933712 
53 951668 
54 969624 
55 987580 
56 1005536 
57 1023492 
58 1041448 
59 1059404 
60 1077360 
61 1095316 
62 1113272 
63 1131228 
64 1149184 
65 1167140 
66 1185096 
67 1203052 
68 1221008 
69 1238964 
70 1256920 
71 1274876 
72 1292832 
73 1310788 
74 1328744 
75 1346700 
76 1364656 
77 1382612 
78 1400568 
79 1418524 
80 1436480 
81 1454436 
82 1472392 
83 1490348 
84 1508304 
85 1526260 
86 1544216 
87 1562172 
88 1580128 
89 1598084 
90 1616040 
91 1633996 
92 1651952 
93 1669908 
94 1687864 
95 1705820 
96 1723776 
97 1741732 
98 1759688 
99 1777644 
100 1795600 
101 1813556 
102 1831512 
103 1849468 
104 1867424 
105 1885380 
106 1903336 
107 1921292 
108 1939248 
109 1957204 
110 1975160 
111 1993116 
112 2011072 
113 2029028 
114 2046984 
115 2064940 
116 2082896 
117 2100852 
118 2118808 
119 2136764 
120 2154720 
121 2172676 
122 2190632 
123 2208588 
124 2226544 
125 2244500 
126 2262456 
127 2280412 
128 2298368 
129 2316324 
130 2334280 
131 2352236 
132 2370192 
133 2388148 
134 2406104 
