189 35721
6394059 6394059 
1 2464749 
1 2393307 
1 214326 
1 3072006 
3393495 3393495 
1 1285956 
1 1893213 
5393871 5393871 
3714984 3714984 
1 2107539 
1 3143448 
5036661 5036661 
1 1750329 
4679451 4679451 
4250799 4250799 
3893589 3893589 
3429216 3429216 
6608385 6608385 
1 1464561 
1 678699 
4357962 4357962 
1 2214702 
1 1107351 
1 2893401 
3643542 3643542 
5893965 5893965 
1 2643354 
4429404 4429404 
4572288 4572288 
1 1857492 
5358150 5358150 
4322241 4322241 
3786426 3786426 
5465313 5465313 
1 3107727 
1 1035909 
1 1071630 
1 1678887 
1 71442 
5608197 5608197 
1 1928934 
6215454 6215454 
5000940 5000940 
1 2750517 
4715172 4715172 
1 1607445 
1 821583 
1 3000564 
1 3322053 
1 1500282 
6251175 6251175 
1 1714608 
5965407 5965407 
1 1536003 
5679639 5679639 
1 357210 
1 571536 
4143636 4143636 
1 535815 
4465125 4465125 
6465501 6465501 
5715360 5715360 
5072382 5072382 
4786614 4786614 
6036849 6036849 
4393683 4393683 
1 35721 
1 2786238 
1 500094 
4500846 4500846 
6358338 6358338 
6144012 6144012 
3857868 3857868 
4608009 4608009 
4893777 4893777 
1 1250235 
3572100 3572100 
1 2250423 
1 2607633 
4107915 4107915 
3464937 3464937 
6751269 6751269 
6501222 6501222 
1 464373 
6536943 6536943 
4822335 4822335 
5929686 5929686 
1 1821771 
1 1143072 
3750705 3750705 
4036473 4036473 
1 3214890 
5822523 5822523 
1 1786050 
1 1321677 
1 964467 
1 142884 
5215266 5215266 
1 285768 
1 3179169 
5143824 5143824 
3500658 3500658 
1 1643166 
4215078 4215078 
6715548 6715548 
1 1214514 
1 2929122 
1 2143260 
1 1428840 
6679827 6679827 
5751081 5751081 
6108291 6108291 
1 3250611 
1 2071818 
1 2429028 
3607821 3607821 
1 1357398 
6179733 6179733 
3929310 3929310 
4750893 4750893 
5250987 5250987 
1 1178793 
1 1571724 
6286896 6286896 
4965219 4965219 
1 2964843 
1 2821959 
1 857304 
5501034 5501034 
4072194 4072194 
1 642978 
5286708 5286708 
1 750141 
1 2000376 
6001128 6001128 
1 178605 
1 2536191 
3965031 3965031 
4536567 4536567 
5179545 5179545 
1 428652 
1 928746 
3822147 3822147 
1 1393119 
1 2178981 
5108103 5108103 
1 1964655 
1 107163 
1 3036285 
1 392931 
1 2500470 
4179357 4179357 
4858056 4858056 
1 2714796 
1 714420 
6572664 6572664 
1 321489 
6429780 6429780 
1 2321865 
5429592 5429592 
6322617 6322617 
1 607257 
1 2357586 
5786802 5786802 
6072570 6072570 
3679263 3679263 
5536755 5536755 
3536379 3536379 
1 2036097 
1 250047 
4000752 4000752 
4286520 4286520 
1 2286144 
1 2679075 
1 2571912 
1 893025 
1 3357774 
5643918 5643918 
4929498 4929498 
4643730 4643730 
5572476 5572476 
1 2857680 
1 1000188 
1 785862 
1 3286332 
6644106 6644106 
5322429 5322429 
5858244 5858244 
