164 4410944
1 26896 
2 53792 
3 80688 
4 107584 
5 134480 
6 161376 
7 188272 
8 215168 
9 242064 
10 268960 
11 295856 
12 322752 
13 349648 
14 376544 
15 403440 
16 430336 
17 457232 
18 484128 
19 511024 
20 537920 
21 564816 
22 591712 
23 618608 
24 645504 
25 672400 
26 699296 
27 726192 
28 753088 
29 779984 
30 806880 
31 833776 
32 860672 
33 887568 
34 914464 
35 941360 
36 968256 
37 995152 
38 1022048 
39 1048944 
40 1075840 
41 1102736 
42 1129632 
43 1156528 
44 1183424 
45 1210320 
46 1237216 
47 1264112 
48 1291008 
49 1317904 
50 1344800 
51 1371696 
52 1398592 
53 1425488 
54 1452384 
55 1479280 
56 1506176 
57 1533072 
58 1559968 
59 1586864 
60 1613760 
61 1640656 
62 1667552 
63 1694448 
64 1721344 
65 1748240 
66 1775136 
67 1802032 
68 1828928 
69 1855824 
70 1882720 
71 1909616 
72 1936512 
73 1963408 
74 1990304 
75 2017200 
76 2044096 
77 2070992 
78 2097888 
79 2124784 
80 2151680 
81 2178576 
82 2205472 
83 2232368 
84 2259264 
85 2286160 
86 2313056 
87 2339952 
88 2366848 
89 2393744 
90 2420640 
91 2447536 
92 2474432 
93 2501328 
94 2528224 
95 2555120 
96 2582016 
97 2608912 
98 2635808 
99 2662704 
100 2689600 
101 2716496 
102 2743392 
103 2770288 
104 2797184 
105 2824080 
106 2850976 
107 2877872 
108 2904768 
109 2931664 
110 2958560 
111 2985456 
112 3012352 
113 3039248 
114 3066144 
115 3093040 
116 3119936 
117 3146832 
118 3173728 
119 3200624 
120 3227520 
121 3254416 
122 3281312 
123 3308208 
124 3335104 
125 3362000 
126 3388896 
127 3415792 
128 3442688 
129 3469584 
130 3496480 
131 3523376 
132 3550272 
133 3577168 
134 3604064 
135 3630960 
136 3657856 
137 3684752 
138 3711648 
139 3738544 
140 3765440 
141 3792336 
142 3819232 
143 3846128 
144 3873024 
145 3899920 
146 3926816 
147 3953712 
148 3980608 
149 4007504 
150 4034400 
151 4061296 
152 4088192 
153 4115088 
154 4141984 
155 4168880 
156 4195776 
157 4222672 
158 4249568 
159 4276464 
160 4303360 
161 4330256 
162 4357152 
163 4384048 
164 4410944 
