113 12769
1 715064 
1 574605 
906599 906599 
817216 817216 
1 446915 
1404590 1404590 
1200286 1200286 
1 536298 
1 651219 
1 434146 
944906 944906 
1 12769 
1238593 1238593 
1 331994 
1 549067 
1417359 1417359 
1136441 1136441 
1 676757 
727833 727833 
1 89383 
1 344763 
804447 804447 
1 280918 
983213 983213 
1 612912 
1213055 1213055 
1 689526 
1 600143 
932137 932137 
1021520 1021520 
1 383070 
1 485222 
1315207 1315207 
1340745 1340745 
1 229842 
881061 881061 
1251362 1251362 
1 140459 
893830 893830 
740602 740602 
1110903 1110903 
1098134 1098134 
1289669 1289669 
995982 995982 
778909 778909 
791678 791678 
1225824 1225824 
1008751 1008751 
1 242611 
1 217073 
1276900 1276900 
1264131 1264131 
1174748 1174748 
1442897 1442897 
1 625681 
1 663988 
1059827 1059827 
1 638450 
1 421377 
1 127690 
1 293687 
1391821 1391821 
1 587374 
1366283 1366283 
1 76614 
970444 970444 
1047058 1047058 
919368 919368 
1 268149 
1 153228 
1 51076 
868292 868292 
1085365 1085365 
1 395839 
1034289 1034289 
1 510760 
1072596 1072596 
1 165997 
1161979 1161979 
1 459684 
842754 842754 
1 38307 
1430128 1430128 
1 63845 
957675 957675 
1 25538 
1 102152 
1 370301 
1379052 1379052 
1123672 1123672 
855523 855523 
1 319225 
1187517 1187517 
1 497991 
1149210 1149210 
1353514 1353514 
1 191535 
1327976 1327976 
1 523529 
1 472453 
1 306456 
1 178766 
1 561836 
1 255380 
766140 766140 
753371 753371 
1 204304 
1302438 1302438 
1 702295 
1 357532 
1 408608 
829985 829985 
1 114921 
