157 24649
1 1183152 
2982529 2982529 
3302966 3302966 
3500158 3500158 
1 49298 
2809986 2809986 
1 1404993 
1 1725430 
1 320437 
1 345086 
2341655 2341655 
1996569 1996569 
1 295788 
3524807 3524807 
1 764119 
3549456 3549456 
1 1626834 
1 394384 
2834635 2834635 
1971920 1971920 
3598754 3598754 
1 1257099 
1 936662 
2021218 2021218 
3697350 3697350 
1947271 1947271 
2489549 2489549 
2785337 2785337 
3278317 3278317 
3376913 3376913 
1 813417 
1 24649 
3204370 3204370 
1 1010609 
1 1922622 
1 1084556 
3623403 3623403 
1 1059907 
1 665523 
3820595 3820595 
3155072 3155072 
2933231 2933231 
3229019 3229019 
1 912013 
1 172543 
1 862715 
1 1750079 
1 1109205 
1 123245 
2415602 2415602 
1 788768 
2193761 2193761 
3327615 3327615 
1 271139 
2045867 2045867 
3845244 3845244 
2563496 2563496 
1 542278 
2243059 2243059 
1 1331046 
2144463 2144463 
1 1602185 
1 1552887 
1 1824026 
2514198 2514198 
1 887364 
1 468331 
1 369735 
1 591576 
2464900 2464900 
1 147894 
2736039 2736039 
3648052 3648052 
1 1429642 
1 1528238 
1 1774728 
1 197192 
1 1700781 
1 714821 
3672701 3672701 
2711390 2711390 
1 690172 
2760688 2760688 
2612794 2612794 
3105774 3105774 
2366304 2366304 
3574105 3574105 
1 1355695 
3401562 3401562 
1 1799377 
2957880 2957880 
1 1897973 
2686741 2686741 
1 1577536 
1 566927 
2637443 2637443 
1 1478940 
3179721 3179721 
1 1232450 
2440251 2440251 
1 73947 
2070516 2070516 
2218410 2218410 
3771297 3771297 
1 1035258 
3795946 3795946 
1 1380344 
1 1306397 
3746648 3746648 
1 640874 
3007178 3007178 
2267708 2267708 
2119814 2119814 
2317006 2317006 
2883933 2883933 
1 985960 
3056476 3056476 
1 517629 
2859284 2859284 
3450860 3450860 
3130423 3130423 
2095165 2095165 
3721999 3721999 
3426211 3426211 
1 1503589 
2169112 2169112 
1 961311 
1 838066 
1 492980 
3352264 3352264 
3081125 3081125 
2908582 2908582 
1 1651483 
3253668 3253668 
2588145 2588145 
1 419033 
1 1281748 
1 1454291 
1 1873324 
1 1676132 
1 443682 
3869893 3869893 
1 1207801 
1 246490 
1 1158503 
1 221841 
2538847 2538847 
2662092 2662092 
2390953 2390953 
3475509 3475509 
1 98596 
1 1133854 
1 739470 
1 1848675 
1 616225 
3031827 3031827 
2292357 2292357 
