93 8649
1 216225 
588132 588132 
1 380556 
657324 657324 
415152 415152 
1 17298 
631377 631377 
622728 622728 
1 345960 
1 337311 
562185 562185 
1 259470 
484344 484344 
752463 752463 
596781 596781 
570834 570834 
769761 769761 
1 181629 
761112 761112 
605430 605430 
717867 717867 
1 155682 
406503 406503 
1 389205 
1 121086 
1 294066 
1 198927 
1 363258 
1 25947 
527589 527589 
1 138384 
1 103788 
665973 665973 
475695 475695 
735165 735165 
648675 648675 
700569 700569 
1 190278 
1 242172 
1 86490 
640026 640026 
1 328662 
1 51894 
544887 544887 
1 95139 
743814 743814 
1 77841 
501642 501642 
1 268119 
1 397854 
778410 778410 
787059 787059 
1 147033 
726516 726516 
709218 709218 
1 285417 
804357 804357 
1 129735 
1 8649 
1 233523 
1 164331 
614079 614079 
1 224874 
691920 691920 
1 276768 
492993 492993 
449748 449748 
432450 432450 
467046 467046 
683271 683271 
1 34596 
1 354609 
510291 510291 
536238 536238 
1 69192 
1 207576 
441099 441099 
1 250821 
795708 795708 
1 320013 
579483 579483 
674622 674622 
423801 423801 
1 43245 
1 112437 
553536 553536 
1 311364 
1 172980 
458397 458397 
518940 518940 
1 302715 
1 371907 
1 60543 
