158 24964
1 1922228 
1997120 1997120 
1 948632 
1 1198272 
1 923668 
2371580 2371580 
3395104 3395104 
2521364 2521364 
1 49928 
2621220 2621220 
2047048 2047048 
1 74892 
2995680 2995680 
1 1472876 
2895824 2895824 
2421508 2421508 
3345176 3345176 
3894384 3894384 
1 1897264 
1 249640 
1 1772444 
2795968 2795968 
1 1397984 
1 399424 
2746040 2746040 
2072012 2072012 
1 1098416 
3769564 3769564 
2646184 2646184 
1 1522804 
1 1373020 
3669708 3669708 
2446472 2446472 
2296688 2296688 
1 1572732 
2022084 2022084 
1 973596 
2496400 2496400 
2221796 2221796 
2945752 2945752 
1 823812 
2771004 2771004 
1 124820 
3719636 3719636 
2596256 2596256 
3869420 3869420 
1 1722516 
1 199712 
3794528 3794528 
3619780 3619780 
2571292 2571292 
1 798848 
1 1972156 
1 1822372 
1 698992 
2671148 2671148 
2546328 2546328 
1 474316 
2171868 2171868 
3095536 3095536 
1 174748 
3744600 3744600 
1 599136 
2246760 2246760 
3045608 3045608 
1 499280 
3020644 3020644 
3220356 3220356 
3594816 3594816 
2121940 2121940 
3919348 3919348 
1 1023524 
1 1872300 
3370140 3370140 
3295248 3295248 
3694672 3694672 
3644744 3644744 
3070572 3070572 
1 649064 
1 1697552 
1 1447912 
1 1073452 
2396544 2396544 
1 1947192 
1 873740 
1 224676 
1 1298128 
1 1173308 
1 299568 
1 449352 
1 149784 
1 1622660 
2970716 2970716 
1 998560 
1 1747480 
1 424388 
3819492 3819492 
2146904 2146904 
1 1323092 
1 574172 
3944312 3944312 
1 624100 
1 1048488 
2920788 2920788 
1 349496 
1 748920 
1 1248200 
1 1348056 
2271724 2271724 
2346616 2346616 
3145464 3145464 
1 549208 
3519924 3519924 
3494960 3494960 
3544888 3544888 
3245320 3245320 
2321652 2321652 
2471436 2471436 
2096976 2096976 
1 1847336 
2845896 2845896 
1 773884 
1 1123380 
1 274604 
1 1223236 
1 99856 
1 1273164 
1 524244 
1 1497840 
3445032 3445032 
3170428 3170428 
2870860 2870860 
3270284 3270284 
3569852 3569852 
1 1647624 
3844456 3844456 
3120500 3120500 
1 848776 
1 374460 
1 1597696 
1 1547768 
2820932 2820932 
1 324532 
1 898704 
2196832 2196832 
2696112 2696112 
1 1797408 
1 1148344 
3320212 3320212 
3195392 3195392 
1 24964 
2721076 2721076 
1 1672588 
3469996 3469996 
3420068 3420068 
1 1422948 
1 674028 
1 723956 
