100 1000000
1 10000 
2 20000 
3 30000 
4 40000 
5 50000 
6 60000 
7 70000 
8 80000 
9 90000 
10 100000 
11 110000 
12 120000 
13 130000 
14 140000 
15 150000 
16 160000 
17 170000 
18 180000 
19 190000 
20 200000 
21 210000 
22 220000 
23 230000 
24 240000 
25 250000 
26 260000 
27 270000 
28 280000 
29 290000 
30 300000 
31 310000 
32 320000 
33 330000 
34 340000 
35 350000 
36 360000 
37 370000 
38 380000 
39 390000 
40 400000 
41 410000 
42 420000 
43 430000 
44 440000 
45 450000 
46 460000 
47 470000 
48 480000 
49 490000 
50 500000 
51 510000 
52 520000 
53 530000 
54 540000 
55 550000 
56 560000 
57 570000 
58 580000 
59 590000 
60 600000 
61 610000 
62 620000 
63 630000 
64 640000 
65 650000 
66 660000 
67 670000 
68 680000 
69 690000 
70 700000 
71 710000 
72 720000 
73 730000 
74 740000 
75 750000 
76 760000 
77 770000 
78 780000 
79 790000 
80 800000 
81 810000 
82 820000 
83 830000 
84 840000 
85 850000 
86 860000 
87 870000 
88 880000 
89 890000 
90 900000 
91 910000 
92 920000 
93 930000 
94 940000 
95 950000 
96 960000 
97 970000 
98 980000 
99 990000 
100 1000000 
