182 6028568
1 33124 
2 66248 
3 99372 
4 132496 
5 165620 
6 198744 
7 231868 
8 264992 
9 298116 
10 331240 
11 364364 
12 397488 
13 430612 
14 463736 
15 496860 
16 529984 
17 563108 
18 596232 
19 629356 
20 662480 
21 695604 
22 728728 
23 761852 
24 794976 
25 828100 
26 861224 
27 894348 
28 927472 
29 960596 
30 993720 
31 1026844 
32 1059968 
33 1093092 
34 1126216 
35 1159340 
36 1192464 
37 1225588 
38 1258712 
39 1291836 
40 1324960 
41 1358084 
42 1391208 
43 1424332 
44 1457456 
45 1490580 
46 1523704 
47 1556828 
48 1589952 
49 1623076 
50 1656200 
51 1689324 
52 1722448 
53 1755572 
54 1788696 
55 1821820 
56 1854944 
57 1888068 
58 1921192 
59 1954316 
60 1987440 
61 2020564 
62 2053688 
63 2086812 
64 2119936 
65 2153060 
66 2186184 
67 2219308 
68 2252432 
69 2285556 
70 2318680 
71 2351804 
72 2384928 
73 2418052 
74 2451176 
75 2484300 
76 2517424 
77 2550548 
78 2583672 
79 2616796 
80 2649920 
81 2683044 
82 2716168 
83 2749292 
84 2782416 
85 2815540 
86 2848664 
87 2881788 
88 2914912 
89 2948036 
90 2981160 
91 3014284 
92 3047408 
93 3080532 
94 3113656 
95 3146780 
96 3179904 
97 3213028 
98 3246152 
99 3279276 
100 3312400 
101 3345524 
102 3378648 
103 3411772 
104 3444896 
105 3478020 
106 3511144 
107 3544268 
108 3577392 
109 3610516 
110 3643640 
111 3676764 
112 3709888 
113 3743012 
114 3776136 
115 3809260 
116 3842384 
117 3875508 
118 3908632 
119 3941756 
120 3974880 
121 4008004 
122 4041128 
123 4074252 
124 4107376 
125 4140500 
126 4173624 
127 4206748 
128 4239872 
129 4272996 
130 4306120 
131 4339244 
132 4372368 
133 4405492 
134 4438616 
135 4471740 
136 4504864 
137 4537988 
138 4571112 
139 4604236 
140 4637360 
141 4670484 
142 4703608 
143 4736732 
144 4769856 
145 4802980 
146 4836104 
147 4869228 
148 4902352 
149 4935476 
150 4968600 
151 5001724 
152 5034848 
153 5067972 
154 5101096 
155 5134220 
156 5167344 
157 5200468 
158 5233592 
159 5266716 
160 5299840 
161 5332964 
162 5366088 
163 5399212 
164 5432336 
165 5465460 
166 5498584 
167 5531708 
168 5564832 
169 5597956 
170 5631080 
171 5664204 
172 5697328 
173 5730452 
174 5763576 
175 5796700 
176 5829824 
177 5862948 
178 5896072 
179 5929196 
180 5962320 
181 5995444 
182 6028568 
