56 3136
1680 94080 
3136 175616 
2352 131712 
2408 134848 
1 9408 
2744 153664 
1792 100352 
2128 119168 
1 40768 
2800 156800 
1 12544 
1 62720 
1 87808 
1904 106624 
2632 147392 
2856 159936 
1 28224 
1 34496 
2688 150528 
1 21952 
2576 144256 
1 47040 
1 78400 
1 59584 
2520 141120 
1848 103488 
1 6272 
1 81536 
2016 112896 
1 84672 
3080 172480 
2240 125440 
2184 122304 
1 43904 
1 75264 
1 25088 
1 18816 
1 72128 
1 15680 
2968 166208 
1624 90944 
2464 137984 
1 3136 
1 50176 
1 53312 
3024 169344 
1960 109760 
1736 97216 
2912 163072 
1 68992 
1 31360 
2296 128576 
1 37632 
1 65856 
1 56448 
2072 116032 
