199 39601
6058953 6058953 
1 950424 
6019352 6019352 
6811372 6811372 
4395711 4395711 
5306534 5306534 
1 1346434 
6534165 6534165 
4712519 4712519 
4474913 4474913 
1 2534464 
1 316808 
7722195 7722195 
6613367 6613367 
1 396010 
1 118803 
1 435611 
1 3682893 
1 237606 
1 2098853 
1 2930474 
1 3088878 
7246983 7246983 
7761796 7761796 
4989726 4989726 
1 2059252 
1 2772070 
1 2217656 
1 1425636 
1 990025 
1 1029626 
4870923 4870923 
7840998 7840998 
1 1544439 
1 2138454 
1 1861247 
4752120 4752120 
1 3009676 
3960100 3960100 
4435312 4435312 
1 1623641 
1 2732469 
1 2653267 
6177756 6177756 
1 3049277 
1 198005 
6890574 6890574 
4672918 4672918 
1 2890873 
7682594 7682594 
5860948 5860948 
7365786 7365786 
6732170 6732170 
1 3366085 
1 1900848 
1 2613666 
6296559 6296559 
5504539 5504539 
1 1306833 
1 1148429 
7524190 7524190 
5385736 5385736 
4237307 4237307 
5029327 5029327 
5464938 5464938 
5346135 5346135 
4316509 4316509 
1 3920499 
5187731 5187731 
5148130 5148130 
1 1702843 
1 871222 
5781746 5781746 
1 1386035 
7207382 7207382 
4039302 4039302 
1 3445287 
1 3801696 
1 277207 
1 673217 
1 3643292 
7444988 7444988 
5979751 5979751 
1 554414 
1 2851272 
1 1584040 
1 3326484 
1 39601 
1 2970075 
1 2494863 
6494564 6494564 
4078903 4078903 
7128180 7128180 
4950125 4950125 
4910524 4910524 
1 1821646 
1 752419 
1 2296858 
1 356409 
7088579 7088579 
6573766 6573766 
1 3524489 
6098554 6098554 
1 3603691 
6652968 6652968 
7048978 7048978 
1 1742444 
6930175 6930175 
4633317 4633317 
1 3841297 
1 1465237 
3999701 3999701 
7880599 7880599 
5227332 5227332 
5068928 5068928 
5425337 5425337 
6850973 6850973 
4158105 4158105 
5662943 5662943 
5544140 5544140 
6692569 6692569 
1 910823 
1 3564090 
7286584 7286584 
7603392 7603392 
1 1069227 
6217357 6217357 
6771771 6771771 
7801397 7801397 
1 1782045 
1 475212 
4276908 4276908 
4791721 4791721 
7563791 7563791 
1 2336459 
1 1227631 
1 3762095 
1 3405686 
1 1267232 
1 2019651 
1 3286883 
4118504 4118504 
1 1108828 
6336160 6336160 
5266933 5266933 
6415362 6415362 
5583741 5583741 
7326185 7326185 
4593716 4593716 
1 514813 
1 1940449 
1 1504838 
6969776 6969776 
4356110 4356110 
5742145 5742145 
6138155 6138155 
5623342 5623342 
1 3722494 
1 3484888 
1 1663242 
1 2455262 
1 79202 
5940150 5940150 
7009377 7009377 
1 2257257 
6454963 6454963 
1 594015 
4514514 4514514 
1 3247282 
1 2574065 
1 2415661 
1 831621 
1 2178055 
5108529 5108529 
4197706 4197706 
7642993 7642993 
1 3128479 
1 3207681 
1 633616 
1 2692868 
5702544 5702544 
1 3168080 
1 1980050 
4831322 4831322 
5900549 5900549 
1 2376060 
1 712818 
7484589 7484589 
1 2811671 
7405387 7405387 
6375761 6375761 
1 1188030 
1 158404 
6256958 6256958 
7167781 7167781 
1 3880898 
5821347 5821347 
1 792020 
4554115 4554115 
