124 15376
1107072 1107072 
1245456 1245456 
1 415152 
1 953312 
1 891808 
1 707296 
1076320 1076320 
1 369024 
1660608 1660608 
1091696 1091696 
1122448 1122448 
1260832 1260832 
1845120 1845120 
1629856 1629856 
1552976 1552976 
1 753424 
1 814928 
1 799552 
1306960 1306960 
1 153760 
1 907184 
1445344 1445344 
1 107632 
1 123008 
1 461280 
984064 984064 
1045568 1045568 
1 584288 
1414592 1414592 
1 15376 
1814368 1814368 
1 476656 
1 184512 
1 937936 
1322336 1322336 
1 169136 
1737488 1737488 
1 845680 
1 599664 
1 199888 
1 292144 
1599104 1599104 
1783616 1783616 
1798992 1798992 
1 322896 
1860496 1860496 
1 568912 
1 738048 
1153200 1153200 
1429968 1429968 
1 76880 
1522224 1522224 
1645232 1645232 
1537600 1537600 
1276208 1276208 
1 215264 
1168576 1168576 
1 538160 
1906624 1906624 
1 661168 
1 691920 
1506848 1506848 
1 645792 
1 630416 
1 138384 
1183952 1183952 
1 522784 
1583728 1583728 
1 399776 
1768240 1768240 
1291584 1291584 
1 615040 
1 876432 
1 353648 
1752864 1752864 
1368464 1368464 
1691360 1691360 
1 861056 
1 61504 
1 830304 
1337712 1337712 
1 230640 
1 384400 
1 92256 
1891248 1891248 
968688 968688 
1 30752 
1 676544 
1476096 1476096 
1230080 1230080 
1 722672 
1 246016 
1353088 1353088 
1399216 1399216 
1137824 1137824 
1 553536 
1 445904 
1 307520 
999440 999440 
1 768800 
1 922560 
1460720 1460720 
1 276768 
1 492032 
1829744 1829744 
1 261392 
1060944 1060944 
1 338272 
1014816 1014816 
1214704 1214704 
1383840 1383840 
1491472 1491472 
1875872 1875872 
1199328 1199328 
1 430528 
1 784176 
1568352 1568352 
1706736 1706736 
1675984 1675984 
1 46128 
1722112 1722112 
1614480 1614480 
1030192 1030192 
1 507408 
