104 1124864
1 10816 
2 21632 
3 32448 
4 43264 
5 54080 
6 64896 
7 75712 
8 86528 
9 97344 
10 108160 
11 118976 
12 129792 
13 140608 
14 151424 
15 162240 
16 173056 
17 183872 
18 194688 
19 205504 
20 216320 
21 227136 
22 237952 
23 248768 
24 259584 
25 270400 
26 281216 
27 292032 
28 302848 
29 313664 
30 324480 
31 335296 
32 346112 
33 356928 
34 367744 
35 378560 
36 389376 
37 400192 
38 411008 
39 421824 
40 432640 
41 443456 
42 454272 
43 465088 
44 475904 
45 486720 
46 497536 
47 508352 
48 519168 
49 529984 
50 540800 
51 551616 
52 562432 
53 573248 
54 584064 
55 594880 
56 605696 
57 616512 
58 627328 
59 638144 
60 648960 
61 659776 
62 670592 
63 681408 
64 692224 
65 703040 
66 713856 
67 724672 
68 735488 
69 746304 
70 757120 
71 767936 
72 778752 
73 789568 
74 800384 
75 811200 
76 822016 
77 832832 
78 843648 
79 854464 
80 865280 
81 876096 
82 886912 
83 897728 
84 908544 
85 919360 
86 930176 
87 940992 
88 951808 
89 962624 
90 973440 
91 984256 
92 995072 
93 1005888 
94 1016704 
95 1027520 
96 1038336 
97 1049152 
98 1059968 
99 1070784 
100 1081600 
101 1092416 
102 1103232 
103 1114048 
104 1124864 
