129 2146689
1 16641 
2 33282 
3 49923 
4 66564 
5 83205 
6 99846 
7 116487 
8 133128 
9 149769 
10 166410 
11 183051 
12 199692 
13 216333 
14 232974 
15 249615 
16 266256 
17 282897 
18 299538 
19 316179 
20 332820 
21 349461 
22 366102 
23 382743 
24 399384 
25 416025 
26 432666 
27 449307 
28 465948 
29 482589 
30 499230 
31 515871 
32 532512 
33 549153 
34 565794 
35 582435 
36 599076 
37 615717 
38 632358 
39 648999 
40 665640 
41 682281 
42 698922 
43 715563 
44 732204 
45 748845 
46 765486 
47 782127 
48 798768 
49 815409 
50 832050 
51 848691 
52 865332 
53 881973 
54 898614 
55 915255 
56 931896 
57 948537 
58 965178 
59 981819 
60 998460 
61 1015101 
62 1031742 
63 1048383 
64 1065024 
65 1081665 
66 1098306 
67 1114947 
68 1131588 
69 1148229 
70 1164870 
71 1181511 
72 1198152 
73 1214793 
74 1231434 
75 1248075 
76 1264716 
77 1281357 
78 1297998 
79 1314639 
80 1331280 
81 1347921 
82 1364562 
83 1381203 
84 1397844 
85 1414485 
86 1431126 
87 1447767 
88 1464408 
89 1481049 
90 1497690 
91 1514331 
92 1530972 
93 1547613 
94 1564254 
95 1580895 
96 1597536 
97 1614177 
98 1630818 
99 1647459 
100 1664100 
101 1680741 
102 1697382 
103 1714023 
104 1730664 
105 1747305 
106 1763946 
107 1780587 
108 1797228 
109 1813869 
110 1830510 
111 1847151 
112 1863792 
113 1880433 
114 1897074 
115 1913715 
116 1930356 
117 1946997 
118 1963638 
119 1980279 
120 1996920 
121 2013561 
122 2030202 
123 2046843 
124 2063484 
125 2080125 
126 2096766 
127 2113407 
128 2130048 
129 2146689 
