89 7921
475260 475260 
578233 578233 
1 182183 
609917 609917 
673285 673285 
1 205946 
403971 403971 
356445 356445 
1 166341 
1 324761 
1 55447 
1 285156 
1 110894 
1 332682 
1 221788 
586154 586154 
689127 689127 
388129 388129 
1 71289 
554470 554470 
1 63368 
1 190104 
483181 483181 
443576 443576 
1 245551 
1 7921 
411892 411892 
1 293077 
1 79210 
1 95052 
419813 419813 
1 39605 
617838 617838 
491102 491102 
1 277235 
1 261393 
396050 396050 
633680 633680 
499023 499023 
435655 435655 
1 308919 
538628 538628 
562391 562391 
364366 364366 
1 237630 
1 31684 
1 316840 
641601 641601 
601996 601996 
1 253472 
1 134657 
681206 681206 
546549 546549 
1 340603 
665364 665364 
459418 459418 
1 118815 
1 158420 
649522 649522 
530707 530707 
1 229709 
451497 451497 
1 300998 
1 47526 
467339 467339 
570312 570312 
506944 506944 
594075 594075 
1 15842 
522786 522786 
514865 514865 
1 126736 
704969 704969 
657443 657443 
1 213867 
1 269314 
1 142578 
1 174262 
427734 427734 
625759 625759 
697048 697048 
1 150499 
380208 380208 
1 198025 
1 87131 
1 23763 
372287 372287 
1 348524 
1 102973 
