167 4657463
1 27889 
2 55778 
3 83667 
4 111556 
5 139445 
6 167334 
7 195223 
8 223112 
9 251001 
10 278890 
11 306779 
12 334668 
13 362557 
14 390446 
15 418335 
16 446224 
17 474113 
18 502002 
19 529891 
20 557780 
21 585669 
22 613558 
23 641447 
24 669336 
25 697225 
26 725114 
27 753003 
28 780892 
29 808781 
30 836670 
31 864559 
32 892448 
33 920337 
34 948226 
35 976115 
36 1004004 
37 1031893 
38 1059782 
39 1087671 
40 1115560 
41 1143449 
42 1171338 
43 1199227 
44 1227116 
45 1255005 
46 1282894 
47 1310783 
48 1338672 
49 1366561 
50 1394450 
51 1422339 
52 1450228 
53 1478117 
54 1506006 
55 1533895 
56 1561784 
57 1589673 
58 1617562 
59 1645451 
60 1673340 
61 1701229 
62 1729118 
63 1757007 
64 1784896 
65 1812785 
66 1840674 
67 1868563 
68 1896452 
69 1924341 
70 1952230 
71 1980119 
72 2008008 
73 2035897 
74 2063786 
75 2091675 
76 2119564 
77 2147453 
78 2175342 
79 2203231 
80 2231120 
81 2259009 
82 2286898 
83 2314787 
84 2342676 
85 2370565 
86 2398454 
87 2426343 
88 2454232 
89 2482121 
90 2510010 
91 2537899 
92 2565788 
93 2593677 
94 2621566 
95 2649455 
96 2677344 
97 2705233 
98 2733122 
99 2761011 
100 2788900 
101 2816789 
102 2844678 
103 2872567 
104 2900456 
105 2928345 
106 2956234 
107 2984123 
108 3012012 
109 3039901 
110 3067790 
111 3095679 
112 3123568 
113 3151457 
114 3179346 
115 3207235 
116 3235124 
117 3263013 
118 3290902 
119 3318791 
120 3346680 
121 3374569 
122 3402458 
123 3430347 
124 3458236 
125 3486125 
126 3514014 
127 3541903 
128 3569792 
129 3597681 
130 3625570 
131 3653459 
132 3681348 
133 3709237 
134 3737126 
135 3765015 
136 3792904 
137 3820793 
138 3848682 
139 3876571 
140 3904460 
141 3932349 
142 3960238 
143 3988127 
144 4016016 
145 4043905 
146 4071794 
147 4099683 
148 4127572 
149 4155461 
150 4183350 
151 4211239 
152 4239128 
153 4267017 
154 4294906 
155 4322795 
156 4350684 
157 4378573 
158 4406462 
159 4434351 
160 4462240 
161 4490129 
162 4518018 
163 4545907 
164 4573796 
165 4601685 
166 4629574 
167 4657463 
