139 19321
1 579630 
1 734198 
1449075 1449075 
1 483025 
2415125 2415125 
1835495 1835495 
1 618272 
1 946729 
2202594 2202594 
1 405741 
1 212531 
2357162 2357162 
1 598951 
1 1139939 
1603643 1603643 
1 38642 
1970742 1970742 
2608335 2608335 
1526359 1526359 
1 753519 
1 1081976 
1777532 1777532 
1391112 1391112 
2492409 2492409 
2163952 2163952 
1 540988 
1 328457 
2434446 2434446 
1 1275186 
1 1004692 
1951421 1951421 
1796853 1796853 
1 656914 
2473088 2473088 
1 1178581 
1 985371 
1 270494 
1 1024013 
1 966050 
2260557 2260557 
1700248 1700248 
1 1313828 
2666298 2666298 
2067347 2067347 
1 1120618 
1 289815 
1 830803 
2299199 2299199 
1 1333149 
1 57963 
1565001 1565001 
1 1217223 
1 96605 
1 811482 
1 444383 
2221915 2221915 
1410433 1410433 
1 676235 
1816174 1816174 
1 425062 
2105989 2105989 
1429754 1429754 
1 888766 
1 637593 
1545680 1545680 
1719569 1719569 
1 463704 
1 869445 
2009384 2009384 
1 154568 
1 173889 
1 792161 
1 502346 
1 1062655 
2531051 2531051 
1507038 1507038 
1 251173 
2569693 2569693 
2646977 2646977 
1642285 1642285 
2028705 2028705 
1 309136 
1 231852 
1 347778 
2395804 2395804 
1 193210 
1 115926 
1 1159260 
2337841 2337841 
1 1294507 
2125310 2125310 
1893458 1893458 
1738890 1738890 
1 772840 
1 367099 
1 19321 
2550372 2550372 
2183273 2183273 
1 927408 
1 135247 
2511730 2511730 
1352470 1352470 
1 1255865 
2589014 2589014 
1371791 1371791 
1854816 1854816 
1990063 1990063 
1 695556 
1 1043334 
1758211 1758211 
1584322 1584322 
1 1101297 
1874137 1874137 
1622964 1622964 
1932100 1932100 
2144631 2144631 
2048026 2048026 
1 521667 
2086668 2086668 
1 560309 
1661606 1661606 
2376483 2376483 
2279878 2279878 
1 908087 
1680927 1680927 
2453767 2453767 
1 77284 
1 1236544 
2627656 2627656 
1 386420 
2241236 2241236 
1487717 1487717 
1 1197902 
2685619 2685619 
2318520 2318520 
1 714877 
1912779 1912779 
1 850124 
1468396 1468396 
