110 12100
1234200 1234200 
1173700 1173700 
1 629200 
810700 810700 
1 484000 
1258400 1258400 
895400 895400 
738100 738100 
847000 847000 
1 435600 
701800 701800 
1 181500 
1161600 1161600 
1016400 1016400 
1 350900 
689700 689700 
1 60500 
1 326700 
1 205700 
1 278300 
1113200 1113200 
774400 774400 
859100 859100 
1 520300 
1 145200 
1 36300 
1 459800 
1 96800 
1 108900 
1 387200 
1282600 1282600 
1 72600 
1 48400 
919600 919600 
1 568700 
907500 907500 
1 338800 
1076900 1076900 
1 544500 
1 121000 
1137400 1137400 
1331000 1331000 
822800 822800 
883300 883300 
1270500 1270500 
1 375100 
1306800 1306800 
955900 955900 
1 532400 
871200 871200 
1 242000 
1052700 1052700 
713900 713900 
1004300 1004300 
1 592900 
1089000 1089000 
1 447700 
1 605000 
762300 762300 
1 641300 
677600 677600 
726000 726000 
1 556600 
1 617100 
1040600 1040600 
1 12100 
1 24200 
1 229900 
1 363000 
1185800 1185800 
1 193600 
1 423500 
1 580800 
1064800 1064800 
968000 968000 
1 314600 
1318900 1318900 
992200 992200 
1 254100 
1 290400 
943800 943800 
1 508200 
1 302500 
1 653400 
1246300 1246300 
931700 931700 
798600 798600 
980100 980100 
1101100 1101100 
1 133100 
1222100 1222100 
786500 786500 
1 496100 
1 471900 
834900 834900 
1 84700 
1 266200 
1 399300 
1 411400 
1 157300 
1149500 1149500 
750200 750200 
1197900 1197900 
1125300 1125300 
1 217800 
1 169400 
1294700 1294700 
1028500 1028500 
1 665500 
1210000 1210000 
