154 23716
3296524 3296524 
1 758912 
1 735196 
3367672 3367672 
1 142296 
3652264 3652264 
1 1019788 
2822204 2822204 
1 877492 
1 853776 
1 1280664 
3154228 3154228 
2940784 2940784 
1 521752 
2015860 2015860 
3581116 3581116 
2893352 2893352 
2869636 2869636 
3343956 3343956 
1 355740 
1 213444 
1 403172 
1 47432 
1 972356 
1 94864 
1 1162084 
1 1304380 
2727340 2727340 
3320240 3320240 
1 1090936 
2087008 2087008 
3083080 3083080 
2964500 2964500 
1 782628 
1 1660120 
1 687764 
2490180 2490180 
1 426888 
1 166012 
2466464 2466464 
1 1043504 
1 1209516 
2229304 2229304 
2845920 2845920 
2324168 2324168 
1 616616 
1897280 1897280 
2751056 2751056 
1 1185800 
1 640332 
2300452 2300452 
1992144 1992144 
3201660 3201660 
1 1114652 
1 498036 
2988216 2988216 
1 1351812 
1 1588972 
1 308308 
2276736 2276736 
3604832 3604832 
3391388 3391388 
2158156 2158156 
1 260876 
1 901208 
1 1233232 
2205588 2205588 
1 1707552 
1 1541540 
1 1517824 
2608760 2608760 
1 284592 
1849848 1849848 
2798488 2798488 
1 118580 
1 379456 
1 1067220 
3035648 3035648 
2395316 2395316 
2537612 2537612 
1 592900 
3486252 3486252 
3272808 3272808 
1968428 1968428 
1873564 1873564 
1944712 1944712 
2679908 2679908 
1 1683836 
1 1778700 
1 474320 
1 450604 
1 1802416 
2917068 2917068 
1 1138368 
1 711480 
1 71148 
1 1612688 
1 1494108 
1 1565256 
2585044 2585044 
3225376 3225376 
1 996072 
3628548 3628548 
1 1826132 
3059364 3059364 
2347884 2347884 
2039576 2039576 
2632476 2632476 
1 924924 
1 1375528 
1 806344 
1 664048 
3011932 3011932 
3249092 3249092 
3509968 3509968 
2561328 2561328 
2774772 2774772 
2181872 2181872 
1 237160 
2419032 2419032 
1 1328096 
2134440 2134440 
3462536 3462536 
3130512 3130512 
3533684 3533684 
3106796 3106796 
2442748 2442748 
3438820 3438820 
1 1470392 
1 1446676 
1 1399244 
1 332024 
1 1731268 
2371600 2371600 
2253020 2253020 
2656192 2656192 
3557400 3557400 
2110724 2110724 
1 545468 
2703624 2703624 
1 830060 
3177944 3177944 
1 23716 
2063292 2063292 
1 948640 
1 189728 
1 1754984 
1920996 1920996 
1 1636404 
1 569184 
1 1256948 
1 1422960 
2513896 2513896 
3415104 3415104 
