145 3048625
1 21025 
2 42050 
3 63075 
4 84100 
5 105125 
6 126150 
7 147175 
8 168200 
9 189225 
10 210250 
11 231275 
12 252300 
13 273325 
14 294350 
15 315375 
16 336400 
17 357425 
18 378450 
19 399475 
20 420500 
21 441525 
22 462550 
23 483575 
24 504600 
25 525625 
26 546650 
27 567675 
28 588700 
29 609725 
30 630750 
31 651775 
32 672800 
33 693825 
34 714850 
35 735875 
36 756900 
37 777925 
38 798950 
39 819975 
40 841000 
41 862025 
42 883050 
43 904075 
44 925100 
45 946125 
46 967150 
47 988175 
48 1009200 
49 1030225 
50 1051250 
51 1072275 
52 1093300 
53 1114325 
54 1135350 
55 1156375 
56 1177400 
57 1198425 
58 1219450 
59 1240475 
60 1261500 
61 1282525 
62 1303550 
63 1324575 
64 1345600 
65 1366625 
66 1387650 
67 1408675 
68 1429700 
69 1450725 
70 1471750 
71 1492775 
72 1513800 
73 1534825 
74 1555850 
75 1576875 
76 1597900 
77 1618925 
78 1639950 
79 1660975 
80 1682000 
81 1703025 
82 1724050 
83 1745075 
84 1766100 
85 1787125 
86 1808150 
87 1829175 
88 1850200 
89 1871225 
90 1892250 
91 1913275 
92 1934300 
93 1955325 
94 1976350 
95 1997375 
96 2018400 
97 2039425 
98 2060450 
99 2081475 
100 2102500 
101 2123525 
102 2144550 
103 2165575 
104 2186600 
105 2207625 
106 2228650 
107 2249675 
108 2270700 
109 2291725 
110 2312750 
111 2333775 
112 2354800 
113 2375825 
114 2396850 
115 2417875 
116 2438900 
117 2459925 
118 2480950 
119 2501975 
120 2523000 
121 2544025 
122 2565050 
123 2586075 
124 2607100 
125 2628125 
126 2649150 
127 2670175 
128 2691200 
129 2712225 
130 2733250 
131 2754275 
132 2775300 
133 2796325 
134 2817350 
135 2838375 
136 2859400 
137 2880425 
138 2901450 
139 2922475 
140 2943500 
141 2964525 
142 2985550 
143 3006575 
144 3027600 
145 3048625 
