74 5476
1 164280 
273800 273800 
388796 388796 
377844 377844 
1 191660 
1 32856 
1 114996 
306656 306656 
372368 372368 
246420 246420 
1 87616 
355940 355940 
1 158804 
334036 334036 
1 38332 
279276 279276 
219040 219040 
383320 383320 
1 109520 
1 131424 
394272 394272 
224516 224516 
366892 366892 
1 104044 
344988 344988 
350464 350464 
1 71188 
1 120472 
240944 240944 
1 197136 
1 136900 
1 125948 
1 49284 
1 76664 
1 10952 
1 54760 
1 65712 
361416 361416 
284752 284752 
405224 405224 
1 175232 
295704 295704 
1 202612 
208088 208088 
1 60236 
1 5476 
262848 262848 
301180 301180 
399748 399748 
257372 257372 
251896 251896 
1 180708 
290228 290228 
1 169756 
1 98568 
312132 312132 
1 147852 
323084 323084 
328560 328560 
1 21904 
317608 317608 
268324 268324 
1 27380 
229992 229992 
1 16428 
213564 213564 
1 153328 
1 93092 
1 82140 
1 142376 
235468 235468 
1 43808 
1 186184 
339512 339512 
