166 4574296
1 27556 
2 55112 
3 82668 
4 110224 
5 137780 
6 165336 
7 192892 
8 220448 
9 248004 
10 275560 
11 303116 
12 330672 
13 358228 
14 385784 
15 413340 
16 440896 
17 468452 
18 496008 
19 523564 
20 551120 
21 578676 
22 606232 
23 633788 
24 661344 
25 688900 
26 716456 
27 744012 
28 771568 
29 799124 
30 826680 
31 854236 
32 881792 
33 909348 
34 936904 
35 964460 
36 992016 
37 1019572 
38 1047128 
39 1074684 
40 1102240 
41 1129796 
42 1157352 
43 1184908 
44 1212464 
45 1240020 
46 1267576 
47 1295132 
48 1322688 
49 1350244 
50 1377800 
51 1405356 
52 1432912 
53 1460468 
54 1488024 
55 1515580 
56 1543136 
57 1570692 
58 1598248 
59 1625804 
60 1653360 
61 1680916 
62 1708472 
63 1736028 
64 1763584 
65 1791140 
66 1818696 
67 1846252 
68 1873808 
69 1901364 
70 1928920 
71 1956476 
72 1984032 
73 2011588 
74 2039144 
75 2066700 
76 2094256 
77 2121812 
78 2149368 
79 2176924 
80 2204480 
81 2232036 
82 2259592 
83 2287148 
84 2314704 
85 2342260 
86 2369816 
87 2397372 
88 2424928 
89 2452484 
90 2480040 
91 2507596 
92 2535152 
93 2562708 
94 2590264 
95 2617820 
96 2645376 
97 2672932 
98 2700488 
99 2728044 
100 2755600 
101 2783156 
102 2810712 
103 2838268 
104 2865824 
105 2893380 
106 2920936 
107 2948492 
108 2976048 
109 3003604 
110 3031160 
111 3058716 
112 3086272 
113 3113828 
114 3141384 
115 3168940 
116 3196496 
117 3224052 
118 3251608 
119 3279164 
120 3306720 
121 3334276 
122 3361832 
123 3389388 
124 3416944 
125 3444500 
126 3472056 
127 3499612 
128 3527168 
129 3554724 
130 3582280 
131 3609836 
132 3637392 
133 3664948 
134 3692504 
135 3720060 
136 3747616 
137 3775172 
138 3802728 
139 3830284 
140 3857840 
141 3885396 
142 3912952 
143 3940508 
144 3968064 
145 3995620 
146 4023176 
147 4050732 
148 4078288 
149 4105844 
150 4133400 
151 4160956 
152 4188512 
153 4216068 
154 4243624 
155 4271180 
156 4298736 
157 4326292 
158 4353848 
159 4381404 
160 4408960 
161 4436516 
162 4464072 
163 4491628 
164 4519184 
165 4546740 
166 4574296 
