105 11025
915075 915075 
1157625 1157625 
1003275 1003275 
1047375 1047375 
1 496125 
1025325 1025325 
937125 937125 
1091475 1091475 
716625 716625 
926100 926100 
727650 727650 
694575 694575 
1 132300 
981225 981225 
1 209475 
606375 606375 
837900 837900 
1 165375 
1 121275 
1 485100 
661500 661500 
904050 904050 
1113525 1113525 
1 198450 
1 220500 
1 33075 
1 231525 
1 429975 
584325 584325 
1 319725 
1 264600 
705600 705600 
1 374850 
1 110250 
948150 948150 
815850 815850 
1 176400 
1 507150 
1 418950 
628425 628425 
1135575 1135575 
970200 970200 
1 573300 
859950 859950 
848925 848925 
1 242550 
1 143325 
683550 683550 
1 474075 
1 452025 
672525 672525 
1 253575 
1 55125 
1 88200 
639450 639450 
749700 749700 
1058400 1058400 
1 352800 
1146600 1146600 
1 297675 
1 551250 
1 385875 
793800 793800 
1 363825 
771750 771750 
870975 870975 
992250 992250 
1 66150 
1 11025 
782775 782775 
1 562275 
804825 804825 
1 275625 
1036350 1036350 
1 308700 
826875 826875 
1069425 1069425 
1 44100 
1 529200 
1014300 1014300 
1080450 1080450 
1 99225 
1 441000 
1 540225 
1 463050 
760725 760725 
1102500 1102500 
893025 893025 
1 407925 
1 286650 
1 330750 
1124550 1124550 
738675 738675 
1 396900 
1 518175 
882000 882000 
595350 595350 
1 77175 
1 341775 
959175 959175 
650475 650475 
1 154350 
1 22050 
1 187425 
617400 617400 
