76 5776
248368 248368 
363888 363888 
340784 340784 
1 150176 
225264 225264 
311904 311904 
438976 438976 
1 51984 
1 98192 
277248 277248 
386992 386992 
398544 398544 
352336 352336 
1 179056 
236816 236816 
1 69312 
283024 283024 
1 75088 
1 86640 
1 155952 
231040 231040 
375440 375440 
381216 381216 
1 11552 
1 46208 
1 213712 
1 23104 
1 144400 
433200 433200 
1 109744 
1 17328 
421648 421648 
1 57760 
323456 323456 
259920 259920 
271472 271472 
335008 335008 
300352 300352 
427424 427424 
1 28880 
1 80864 
1 196384 
404320 404320 
1 92416 
415872 415872 
1 167504 
288800 288800 
1 202160 
1 5776 
1 40432 
346560 346560 
254144 254144 
1 127072 
1 34656 
1 184832 
1 219488 
1 132848 
1 161728 
1 121296 
410096 410096 
265696 265696 
317680 317680 
369664 369664 
1 138624 
392768 392768 
1 173280 
1 63536 
242592 242592 
1 207936 
358112 358112 
306128 306128 
1 103968 
329232 329232 
1 190608 
1 115520 
294576 294576 
