80 6400
1 147200 
1 108800 
339200 339200 
1 76800 
326400 326400 
1 83200 
480000 480000 
409600 409600 
1 211200 
1 102400 
486400 486400 
448000 448000 
428800 428800 
1 44800 
352000 352000 
1 198400 
1 153600 
300800 300800 
358400 358400 
1 185600 
1 38400 
1 249600 
505600 505600 
416000 416000 
281600 281600 
307200 307200 
1 256000 
1 25600 
1 224000 
1 6400 
422400 422400 
288000 288000 
1 179200 
332800 332800 
1 89600 
1 57600 
320000 320000 
473600 473600 
467200 467200 
403200 403200 
1 192000 
364800 364800 
454400 454400 
390400 390400 
377600 377600 
1 64000 
262400 262400 
499200 499200 
1 12800 
1 230400 
1 128000 
1 172800 
1 217600 
384000 384000 
1 32000 
1 70400 
512000 512000 
313600 313600 
275200 275200 
1 243200 
1 19200 
268800 268800 
1 96000 
1 236800 
492800 492800 
1 121600 
345600 345600 
1 204800 
371200 371200 
1 166400 
1 160000 
396800 396800 
1 134400 
1 115200 
435200 435200 
441600 441600 
1 140800 
1 51200 
460800 460800 
294400 294400 
