67 4489
152626 152626 
166093 166093 
1 17956 
1 31423 
215472 215472 
1 76313 
210983 210983 
291785 291785 
1 44890 
1 8978 
1 53868 
1 130181 
282807 282807 
1 134670 
1 112225 
206494 206494 
246895 246895 
242406 242406 
287296 287296 
193027 193027 
188538 188538 
1 40401 
1 107736 
273829 273829 
1 58357 
233428 233428 
1 94269 
296274 296274 
1 13467 
1 67335 
170582 170582 
1 62846 
1 125692 
179560 179560 
219961 219961 
237917 237917 
1 89780 
224450 224450 
269340 269340 
1 71824 
184049 184049 
255873 255873 
1 139159 
228939 228939 
300763 300763 
264851 264851 
278318 278318 
1 26934 
260362 260362 
1 143648 
1 116714 
1 148137 
1 98758 
161604 161604 
251384 251384 
157115 157115 
1 103247 
1 4489 
175071 175071 
1 85291 
1 22445 
1 35912 
1 121203 
1 80802 
197516 197516 
202005 202005 
1 49379 
