84 7056
550368 550368 
1 211680 
359856 359856 
373968 373968 
522144 522144 
472752 472752 
508032 508032 
345744 345744 
416304 416304 
1 218736 
1 232848 
324576 324576 
1 28224 
1 14112 
1 296352 
1 49392 
536256 536256 
1 197568 
1 98784 
465696 465696 
1 119952 
1 289296 
515088 515088 
1 190512 
1 7056 
1 21168 
1 246960 
303408 303408 
366912 366912 
317520 317520 
444528 444528 
493920 493920 
430416 430416 
1 275184 
310464 310464 
1 268128 
331632 331632 
402192 402192 
388080 388080 
1 91728 
395136 395136 
1 70560 
486864 486864 
1 148176 
1 162288 
409248 409248 
1 141120 
1 254016 
543312 543312 
1 169344 
1 155232 
479808 479808 
437472 437472 
1 282240 
1 84672 
1 176400 
1 127008 
1 56448 
1 42336 
1 77616 
423360 423360 
1 134064 
1 105840 
529200 529200 
1 63504 
578592 578592 
571536 571536 
1 183456 
1 239904 
1 225792 
557424 557424 
500976 500976 
564480 564480 
585648 585648 
451584 451584 
338688 338688 
381024 381024 
1 204624 
1 112896 
592704 592704 
458640 458640 
1 35280 
352800 352800 
1 261072 
