99 970299
1 9801 
2 19602 
3 29403 
4 39204 
5 49005 
6 58806 
7 68607 
8 78408 
9 88209 
10 98010 
11 107811 
12 117612 
13 127413 
14 137214 
15 147015 
16 156816 
17 166617 
18 176418 
19 186219 
20 196020 
21 205821 
22 215622 
23 225423 
24 235224 
25 245025 
26 254826 
27 264627 
28 274428 
29 284229 
30 294030 
31 303831 
32 313632 
33 323433 
34 333234 
35 343035 
36 352836 
37 362637 
38 372438 
39 382239 
40 392040 
41 401841 
42 411642 
43 421443 
44 431244 
45 441045 
46 450846 
47 460647 
48 470448 
49 480249 
50 490050 
51 499851 
52 509652 
53 519453 
54 529254 
55 539055 
56 548856 
57 558657 
58 568458 
59 578259 
60 588060 
61 597861 
62 607662 
63 617463 
64 627264 
65 637065 
66 646866 
67 656667 
68 666468 
69 676269 
70 686070 
71 695871 
72 705672 
73 715473 
74 725274 
75 735075 
76 744876 
77 754677 
78 764478 
79 774279 
80 784080 
81 793881 
82 803682 
83 813483 
84 823284 
85 833085 
86 842886 
87 852687 
88 862488 
89 872289 
90 882090 
91 891891 
92 901692 
93 911493 
94 921294 
95 931095 
96 940896 
97 950697 
98 960498 
99 970299 
