108 1259712
1 11664 
2 23328 
3 34992 
4 46656 
5 58320 
6 69984 
7 81648 
8 93312 
9 104976 
10 116640 
11 128304 
12 139968 
13 151632 
14 163296 
15 174960 
16 186624 
17 198288 
18 209952 
19 221616 
20 233280 
21 244944 
22 256608 
23 268272 
24 279936 
25 291600 
26 303264 
27 314928 
28 326592 
29 338256 
30 349920 
31 361584 
32 373248 
33 384912 
34 396576 
35 408240 
36 419904 
37 431568 
38 443232 
39 454896 
40 466560 
41 478224 
42 489888 
43 501552 
44 513216 
45 524880 
46 536544 
47 548208 
48 559872 
49 571536 
50 583200 
51 594864 
52 606528 
53 618192 
54 629856 
55 641520 
56 653184 
57 664848 
58 676512 
59 688176 
60 699840 
61 711504 
62 723168 
63 734832 
64 746496 
65 758160 
66 769824 
67 781488 
68 793152 
69 804816 
70 816480 
71 828144 
72 839808 
73 851472 
74 863136 
75 874800 
76 886464 
77 898128 
78 909792 
79 921456 
80 933120 
81 944784 
82 956448 
83 968112 
84 979776 
85 991440 
86 1003104 
87 1014768 
88 1026432 
89 1038096 
90 1049760 
91 1061424 
92 1073088 
93 1084752 
94 1096416 
95 1108080 
96 1119744 
97 1131408 
98 1143072 
99 1154736 
100 1166400 
101 1178064 
102 1189728 
103 1201392 
104 1213056 
105 1224720 
106 1236384 
107 1248048 
108 1259712 
