54 157464
1 2916 
2 5832 
3 8748 
4 11664 
5 14580 
6 17496 
7 20412 
8 23328 
9 26244 
10 29160 
11 32076 
12 34992 
13 37908 
14 40824 
15 43740 
16 46656 
17 49572 
18 52488 
19 55404 
20 58320 
21 61236 
22 64152 
23 67068 
24 69984 
25 72900 
26 75816 
27 78732 
28 81648 
29 84564 
30 87480 
31 90396 
32 93312 
33 96228 
34 99144 
35 102060 
36 104976 
37 107892 
38 110808 
39 113724 
40 116640 
41 119556 
42 122472 
43 125388 
44 128304 
45 131220 
46 134136 
47 137052 
48 139968 
49 142884 
50 145800 
51 148716 
52 151632 
53 154548 
54 157464 
