101 10201
1 40804 
897688 897688 
1 499849 
1 448844 
1 122412 
1 20402 
703869 703869 
754874 754874 
1 387638 
612060 612060 
1 489648 
1 81608 
652864 652864 
591658 591658 
958894 958894 
1 336633 
1 367236 
540653 540653 
530452 530452 
683467 683467 
1 459045 
1 204020 
1020100 1020100 
948693 948693 
918090 918090 
1 30603 
1 51005 
632462 632462 
714070 714070 
1 214221 
1 265226 
887487 887487 
1 397839 
561055 561055 
877286 877286 
1 183618 
1 142814 
867085 867085 
989497 989497 
601859 601859 
765075 765075 
999698 999698 
622261 622261 
1009899 1009899 
1 91809 
795678 795678 
1 418241 
856884 856884 
571256 571256 
1 102010 
1 224422 
816080 816080 
1 193819 
1 234623 
642663 642663 
1 295829 
1 306030 
744673 744673 
1 173417 
724271 724271 
928291 928291 
1 469246 
907889 907889 
846683 846683 
938492 938492 
673266 673266 
979296 979296 
1 112211 
693668 693668 
663065 663065 
836482 836482 
1 377437 
1 428442 
734472 734472 
1 346834 
1 163216 
826281 826281 
775276 775276 
550854 550854 
1 61206 
1 244824 
1 316231 
1 357035 
1 71407 
1 408040 
1 326432 
1 275427 
1 479447 
1 510050 
1 132613 
785477 785477 
1 10201 
1 153015 
1 285628 
1 438643 
805879 805879 
1 255025 
1030301 1030301 
581457 581457 
520251 520251 
969095 969095 
