185 34225
4859950 4859950 
1 376475 
4107000 4107000 
4278125 4278125 
1 1950825 
3354050 3354050 
1 1985050 
3798975 3798975 
6297400 6297400 
5818250 5818250 
1 2943350 
5544450 5544450 
1 1095200 
5407550 5407550 
1 821400 
1 718725 
1 205350 
3319825 3319825 
1 1574350 
4586150 4586150 
1 2874900 
1 2087725 
5510225 5510225 
5133750 5133750 
1 2053500 
1 2190400 
1 136900 
4141225 4141225 
4175450 4175450 
5304875 5304875 
3627850 3627850 
6263175 6263175 
1 2327300 
1 3080250 
1 547600 
4346575 4346575 
3251375 3251375 
1 2293075 
6228950 6228950 
1 2156175 
1 2669550 
1 2224625 
3217150 3217150 
1 787175 
1 1848150 
5031075 5031075 
4209675 4209675 
5749800 5749800 
1 855625 
1 992525 
1 3114475 
6057825 6057825 
1 3046025 
4449250 4449250 
1 1745475 
1 650275 
1 1813925 
4517700 4517700 
6331625 6331625 
5784025 5784025 
1 1060975 
1 2703775 
5441775 5441775 
1 273800 
3970100 3970100 
1 1163650 
5065300 5065300 
6194725 6194725 
1 410700 
1 1711250 
1 239575 
4894175 4894175 
5339100 5339100 
5920925 5920925 
4312350 4312350 
4415025 4415025 
5373325 5373325 
1 2635325 
3730525 3730525 
4723050 4723050 
4038550 4038550 
3525175 3525175 
1 924075 
1 1129425 
1 2464200 
3696300 3696300 
1 1026750 
1 308025 
1 2429975 
3764750 3764750 
5578675 5578675 
1 1608575 
1 2840675 
1 1266325 
1 1471675 
3456725 3456725 
1 1300550 
1 68450 
5852475 5852475 
1 581825 
1 1369000 
1 2909125 
3662075 3662075 
5886700 5886700 
5612900 5612900 
4654600 4654600 
5647125 5647125 
1 1197875 
1 2977575 
1 2258850 
4825725 4825725 
1 684500 
1 2121950 
1 2772225 
6160500 6160500 
1 2806450 
1 1403225 
4620375 4620375 
5955150 5955150 
4380800 4380800 
4962625 4962625 
1 513375 
1 889850 
1 2395750 
1 1334775 
1 1677025 
1 1437450 
1 102675 
1 958300 
1 171125 
3867425 3867425 
3422500 3422500 
1 3011800 
4757275 4757275 
4551925 4551925 
1 1779700 
1 2361525 
1 1232100 
5202200 5202200 
5099525 5099525 
1 3148700 
1 342250 
1 2601100 
5236425 5236425 
6092050 6092050 
5270650 5270650 
1 2532650 
1 1540125 
6023600 6023600 
1 2738000 
1 2566875 
3833200 3833200 
4243900 4243900 
5989375 5989375 
5715575 5715575 
5476000 5476000 
4688825 4688825 
3182925 3182925 
4996850 4996850 
6126275 6126275 
4072775 4072775 
1 1642800 
3285600 3285600 
1 479150 
3593625 3593625 
4004325 4004325 
1 1916600 
1 1505900 
1 2498425 
3559400 3559400 
1 752950 
3901650 3901650 
4928400 4928400 
1 444925 
4791500 4791500 
1 616050 
4483475 4483475 
1 34225 
1 1882375 
5681350 5681350 
3935875 3935875 
1 2019275 
5167975 5167975 
3388275 3388275 
3490950 3490950 
