127 16129
2016125 2016125 
1661287 1661287 
1596771 1596771 
1693545 1693545 
1177417 1177417 
1241933 1241933 
1129030 1129030 
1 822579 
1935480 1935480 
1 983869 
1 241935 
1580642 1580642 
1258062 1258062 
1338707 1338707 
1 193548 
1774190 1774190 
1064514 1064514 
1 354838 
1145159 1145159 
1467739 1467739 
1306449 1306449 
1 64516 
1193546 1193546 
1 370967 
1 306451 
1 274193 
1 790321 
1645158 1645158 
1564513 1564513 
1887093 1887093 
1 161290 
1419352 1419352 
1 741934 
1 435483 
1 483870 
1 661289 
1 612902 
1209675 1209675 
1 16129 
1854835 1854835 
1 387096 
1 709676 
1 870966 
1 919353 
1290320 1290320 
1 629031 
1548384 1548384 
1499997 1499997 
1 677418 
1 693547 
1354836 1354836 
1 499999 
1 903224 
1 516128 
1 258064 
1225804 1225804 
1741932 1741932 
1 451612 
1 145161 
1725803 1725803 
1999996 1999996 
1 967740 
1 48387 
1 951611 
1080643 1080643 
1758061 1758061 
1 225806 
1161288 1161288 
1 403225 
1 532257 
1 467741 
1 209677 
1903222 1903222 
1983867 1983867 
1 596773 
1516126 1516126 
2048383 2048383 
1 580644 
1435481 1435481 
1 80645 
1370965 1370965 
1 322580 
1 129032 
1 32258 
1032256 1032256 
1 548386 
1 725805 
1 935482 
1629029 1629029 
1 774192 
1919351 1919351 
1483868 1483868 
1951609 1951609 
1387094 1387094 
1838706 1838706 
1790319 1790319 
1612900 1612900 
1 887095 
2032254 2032254 
1 96774 
1 419354 
1048385 1048385 
1 290322 
1 177419 
1 806450 
1322578 1322578 
1677416 1677416 
1112901 1112901 
1870964 1870964 
1822577 1822577 
1 758063 
1096772 1096772 
1532255 1532255 
1967738 1967738 
1403223 1403223 
1 1016127 
1 645160 
1 838708 
1709674 1709674 
1 999998 
1806448 1806448 
1 338709 
1 564515 
1451610 1451610 
1 854837 
1 112903 
1274191 1274191 
