90 729000
1 8100 
2 16200 
3 24300 
4 32400 
5 40500 
6 48600 
7 56700 
8 64800 
9 72900 
10 81000 
11 89100 
12 97200 
13 105300 
14 113400 
15 121500 
16 129600 
17 137700 
18 145800 
19 153900 
20 162000 
21 170100 
22 178200 
23 186300 
24 194400 
25 202500 
26 210600 
27 218700 
28 226800 
29 234900 
30 243000 
31 251100 
32 259200 
33 267300 
34 275400 
35 283500 
36 291600 
37 299700 
38 307800 
39 315900 
40 324000 
41 332100 
42 340200 
43 348300 
44 356400 
45 364500 
46 372600 
47 380700 
48 388800 
49 396900 
50 405000 
51 413100 
52 421200 
53 429300 
54 437400 
55 445500 
56 453600 
57 461700 
58 469800 
59 477900 
60 486000 
61 494100 
62 502200 
63 510300 
64 518400 
65 526500 
66 534600 
67 542700 
68 550800 
69 558900 
70 567000 
71 575100 
72 583200 
73 591300 
74 599400 
75 607500 
76 615600 
77 623700 
78 631800 
79 639900 
80 648000 
81 656100 
82 664200 
83 672300 
84 680400 
85 688500 
86 696600 
87 704700 
88 712800 
89 720900 
90 729000 
