195 7414875
1 38025 
2 76050 
3 114075 
4 152100 
5 190125 
6 228150 
7 266175 
8 304200 
9 342225 
10 380250 
11 418275 
12 456300 
13 494325 
14 532350 
15 570375 
16 608400 
17 646425 
18 684450 
19 722475 
20 760500 
21 798525 
22 836550 
23 874575 
24 912600 
25 950625 
26 988650 
27 1026675 
28 1064700 
29 1102725 
30 1140750 
31 1178775 
32 1216800 
33 1254825 
34 1292850 
35 1330875 
36 1368900 
37 1406925 
38 1444950 
39 1482975 
40 1521000 
41 1559025 
42 1597050 
43 1635075 
44 1673100 
45 1711125 
46 1749150 
47 1787175 
48 1825200 
49 1863225 
50 1901250 
51 1939275 
52 1977300 
53 2015325 
54 2053350 
55 2091375 
56 2129400 
57 2167425 
58 2205450 
59 2243475 
60 2281500 
61 2319525 
62 2357550 
63 2395575 
64 2433600 
65 2471625 
66 2509650 
67 2547675 
68 2585700 
69 2623725 
70 2661750 
71 2699775 
72 2737800 
73 2775825 
74 2813850 
75 2851875 
76 2889900 
77 2927925 
78 2965950 
79 3003975 
80 3042000 
81 3080025 
82 3118050 
83 3156075 
84 3194100 
85 3232125 
86 3270150 
87 3308175 
88 3346200 
89 3384225 
90 3422250 
91 3460275 
92 3498300 
93 3536325 
94 3574350 
95 3612375 
96 3650400 
97 3688425 
98 3726450 
99 3764475 
100 3802500 
101 3840525 
102 3878550 
103 3916575 
104 3954600 
105 3992625 
106 4030650 
107 4068675 
108 4106700 
109 4144725 
110 4182750 
111 4220775 
112 4258800 
113 4296825 
114 4334850 
115 4372875 
116 4410900 
117 4448925 
118 4486950 
119 4524975 
120 4563000 
121 4601025 
122 4639050 
123 4677075 
124 4715100 
125 4753125 
126 4791150 
127 4829175 
128 4867200 
129 4905225 
130 4943250 
131 4981275 
132 5019300 
133 5057325 
134 5095350 
135 5133375 
136 5171400 
137 5209425 
138 5247450 
139 5285475 
140 5323500 
141 5361525 
142 5399550 
143 5437575 
144 5475600 
145 5513625 
146 5551650 
147 5589675 
148 5627700 
149 5665725 
150 5703750 
151 5741775 
152 5779800 
153 5817825 
154 5855850 
155 5893875 
156 5931900 
157 5969925 
158 6007950 
159 6045975 
160 6084000 
161 6122025 
162 6160050 
163 6198075 
164 6236100 
165 6274125 
166 6312150 
167 6350175 
168 6388200 
169 6426225 
170 6464250 
171 6502275 
172 6540300 
173 6578325 
174 6616350 
175 6654375 
176 6692400 
177 6730425 
178 6768450 
179 6806475 
180 6844500 
181 6882525 
182 6920550 
183 6958575 
184 6996600 
185 7034625 
186 7072650 
187 7110675 
188 7148700 
189 7186725 
190 7224750 
191 7262775 
192 7300800 
193 7338825 
194 7376850 
195 7414875 
