103 1092727
1 10609 
2 21218 
3 31827 
4 42436 
5 53045 
6 63654 
7 74263 
8 84872 
9 95481 
10 106090 
11 116699 
12 127308 
13 137917 
14 148526 
15 159135 
16 169744 
17 180353 
18 190962 
19 201571 
20 212180 
21 222789 
22 233398 
23 244007 
24 254616 
25 265225 
26 275834 
27 286443 
28 297052 
29 307661 
30 318270 
31 328879 
32 339488 
33 350097 
34 360706 
35 371315 
36 381924 
37 392533 
38 403142 
39 413751 
40 424360 
41 434969 
42 445578 
43 456187 
44 466796 
45 477405 
46 488014 
47 498623 
48 509232 
49 519841 
50 530450 
51 541059 
52 551668 
53 562277 
54 572886 
55 583495 
56 594104 
57 604713 
58 615322 
59 625931 
60 636540 
61 647149 
62 657758 
63 668367 
64 678976 
65 689585 
66 700194 
67 710803 
68 721412 
69 732021 
70 742630 
71 753239 
72 763848 
73 774457 
74 785066 
75 795675 
76 806284 
77 816893 
78 827502 
79 838111 
80 848720 
81 859329 
82 869938 
83 880547 
84 891156 
85 901765 
86 912374 
87 922983 
88 933592 
89 944201 
90 954810 
91 965419 
92 976028 
93 986637 
94 997246 
95 1007855 
96 1018464 
97 1029073 
98 1039682 
99 1050291 
100 1060900 
101 1071509 
102 1082118 
103 1092727 
