170 4913000
1 28900 
2 57800 
3 86700 
4 115600 
5 144500 
6 173400 
7 202300 
8 231200 
9 260100 
10 289000 
11 317900 
12 346800 
13 375700 
14 404600 
15 433500 
16 462400 
17 491300 
18 520200 
19 549100 
20 578000 
21 606900 
22 635800 
23 664700 
24 693600 
25 722500 
26 751400 
27 780300 
28 809200 
29 838100 
30 867000 
31 895900 
32 924800 
33 953700 
34 982600 
35 1011500 
36 1040400 
37 1069300 
38 1098200 
39 1127100 
40 1156000 
41 1184900 
42 1213800 
43 1242700 
44 1271600 
45 1300500 
46 1329400 
47 1358300 
48 1387200 
49 1416100 
50 1445000 
51 1473900 
52 1502800 
53 1531700 
54 1560600 
55 1589500 
56 1618400 
57 1647300 
58 1676200 
59 1705100 
60 1734000 
61 1762900 
62 1791800 
63 1820700 
64 1849600 
65 1878500 
66 1907400 
67 1936300 
68 1965200 
69 1994100 
70 2023000 
71 2051900 
72 2080800 
73 2109700 
74 2138600 
75 2167500 
76 2196400 
77 2225300 
78 2254200 
79 2283100 
80 2312000 
81 2340900 
82 2369800 
83 2398700 
84 2427600 
85 2456500 
86 2485400 
87 2514300 
88 2543200 
89 2572100 
90 2601000 
91 2629900 
92 2658800 
93 2687700 
94 2716600 
95 2745500 
96 2774400 
97 2803300 
98 2832200 
99 2861100 
100 2890000 
101 2918900 
102 2947800 
103 2976700 
104 3005600 
105 3034500 
106 3063400 
107 3092300 
108 3121200 
109 3150100 
110 3179000 
111 3207900 
112 3236800 
113 3265700 
114 3294600 
115 3323500 
116 3352400 
117 3381300 
118 3410200 
119 3439100 
120 3468000 
121 3496900 
122 3525800 
123 3554700 
124 3583600 
125 3612500 
126 3641400 
127 3670300 
128 3699200 
129 3728100 
130 3757000 
131 3785900 
132 3814800 
133 3843700 
134 3872600 
135 3901500 
136 3930400 
137 3959300 
138 3988200 
139 4017100 
140 4046000 
141 4074900 
142 4103800 
143 4132700 
144 4161600 
145 4190500 
146 4219400 
147 4248300 
148 4277200 
149 4306100 
150 4335000 
151 4363900 
152 4392800 
153 4421700 
154 4450600 
155 4479500 
156 4508400 
157 4537300 
158 4566200 
159 4595100 
160 4624000 
161 4652900 
162 4681800 
163 4710700 
164 4739600 
165 4768500 
166 4797400 
167 4826300 
168 4855200 
169 4884100 
170 4913000 
