200 40000
1 1240000 
1 2920000 
1 3120000 
1 200000 
1 1800000 
7280000 7280000 
7600000 7600000 
1 1120000 
7040000 7040000 
7160000 7160000 
1 2680000 
1 3840000 
1 80000 
5720000 5720000 
6400000 6400000 
1 3240000 
1 1480000 
1 3040000 
6320000 6320000 
1 2640000 
1 3960000 
1 1600000 
1 1040000 
1 680000 
7560000 7560000 
1 3280000 
7720000 7720000 
1 960000 
1 1640000 
1 2760000 
4480000 4480000 
6640000 6640000 
1 1320000 
1 1560000 
5600000 5600000 
6120000 6120000 
7640000 7640000 
6000000 6000000 
4800000 4800000 
6560000 6560000 
1 3760000 
6760000 6760000 
1 560000 
4200000 4200000 
1 280000 
5520000 5520000 
1 920000 
1 3560000 
7480000 7480000 
4440000 4440000 
7800000 7800000 
1 3480000 
7120000 7120000 
1 1840000 
1 1440000 
5240000 5240000 
6040000 6040000 
1 840000 
7680000 7680000 
1 1960000 
1 1280000 
7920000 7920000 
1 2840000 
4720000 4720000 
1 400000 
7240000 7240000 
1 40000 
1 1080000 
4120000 4120000 
5840000 5840000 
1 2480000 
6280000 6280000 
1 3680000 
1 3920000 
1 2960000 
1 1720000 
7320000 7320000 
4680000 4680000 
7080000 7080000 
1 720000 
5080000 5080000 
1 3200000 
7760000 7760000 
1 880000 
6200000 6200000 
1 1400000 
1 1000000 
5880000 5880000 
7440000 7440000 
1 2360000 
1 520000 
5360000 5360000 
6960000 6960000 
6240000 6240000 
7520000 7520000 
6080000 6080000 
1 2440000 
1 2240000 
1 640000 
6800000 6800000 
1 240000 
1 3800000 
6360000 6360000 
1 3160000 
1 2000000 
1 3000000 
7840000 7840000 
6720000 6720000 
5760000 5760000 
1 3400000 
1 1880000 
1 3440000 
1 2280000 
4880000 4880000 
1 160000 
4400000 4400000 
5920000 5920000 
6440000 6440000 
4520000 4520000 
4640000 4640000 
4960000 4960000 
5640000 5640000 
7200000 7200000 
1 3520000 
1 1360000 
4080000 4080000 
1 2040000 
7880000 7880000 
1 2600000 
7360000 7360000 
1 2800000 
1 3880000 
1 320000 
1 2720000 
7400000 7400000 
1 3320000 
6840000 6840000 
1 440000 
5280000 5280000 
5120000 5120000 
5400000 5400000 
6920000 6920000 
7000000 7000000 
1 2400000 
1 480000 
4160000 4160000 
1 2200000 
8000000 8000000 
1 1760000 
4600000 4600000 
6520000 6520000 
5200000 5200000 
1 1920000 
1 2520000 
1 2080000 
1 2120000 
6480000 6480000 
1 1520000 
1 3600000 
5800000 5800000 
1 3720000 
1 760000 
5440000 5440000 
4280000 4280000 
5560000 5560000 
4320000 4320000 
6880000 6880000 
1 2160000 
1 2560000 
5160000 5160000 
1 3640000 
5680000 5680000 
1 120000 
4360000 4360000 
1 4000000 
1 3360000 
1 360000 
5040000 5040000 
4760000 4760000 
1 2320000 
5480000 5480000 
1 3080000 
6680000 6680000 
1 600000 
6600000 6600000 
1 2880000 
1 800000 
1 1160000 
4240000 4240000 
1 1200000 
7960000 7960000 
5320000 5320000 
6160000 6160000 
4040000 4040000 
5960000 5960000 
4920000 4920000 
4560000 4560000 
5000000 5000000 
4840000 4840000 
1 1680000 
