179 5735339
1 32041 
2 64082 
3 96123 
4 128164 
5 160205 
6 192246 
7 224287 
8 256328 
9 288369 
10 320410 
11 352451 
12 384492 
13 416533 
14 448574 
15 480615 
16 512656 
17 544697 
18 576738 
19 608779 
20 640820 
21 672861 
22 704902 
23 736943 
24 768984 
25 801025 
26 833066 
27 865107 
28 897148 
29 929189 
30 961230 
31 993271 
32 1025312 
33 1057353 
34 1089394 
35 1121435 
36 1153476 
37 1185517 
38 1217558 
39 1249599 
40 1281640 
41 1313681 
42 1345722 
43 1377763 
44 1409804 
45 1441845 
46 1473886 
47 1505927 
48 1537968 
49 1570009 
50 1602050 
51 1634091 
52 1666132 
53 1698173 
54 1730214 
55 1762255 
56 1794296 
57 1826337 
58 1858378 
59 1890419 
60 1922460 
61 1954501 
62 1986542 
63 2018583 
64 2050624 
65 2082665 
66 2114706 
67 2146747 
68 2178788 
69 2210829 
70 2242870 
71 2274911 
72 2306952 
73 2338993 
74 2371034 
75 2403075 
76 2435116 
77 2467157 
78 2499198 
79 2531239 
80 2563280 
81 2595321 
82 2627362 
83 2659403 
84 2691444 
85 2723485 
86 2755526 
87 2787567 
88 2819608 
89 2851649 
90 2883690 
91 2915731 
92 2947772 
93 2979813 
94 3011854 
95 3043895 
96 3075936 
97 3107977 
98 3140018 
99 3172059 
100 3204100 
101 3236141 
102 3268182 
103 3300223 
104 3332264 
105 3364305 
106 3396346 
107 3428387 
108 3460428 
109 3492469 
110 3524510 
111 3556551 
112 3588592 
113 3620633 
114 3652674 
115 3684715 
116 3716756 
117 3748797 
118 3780838 
119 3812879 
120 3844920 
121 3876961 
122 3909002 
123 3941043 
124 3973084 
125 4005125 
126 4037166 
127 4069207 
128 4101248 
129 4133289 
130 4165330 
131 4197371 
132 4229412 
133 4261453 
134 4293494 
135 4325535 
136 4357576 
137 4389617 
138 4421658 
139 4453699 
140 4485740 
141 4517781 
142 4549822 
143 4581863 
144 4613904 
145 4645945 
146 4677986 
147 4710027 
148 4742068 
149 4774109 
150 4806150 
151 4838191 
152 4870232 
153 4902273 
154 4934314 
155 4966355 
156 4998396 
157 5030437 
158 5062478 
159 5094519 
160 5126560 
161 5158601 
162 5190642 
163 5222683 
164 5254724 
165 5286765 
166 5318806 
167 5350847 
168 5382888 
169 5414929 
170 5446970 
171 5479011 
172 5511052 
173 5543093 
174 5575134 
175 5607175 
176 5639216 
177 5671257 
178 5703298 
179 5735339 
