165 27225
3865950 3865950 
3321450 3321450 
4247100 4247100 
4328775 4328775 
1 626175 
3702600 3702600 
1 27225 
1 707850 
1 190575 
1 1470150 
1 1932975 
3484800 3484800 
1 1116225 
2858625 2858625 
4464900 4464900 
1 1715175 
1 980100 
1 1878525 
4383225 4383225 
1 1089000 
2423025 2423025 
2586375 2586375 
1 1197900 
2286900 2286900 
1 1007325 
3512025 3512025 
1 871200 
3811500 3811500 
3267000 3267000 
1 462825 
3729825 3729825 
1 1905750 
2368575 2368575 
1 2150775 
2885850 2885850 
4056525 4056525 
2913075 2913075 
3430350 3430350 
2776950 2776950 
2668050 2668050 
1 408375 
1 1497375 
1 1334025 
2994750 2994750 
1 1579050 
4138200 4138200 
2559150 2559150 
1 1388475 
3648150 3648150 
2531925 2531925 
1 1361250 
3158100 3158100 
3893175 3893175 
4029300 4029300 
1 1034550 
4083750 4083750 
1 272250 
3593700 3593700 
1 2096325 
1 1660725 
1 245025 
3784275 3784275 
2504700 2504700 
1 544500 
3348675 3348675 
1 2069100 
1 789525 
1 163350 
4192650 4192650 
1 925650 
3920400 3920400 
2804175 2804175 
1 1252350 
1 1769625 
1 299475 
4301550 4301550 
1 490050 
1 1987425 
1 735075 
1 843975 
3103650 3103650 
1 1960200 
3974850 3974850 
3049200 3049200 
1 2014650 
1 1415700 
1 1742400 
3675375 3675375 
3212550 3212550 
1 108900 
3457575 3457575 
2395800 2395800 
3947625 3947625 
1 136125 
3130875 3130875 
1 517275 
1 1061775 
2940300 2940300 
1 898425 
1 1279575 
3838725 3838725 
1 1633500 
1 952875 
2695275 2695275 
4274325 4274325 
1 2123550 
2477475 2477475 
4219875 4219875 
3757050 3757050 
1 1306800 
2640825 2640825 
1 653400 
4110975 4110975 
1 1606275 
1 571725 
3239775 3239775 
2450250 2450250 
1 1687950 
3566475 3566475 
1 217800 
1 326700 
1 1824075 
2613600 2613600 
1 762300 
1 1551825 
1 1524600 
1 381150 
1 2041875 
1 1442925 
4437675 4437675 
1 2232450 
1 353925 
1 680625 
3539250 3539250 
3375900 3375900 
1 598950 
1 81675 
3403125 3403125 
1 1225125 
2341350 2341350 
1 2205225 
1 435600 
3294225 3294225 
2314125 2314125 
4410450 4410450 
4356000 4356000 
2967525 2967525 
2749725 2749725 
1 1851300 
4492125 4492125 
2259675 2259675 
4002075 4002075 
3021975 3021975 
4165425 4165425 
1 816750 
1 1143450 
1 2178000 
3185325 3185325 
2831400 2831400 
2722500 2722500 
1 54450 
1 1170675 
1 1796850 
3620925 3620925 
3076425 3076425 
