58 3364
1740 100920 
2088 121104 
1 30276 
3074 178292 
1 13456 
1 60552 
1 94192 
1 6728 
1856 107648 
2494 144652 
1 47096 
1 40368 
1 84100 
2146 124468 
2668 154744 
1972 114376 
3364 195112 
2726 158108 
1 23548 
2958 171564 
1 70644 
2320 134560 
1 20184 
1 63916 
2030 117740 
1 77372 
1 67280 
3132 181656 
2552 148016 
1798 104284 
1 97556 
3190 185020 
1 57188 
1 50460 
3248 188384 
1 53824 
1 10092 
1 26912 
1 90828 
2784 161472 
2610 151380 
1 74008 
2842 164836 
3306 191748 
1 37004 
1 87464 
2378 137924 
1 33640 
2436 141288 
1 43732 
1 3364 
1914 111012 
1 16820 
3016 174928 
2204 127832 
1 80736 
2900 168200 
2262 131196 
