168 4741632
1 28224 
2 56448 
3 84672 
4 112896 
5 141120 
6 169344 
7 197568 
8 225792 
9 254016 
10 282240 
11 310464 
12 338688 
13 366912 
14 395136 
15 423360 
16 451584 
17 479808 
18 508032 
19 536256 
20 564480 
21 592704 
22 620928 
23 649152 
24 677376 
25 705600 
26 733824 
27 762048 
28 790272 
29 818496 
30 846720 
31 874944 
32 903168 
33 931392 
34 959616 
35 987840 
36 1016064 
37 1044288 
38 1072512 
39 1100736 
40 1128960 
41 1157184 
42 1185408 
43 1213632 
44 1241856 
45 1270080 
46 1298304 
47 1326528 
48 1354752 
49 1382976 
50 1411200 
51 1439424 
52 1467648 
53 1495872 
54 1524096 
55 1552320 
56 1580544 
57 1608768 
58 1636992 
59 1665216 
60 1693440 
61 1721664 
62 1749888 
63 1778112 
64 1806336 
65 1834560 
66 1862784 
67 1891008 
68 1919232 
69 1947456 
70 1975680 
71 2003904 
72 2032128 
73 2060352 
74 2088576 
75 2116800 
76 2145024 
77 2173248 
78 2201472 
79 2229696 
80 2257920 
81 2286144 
82 2314368 
83 2342592 
84 2370816 
85 2399040 
86 2427264 
87 2455488 
88 2483712 
89 2511936 
90 2540160 
91 2568384 
92 2596608 
93 2624832 
94 2653056 
95 2681280 
96 2709504 
97 2737728 
98 2765952 
99 2794176 
100 2822400 
101 2850624 
102 2878848 
103 2907072 
104 2935296 
105 2963520 
106 2991744 
107 3019968 
108 3048192 
109 3076416 
110 3104640 
111 3132864 
112 3161088 
113 3189312 
114 3217536 
115 3245760 
116 3273984 
117 3302208 
118 3330432 
119 3358656 
120 3386880 
121 3415104 
122 3443328 
123 3471552 
124 3499776 
125 3528000 
126 3556224 
127 3584448 
128 3612672 
129 3640896 
130 3669120 
131 3697344 
132 3725568 
133 3753792 
134 3782016 
135 3810240 
136 3838464 
137 3866688 
138 3894912 
139 3923136 
140 3951360 
141 3979584 
142 4007808 
143 4036032 
144 4064256 
145 4092480 
146 4120704 
147 4148928 
148 4177152 
149 4205376 
150 4233600 
151 4261824 
152 4290048 
153 4318272 
154 4346496 
155 4374720 
156 4402944 
157 4431168 
158 4459392 
159 4487616 
160 4515840 
161 4544064 
162 4572288 
163 4600512 
164 4628736 
165 4656960 
166 4685184 
167 4713408 
168 4741632 
