142 2863288
1 20164 
2 40328 
3 60492 
4 80656 
5 100820 
6 120984 
7 141148 
8 161312 
9 181476 
10 201640 
11 221804 
12 241968 
13 262132 
14 282296 
15 302460 
16 322624 
17 342788 
18 362952 
19 383116 
20 403280 
21 423444 
22 443608 
23 463772 
24 483936 
25 504100 
26 524264 
27 544428 
28 564592 
29 584756 
30 604920 
31 625084 
32 645248 
33 665412 
34 685576 
35 705740 
36 725904 
37 746068 
38 766232 
39 786396 
40 806560 
41 826724 
42 846888 
43 867052 
44 887216 
45 907380 
46 927544 
47 947708 
48 967872 
49 988036 
50 1008200 
51 1028364 
52 1048528 
53 1068692 
54 1088856 
55 1109020 
56 1129184 
57 1149348 
58 1169512 
59 1189676 
60 1209840 
61 1230004 
62 1250168 
63 1270332 
64 1290496 
65 1310660 
66 1330824 
67 1350988 
68 1371152 
69 1391316 
70 1411480 
71 1431644 
72 1451808 
73 1471972 
74 1492136 
75 1512300 
76 1532464 
77 1552628 
78 1572792 
79 1592956 
80 1613120 
81 1633284 
82 1653448 
83 1673612 
84 1693776 
85 1713940 
86 1734104 
87 1754268 
88 1774432 
89 1794596 
90 1814760 
91 1834924 
92 1855088 
93 1875252 
94 1895416 
95 1915580 
96 1935744 
97 1955908 
98 1976072 
99 1996236 
100 2016400 
101 2036564 
102 2056728 
103 2076892 
104 2097056 
105 2117220 
106 2137384 
107 2157548 
108 2177712 
109 2197876 
110 2218040 
111 2238204 
112 2258368 
113 2278532 
114 2298696 
115 2318860 
116 2339024 
117 2359188 
118 2379352 
119 2399516 
120 2419680 
121 2439844 
122 2460008 
123 2480172 
124 2500336 
125 2520500 
126 2540664 
127 2560828 
128 2580992 
129 2601156 
130 2621320 
131 2641484 
132 2661648 
133 2681812 
134 2701976 
135 2722140 
136 2742304 
137 2762468 
138 2782632 
139 2802796 
140 2822960 
141 2843124 
142 2863288 
