63 3969
1 35721 
190512 190512 
1 15876 
1 111132 
150822 150822 
214326 214326 
242109 242109 
127008 127008 
1 87318 
210357 210357 
238140 238140 
1 27783 
218295 218295 
1 59535 
1 55566 
226233 226233 
1 7938 
166698 166698 
1 79380 
1 39690 
1 31752 
206388 206388 
230202 230202 
1 23814 
1 19845 
1 51597 
198450 198450 
222264 222264 
194481 194481 
158760 158760 
182574 182574 
1 63504 
202419 202419 
1 107163 
174636 174636 
1 3969 
178605 178605 
1 47628 
234171 234171 
250047 250047 
1 71442 
186543 186543 
1 91287 
246078 246078 
130977 130977 
1 123039 
134946 134946 
1 11907 
162729 162729 
1 95256 
154791 154791 
1 83349 
138915 138915 
1 67473 
142884 142884 
1 115101 
146853 146853 
170667 170667 
1 43659 
1 103194 
1 99225 
1 75411 
1 119070 
