68 314432
1 4624 
2 9248 
3 13872 
4 18496 
5 23120 
6 27744 
7 32368 
8 36992 
9 41616 
10 46240 
11 50864 
12 55488 
13 60112 
14 64736 
15 69360 
16 73984 
17 78608 
18 83232 
19 87856 
20 92480 
21 97104 
22 101728 
23 106352 
24 110976 
25 115600 
26 120224 
27 124848 
28 129472 
29 134096 
30 138720 
31 143344 
32 147968 
33 152592 
34 157216 
35 161840 
36 166464 
37 171088 
38 175712 
39 180336 
40 184960 
41 189584 
42 194208 
43 198832 
44 203456 
45 208080 
46 212704 
47 217328 
48 221952 
49 226576 
50 231200 
51 235824 
52 240448 
53 245072 
54 249696 
55 254320 
56 258944 
57 263568 
58 268192 
59 272816 
60 277440 
61 282064 
62 286688 
63 291312 
64 295936 
65 300560 
66 305184 
67 309808 
68 314432 
