51 132651
1 2601 
2 5202 
3 7803 
4 10404 
5 13005 
6 15606 
7 18207 
8 20808 
9 23409 
10 26010 
11 28611 
12 31212 
13 33813 
14 36414 
15 39015 
16 41616 
17 44217 
18 46818 
19 49419 
20 52020 
21 54621 
22 57222 
23 59823 
24 62424 
25 65025 
26 67626 
27 70227 
28 72828 
29 75429 
30 78030 
31 80631 
32 83232 
33 85833 
34 88434 
35 91035 
36 93636 
37 96237 
38 98838 
39 101439 
40 104040 
41 106641 
42 109242 
43 111843 
44 114444 
45 117045 
46 119646 
47 122247 
48 124848 
49 127449 
50 130050 
51 132651 
