144 20736
2343168 2343168 
1 1327104 
1 1430784 
2218752 2218752 
2177280 2177280 
2156544 2156544 
1 228096 
2550528 2550528 
2944512 2944512 
1 1078272 
2612736 2612736 
2260224 2260224 
1928448 1928448 
1762560 1762560 
1 82944 
1 186624 
2529792 2529792 
2923776 2923776 
2363904 2363904 
1 891648 
1866240 1866240 
1783296 1783296 
1 1492992 
1 1016064 
1617408 1617408 
1 1057536 
1 622080 
2446848 2446848 
1 1119744 
1 559872 
1 1099008 
2840832 2840832 
1 124416 
2426112 2426112 
1 456192 
1721088 1721088 
2737152 2737152 
1 912384 
1 1285632 
2633472 2633472 
1 352512 
1 1161216 
2716416 2716416 
1 1306368 
1949184 1949184 
2903040 2903040 
1886976 1886976 
1 497664 
1 165888 
1596672 1596672 
2985984 2985984 
1 373248 
1 331776 
1 41472 
1 580608 
1679616 1679616 
2032128 2032128 
1 953856 
1 435456 
1990656 1990656 
2695680 2695680 
1 248832 
1700352 1700352 
2488320 2488320 
1 1368576 
1 62208 
1907712 1907712 
2778624 2778624 
1555200 1555200 
2384640 2384640 
2674944 2674944 
1 1140480 
1575936 1575936 
2757888 2757888 
1824768 1824768 
2654208 2654208 
1 269568 
2094336 2094336 
2571264 2571264 
2467584 2467584 
1 518400 
1 476928 
2073600 2073600 
1741824 1741824 
1 207360 
2965248 2965248 
2115072 2115072 
1 1244160 
2011392 2011392 
1 1264896 
1513728 1513728 
2280960 2280960 
1 767232 
1 1181952 
2882304 2882304 
1 20736 
1638144 1638144 
2820096 2820096 
1 974592 
1 642816 
1 145152 
1534464 1534464 
1 725760 
2509056 2509056 
1 1347840 
1969920 1969920 
1804032 1804032 
2135808 2135808 
1 1389312 
2592000 2592000 
1 414720 
1 870912 
1 705024 
1 539136 
1 995328 
1 933120 
2198016 2198016 
2301696 2301696 
1 1202688 
2239488 2239488 
1 393984 
1 1451520 
1 1223424 
2052864 2052864 
1 311040 
1 290304 
1658880 1658880 
2322432 2322432 
1 850176 
1 1410048 
1 1472256 
1 787968 
1 808704 
2405376 2405376 
1 746496 
1 103680 
1 829440 
1 1036800 
1845504 1845504 
2861568 2861568 
1 663552 
1 684288 
1 601344 
2799360 2799360 
