88 7744
1 30976 
518848 518848 
356224 356224 
1 263296 
1 302016 
449152 449152 
1 92928 
1 54208 
1 108416 
1 255552 
433664 433664 
1 100672 
363968 363968 
1 201344 
1 170368 
534336 534336 
1 294272 
1 309760 
394944 394944 
472384 472384 
480128 480128 
1 286528 
1 85184 
1 139392 
1 147136 
611776 611776 
580800 580800 
410432 410432 
596288 596288 
1 15488 
1 178112 
387200 387200 
1 38720 
588544 588544 
1 185856 
1 77440 
1 69696 
627264 627264 
526592 526592 
604032 604032 
1 247808 
565312 565312 
1 154880 
619520 619520 
665984 665984 
650496 650496 
348480 348480 
658240 658240 
557568 557568 
673728 673728 
1 209088 
379456 379456 
1 278784 
1 7744 
1 193600 
1 61952 
511104 511104 
1 116160 
1 46464 
487872 487872 
495616 495616 
1 23232 
1 216832 
371712 371712 
642752 642752 
503360 503360 
402688 402688 
1 340736 
441408 441408 
635008 635008 
542080 542080 
464640 464640 
1 224576 
681472 681472 
1 332992 
573056 573056 
418176 418176 
456896 456896 
425920 425920 
1 317504 
1 131648 
1 271040 
1 162624 
1 232320 
1 123904 
1 240064 
1 325248 
549824 549824 
