176 5451776
1 30976 
2 61952 
3 92928 
4 123904 
5 154880 
6 185856 
7 216832 
8 247808 
9 278784 
10 309760 
11 340736 
12 371712 
13 402688 
14 433664 
15 464640 
16 495616 
17 526592 
18 557568 
19 588544 
20 619520 
21 650496 
22 681472 
23 712448 
24 743424 
25 774400 
26 805376 
27 836352 
28 867328 
29 898304 
30 929280 
31 960256 
32 991232 
33 1022208 
34 1053184 
35 1084160 
36 1115136 
37 1146112 
38 1177088 
39 1208064 
40 1239040 
41 1270016 
42 1300992 
43 1331968 
44 1362944 
45 1393920 
46 1424896 
47 1455872 
48 1486848 
49 1517824 
50 1548800 
51 1579776 
52 1610752 
53 1641728 
54 1672704 
55 1703680 
56 1734656 
57 1765632 
58 1796608 
59 1827584 
60 1858560 
61 1889536 
62 1920512 
63 1951488 
64 1982464 
65 2013440 
66 2044416 
67 2075392 
68 2106368 
69 2137344 
70 2168320 
71 2199296 
72 2230272 
73 2261248 
74 2292224 
75 2323200 
76 2354176 
77 2385152 
78 2416128 
79 2447104 
80 2478080 
81 2509056 
82 2540032 
83 2571008 
84 2601984 
85 2632960 
86 2663936 
87 2694912 
88 2725888 
89 2756864 
90 2787840 
91 2818816 
92 2849792 
93 2880768 
94 2911744 
95 2942720 
96 2973696 
97 3004672 
98 3035648 
99 3066624 
100 3097600 
101 3128576 
102 3159552 
103 3190528 
104 3221504 
105 3252480 
106 3283456 
107 3314432 
108 3345408 
109 3376384 
110 3407360 
111 3438336 
112 3469312 
113 3500288 
114 3531264 
115 3562240 
116 3593216 
117 3624192 
118 3655168 
119 3686144 
120 3717120 
121 3748096 
122 3779072 
123 3810048 
124 3841024 
125 3872000 
126 3902976 
127 3933952 
128 3964928 
129 3995904 
130 4026880 
131 4057856 
132 4088832 
133 4119808 
134 4150784 
135 4181760 
136 4212736 
137 4243712 
138 4274688 
139 4305664 
140 4336640 
141 4367616 
142 4398592 
143 4429568 
144 4460544 
145 4491520 
146 4522496 
147 4553472 
148 4584448 
149 4615424 
150 4646400 
151 4677376 
152 4708352 
153 4739328 
154 4770304 
155 4801280 
156 4832256 
157 4863232 
158 4894208 
159 4925184 
160 4956160 
161 4987136 
162 5018112 
163 5049088 
164 5080064 
165 5111040 
166 5142016 
167 5172992 
168 5203968 
169 5234944 
170 5265920 
171 5296896 
172 5327872 
173 5358848 
174 5389824 
175 5420800 
176 5451776 
