69 4761
166635 166635 
328509 328509 
185679 185679 
1 104742 
1 33327 
304704 304704 
276138 276138 
1 123786 
1 128547 
1 147591 
242811 242811 
180918 180918 
1 95220 
1 61893 
1 119025 
1 161874 
285660 285660 
1 157113 
176157 176157 
271377 271377 
318987 318987 
1 52371 
228528 228528 
290421 290421 
1 99981 
1 76176 
214245 214245 
1 4761 
219006 219006 
1 42849 
1 133308 
266616 266616 
1 152352 
1 9522 
1 19044 
1 28566 
1 71415 
295182 295182 
1 57132 
1 90459 
1 23805 
323748 323748 
1 138069 
1 14283 
199962 199962 
1 114264 
195201 195201 
247572 247572 
233289 233289 
261855 261855 
1 66654 
1 38088 
1 80937 
209484 209484 
252333 252333 
309465 309465 
299943 299943 
314226 314226 
223767 223767 
171396 171396 
1 85698 
190440 190440 
1 142830 
257094 257094 
280899 280899 
1 47610 
1 109503 
204723 204723 
238050 238050 
