187 6539203
1 34969 
2 69938 
3 104907 
4 139876 
5 174845 
6 209814 
7 244783 
8 279752 
9 314721 
10 349690 
11 384659 
12 419628 
13 454597 
14 489566 
15 524535 
16 559504 
17 594473 
18 629442 
19 664411 
20 699380 
21 734349 
22 769318 
23 804287 
24 839256 
25 874225 
26 909194 
27 944163 
28 979132 
29 1014101 
30 1049070 
31 1084039 
32 1119008 
33 1153977 
34 1188946 
35 1223915 
36 1258884 
37 1293853 
38 1328822 
39 1363791 
40 1398760 
41 1433729 
42 1468698 
43 1503667 
44 1538636 
45 1573605 
46 1608574 
47 1643543 
48 1678512 
49 1713481 
50 1748450 
51 1783419 
52 1818388 
53 1853357 
54 1888326 
55 1923295 
56 1958264 
57 1993233 
58 2028202 
59 2063171 
60 2098140 
61 2133109 
62 2168078 
63 2203047 
64 2238016 
65 2272985 
66 2307954 
67 2342923 
68 2377892 
69 2412861 
70 2447830 
71 2482799 
72 2517768 
73 2552737 
74 2587706 
75 2622675 
76 2657644 
77 2692613 
78 2727582 
79 2762551 
80 2797520 
81 2832489 
82 2867458 
83 2902427 
84 2937396 
85 2972365 
86 3007334 
87 3042303 
88 3077272 
89 3112241 
90 3147210 
91 3182179 
92 3217148 
93 3252117 
94 3287086 
95 3322055 
96 3357024 
97 3391993 
98 3426962 
99 3461931 
100 3496900 
101 3531869 
102 3566838 
103 3601807 
104 3636776 
105 3671745 
106 3706714 
107 3741683 
108 3776652 
109 3811621 
110 3846590 
111 3881559 
112 3916528 
113 3951497 
114 3986466 
115 4021435 
116 4056404 
117 4091373 
118 4126342 
119 4161311 
120 4196280 
121 4231249 
122 4266218 
123 4301187 
124 4336156 
125 4371125 
126 4406094 
127 4441063 
128 4476032 
129 4511001 
130 4545970 
131 4580939 
132 4615908 
133 4650877 
134 4685846 
135 4720815 
136 4755784 
137 4790753 
138 4825722 
139 4860691 
140 4895660 
141 4930629 
142 4965598 
143 5000567 
144 5035536 
145 5070505 
146 5105474 
147 5140443 
148 5175412 
149 5210381 
150 5245350 
151 5280319 
152 5315288 
153 5350257 
154 5385226 
155 5420195 
156 5455164 
157 5490133 
158 5525102 
159 5560071 
160 5595040 
161 5630009 
162 5664978 
163 5699947 
164 5734916 
165 5769885 
166 5804854 
167 5839823 
168 5874792 
169 5909761 
170 5944730 
171 5979699 
172 6014668 
173 6049637 
174 6084606 
175 6119575 
176 6154544 
177 6189513 
178 6224482 
179 6259451 
180 6294420 
181 6329389 
182 6364358 
183 6399327 
184 6434296 
185 6469265 
186 6504234 
187 6539203 
