198 7762392
1 39204 
2 78408 
3 117612 
4 156816 
5 196020 
6 235224 
7 274428 
8 313632 
9 352836 
10 392040 
11 431244 
12 470448 
13 509652 
14 548856 
15 588060 
16 627264 
17 666468 
18 705672 
19 744876 
20 784080 
21 823284 
22 862488 
23 901692 
24 940896 
25 980100 
26 1019304 
27 1058508 
28 1097712 
29 1136916 
30 1176120 
31 1215324 
32 1254528 
33 1293732 
34 1332936 
35 1372140 
36 1411344 
37 1450548 
38 1489752 
39 1528956 
40 1568160 
41 1607364 
42 1646568 
43 1685772 
44 1724976 
45 1764180 
46 1803384 
47 1842588 
48 1881792 
49 1920996 
50 1960200 
51 1999404 
52 2038608 
53 2077812 
54 2117016 
55 2156220 
56 2195424 
57 2234628 
58 2273832 
59 2313036 
60 2352240 
61 2391444 
62 2430648 
63 2469852 
64 2509056 
65 2548260 
66 2587464 
67 2626668 
68 2665872 
69 2705076 
70 2744280 
71 2783484 
72 2822688 
73 2861892 
74 2901096 
75 2940300 
76 2979504 
77 3018708 
78 3057912 
79 3097116 
80 3136320 
81 3175524 
82 3214728 
83 3253932 
84 3293136 
85 3332340 
86 3371544 
87 3410748 
88 3449952 
89 3489156 
90 3528360 
91 3567564 
92 3606768 
93 3645972 
94 3685176 
95 3724380 
96 3763584 
97 3802788 
98 3841992 
99 3881196 
100 3920400 
101 3959604 
102 3998808 
103 4038012 
104 4077216 
105 4116420 
106 4155624 
107 4194828 
108 4234032 
109 4273236 
110 4312440 
111 4351644 
112 4390848 
113 4430052 
114 4469256 
115 4508460 
116 4547664 
117 4586868 
118 4626072 
119 4665276 
120 4704480 
121 4743684 
122 4782888 
123 4822092 
124 4861296 
125 4900500 
126 4939704 
127 4978908 
128 5018112 
129 5057316 
130 5096520 
131 5135724 
132 5174928 
133 5214132 
134 5253336 
135 5292540 
136 5331744 
137 5370948 
138 5410152 
139 5449356 
140 5488560 
141 5527764 
142 5566968 
143 5606172 
144 5645376 
145 5684580 
146 5723784 
147 5762988 
148 5802192 
149 5841396 
150 5880600 
151 5919804 
152 5959008 
153 5998212 
154 6037416 
155 6076620 
156 6115824 
157 6155028 
158 6194232 
159 6233436 
160 6272640 
161 6311844 
162 6351048 
163 6390252 
164 6429456 
165 6468660 
166 6507864 
167 6547068 
168 6586272 
169 6625476 
170 6664680 
171 6703884 
172 6743088 
173 6782292 
174 6821496 
175 6860700 
176 6899904 
177 6939108 
178 6978312 
179 7017516 
180 7056720 
181 7095924 
182 7135128 
183 7174332 
184 7213536 
185 7252740 
186 7291944 
187 7331148 
188 7370352 
189 7409556 
190 7448760 
191 7487964 
192 7527168 
193 7566372 
194 7605576 
195 7644780 
196 7683984 
197 7723188 
198 7762392 
