62 238328
1 3844 
2 7688 
3 11532 
4 15376 
5 19220 
6 23064 
7 26908 
8 30752 
9 34596 
10 38440 
11 42284 
12 46128 
13 49972 
14 53816 
15 57660 
16 61504 
17 65348 
18 69192 
19 73036 
20 76880 
21 80724 
22 84568 
23 88412 
24 92256 
25 96100 
26 99944 
27 103788 
28 107632 
29 111476 
30 115320 
31 119164 
32 123008 
33 126852 
34 130696 
35 134540 
36 138384 
37 142228 
38 146072 
39 149916 
40 153760 
41 157604 
42 161448 
43 165292 
44 169136 
45 172980 
46 176824 
47 180668 
48 184512 
49 188356 
50 192200 
51 196044 
52 199888 
53 203732 
54 207576 
55 211420 
56 215264 
57 219108 
58 222952 
59 226796 
60 230640 
61 234484 
62 238328 
