50 2500
1 50000 
2500 125000 
1500 75000 
1950 97500 
2300 115000 
2350 117500 
2150 107500 
1550 77500 
1800 90000 
1850 92500 
1 35000 
1 32500 
1 17500 
1 40000 
1 57500 
1 55000 
1 52500 
2250 112500 
1 45000 
1600 80000 
1450 72500 
1 10000 
1 25000 
1 7500 
1 5000 
1 20000 
2450 122500 
1 15000 
1650 82500 
1 42500 
1 62500 
1 12500 
1 22500 
2100 105000 
1 30000 
1300 65000 
2400 120000 
2000 100000 
1900 95000 
1350 67500 
1 27500 
2050 102500 
1 37500 
1 2500 
1750 87500 
1 60000 
1700 85000 
1400 70000 
1 47500 
2200 110000 
