123 15129
1482642 1482642 
1301094 1301094 
1 90774 
1 317709 
1 423612 
1 181548 
1 211806 
998514 998514 
1210320 1210320 
1 196677 
1 408483 
1 862353 
1 45387 
1603674 1603674 
1633932 1633932 
1 726192 
1 771579 
1180062 1180062 
1815480 1815480 
1 529515 
1059030 1059030 
1 514386 
1 635418 
1754964 1754964 
1 151290 
1013643 1013643 
1 15129 
1 166419 
1497771 1497771 
1422126 1422126 
1 121032 
1800351 1800351 
1 877482 
1316223 1316223 
1618803 1618803 
1134675 1134675 
1 393354 
1664190 1664190 
1089288 1089288 
1709577 1709577 
1 60516 
1 468999 
1074159 1074159 
937998 937998 
1028772 1028772 
1119546 1119546 
1845738 1845738 
1679319 1679319 
1739835 1739835 
1391868 1391868 
1 378225 
1 105903 
1 590031 
1 801837 
1 620289 
1 559773 
1 287451 
1240578 1240578 
1285965 1285965 
1770093 1770093 
1 847224 
1785222 1785222 
1 438741 
1346481 1346481 
1573416 1573416 
983385 983385 
1164933 1164933 
1 786708 
1467513 1467513 
1558287 1558287 
1225449 1225449 
1649061 1649061 
1 741321 
1376739 1376739 
1255707 1255707 
1 242064 
1 650547 
1149804 1149804 
1 453870 
1 574902 
1331352 1331352 
1 302580 
1543158 1543158 
1 484128 
1512900 1512900 
1 711063 
1 892611 
1 75645 
1361610 1361610 
953127 953127 
1 363096 
1452384 1452384 
1830609 1830609 
1 922869 
1 695934 
1528029 1528029 
1 665676 
1195191 1195191 
1 907740 
1043901 1043901 
1270836 1270836 
1 832095 
1 756450 
1694448 1694448 
1406997 1406997 
1 272322 
1 499257 
1 30258 
1724706 1724706 
1104417 1104417 
1 226935 
1 605160 
1 136161 
1 347967 
1 680805 
1 816966 
1 544644 
1437255 1437255 
968256 968256 
1 257193 
1860867 1860867 
1588545 1588545 
1 332838 
