153 3581577
1 23409 
2 46818 
3 70227 
4 93636 
5 117045 
6 140454 
7 163863 
8 187272 
9 210681 
10 234090 
11 257499 
12 280908 
13 304317 
14 327726 
15 351135 
16 374544 
17 397953 
18 421362 
19 444771 
20 468180 
21 491589 
22 514998 
23 538407 
24 561816 
25 585225 
26 608634 
27 632043 
28 655452 
29 678861 
30 702270 
31 725679 
32 749088 
33 772497 
34 795906 
35 819315 
36 842724 
37 866133 
38 889542 
39 912951 
40 936360 
41 959769 
42 983178 
43 1006587 
44 1029996 
45 1053405 
46 1076814 
47 1100223 
48 1123632 
49 1147041 
50 1170450 
51 1193859 
52 1217268 
53 1240677 
54 1264086 
55 1287495 
56 1310904 
57 1334313 
58 1357722 
59 1381131 
60 1404540 
61 1427949 
62 1451358 
63 1474767 
64 1498176 
65 1521585 
66 1544994 
67 1568403 
68 1591812 
69 1615221 
70 1638630 
71 1662039 
72 1685448 
73 1708857 
74 1732266 
75 1755675 
76 1779084 
77 1802493 
78 1825902 
79 1849311 
80 1872720 
81 1896129 
82 1919538 
83 1942947 
84 1966356 
85 1989765 
86 2013174 
87 2036583 
88 2059992 
89 2083401 
90 2106810 
91 2130219 
92 2153628 
93 2177037 
94 2200446 
95 2223855 
96 2247264 
97 2270673 
98 2294082 
99 2317491 
100 2340900 
101 2364309 
102 2387718 
103 2411127 
104 2434536 
105 2457945 
106 2481354 
107 2504763 
108 2528172 
109 2551581 
110 2574990 
111 2598399 
112 2621808 
113 2645217 
114 2668626 
115 2692035 
116 2715444 
117 2738853 
118 2762262 
119 2785671 
120 2809080 
121 2832489 
122 2855898 
123 2879307 
124 2902716 
125 2926125 
126 2949534 
127 2972943 
128 2996352 
129 3019761 
130 3043170 
131 3066579 
132 3089988 
133 3113397 
134 3136806 
135 3160215 
136 3183624 
137 3207033 
138 3230442 
139 3253851 
140 3277260 
141 3300669 
142 3324078 
143 3347487 
144 3370896 
145 3394305 
146 3417714 
147 3441123 
148 3464532 
149 3487941 
150 3511350 
151 3534759 
152 3558168 
153 3581577 
