87 7569
1 272484 
1 264915 
1 90828 
1 113535 
1 128673 
628227 628227 
635796 635796 
544968 544968 
1 242208 
461709 461709 
1 166518 
1 302760 
439002 439002 
1 7569 
1 60552 
613089 613089 
408726 408726 
1 249777 
1 204363 
1 287622 
575244 575244 
1 15138 
1 295191 
454140 454140 
1 151380 
386019 386019 
1 75690 
1 227070 
1 257346 
484416 484416 
1 105966 
401157 401157 
1 219501 
582813 582813 
1 310329 
423864 423864 
355743 355743 
1 317898 
529830 529830 
1 30276 
1 280053 
370881 370881 
446571 446571 
431433 431433 
416295 416295 
1 234639 
1 22707 
658503 658503 
378450 378450 
560106 560106 
393588 393588 
1 68121 
1 98397 
1 189225 
348174 348174 
1 83259 
620658 620658 
1 136242 
1 45414 
552537 552537 
1 158949 
597951 597951 
537399 537399 
567675 567675 
1 37845 
1 52983 
499554 499554 
1 181656 
1 196794 
1 143811 
514692 514692 
1 325467 
476847 476847 
333036 333036 
590382 590382 
340605 340605 
1 174087 
507123 507123 
522261 522261 
643365 643365 
363312 363312 
1 211932 
1 121104 
605520 605520 
491985 491985 
650934 650934 
469278 469278 
