96 884736
1 9216 
2 18432 
3 27648 
4 36864 
5 46080 
6 55296 
7 64512 
8 73728 
9 82944 
10 92160 
11 101376 
12 110592 
13 119808 
14 129024 
15 138240 
16 147456 
17 156672 
18 165888 
19 175104 
20 184320 
21 193536 
22 202752 
23 211968 
24 221184 
25 230400 
26 239616 
27 248832 
28 258048 
29 267264 
30 276480 
31 285696 
32 294912 
33 304128 
34 313344 
35 322560 
36 331776 
37 340992 
38 350208 
39 359424 
40 368640 
41 377856 
42 387072 
43 396288 
44 405504 
45 414720 
46 423936 
47 433152 
48 442368 
49 451584 
50 460800 
51 470016 
52 479232 
53 488448 
54 497664 
55 506880 
56 516096 
57 525312 
58 534528 
59 543744 
60 552960 
61 562176 
62 571392 
63 580608 
64 589824 
65 599040 
66 608256 
67 617472 
68 626688 
69 635904 
70 645120 
71 654336 
72 663552 
73 672768 
74 681984 
75 691200 
76 700416 
77 709632 
78 718848 
79 728064 
80 737280 
81 746496 
82 755712 
83 764928 
84 774144 
85 783360 
86 792576 
87 801792 
88 811008 
89 820224 
90 829440 
91 838656 
92 847872 
93 857088 
94 866304 
95 875520 
96 884736 
