77 456533
1 5929 
2 11858 
3 17787 
4 23716 
5 29645 
6 35574 
7 41503 
8 47432 
9 53361 
10 59290 
11 65219 
12 71148 
13 77077 
14 83006 
15 88935 
16 94864 
17 100793 
18 106722 
19 112651 
20 118580 
21 124509 
22 130438 
23 136367 
24 142296 
25 148225 
26 154154 
27 160083 
28 166012 
29 171941 
30 177870 
31 183799 
32 189728 
33 195657 
34 201586 
35 207515 
36 213444 
37 219373 
38 225302 
39 231231 
40 237160 
41 243089 
42 249018 
43 254947 
44 260876 
45 266805 
46 272734 
47 278663 
48 284592 
49 290521 
50 296450 
51 302379 
52 308308 
53 314237 
54 320166 
55 326095 
56 332024 
57 337953 
58 343882 
59 349811 
60 355740 
61 361669 
62 367598 
63 373527 
64 379456 
65 385385 
66 391314 
67 397243 
68 403172 
69 409101 
70 415030 
71 420959 
72 426888 
73 432817 
74 438746 
75 444675 
76 450604 
77 456533 
