130 2197000
1 16900 
2 33800 
3 50700 
4 67600 
5 84500 
6 101400 
7 118300 
8 135200 
9 152100 
10 169000 
11 185900 
12 202800 
13 219700 
14 236600 
15 253500 
16 270400 
17 287300 
18 304200 
19 321100 
20 338000 
21 354900 
22 371800 
23 388700 
24 405600 
25 422500 
26 439400 
27 456300 
28 473200 
29 490100 
30 507000 
31 523900 
32 540800 
33 557700 
34 574600 
35 591500 
36 608400 
37 625300 
38 642200 
39 659100 
40 676000 
41 692900 
42 709800 
43 726700 
44 743600 
45 760500 
46 777400 
47 794300 
48 811200 
49 828100 
50 845000 
51 861900 
52 878800 
53 895700 
54 912600 
55 929500 
56 946400 
57 963300 
58 980200 
59 997100 
60 1014000 
61 1030900 
62 1047800 
63 1064700 
64 1081600 
65 1098500 
66 1115400 
67 1132300 
68 1149200 
69 1166100 
70 1183000 
71 1199900 
72 1216800 
73 1233700 
74 1250600 
75 1267500 
76 1284400 
77 1301300 
78 1318200 
79 1335100 
80 1352000 
81 1368900 
82 1385800 
83 1402700 
84 1419600 
85 1436500 
86 1453400 
87 1470300 
88 1487200 
89 1504100 
90 1521000 
91 1537900 
92 1554800 
93 1571700 
94 1588600 
95 1605500 
96 1622400 
97 1639300 
98 1656200 
99 1673100 
100 1690000 
101 1706900 
102 1723800 
103 1740700 
104 1757600 
105 1774500 
106 1791400 
107 1808300 
108 1825200 
109 1842100 
110 1859000 
111 1875900 
112 1892800 
113 1909700 
114 1926600 
115 1943500 
116 1960400 
117 1977300 
118 1994200 
119 2011100 
120 2028000 
121 2044900 
122 2061800 
123 2078700 
124 2095600 
125 2112500 
126 2129400 
127 2146300 
128 2163200 
129 2180100 
130 2197000 
