57 3249
1 12996 
2223 126711 
1 29241 
2907 165699 
1653 94221 
1 84474 
1767 100719 
1 81225 
1 9747 
1995 113715 
1938 110466 
1 42237 
1 90972 
1 45486 
2109 120213 
3021 172197 
1 3249 
2850 162450 
1881 107217 
2052 116964 
1 74727 
1 35739 
3135 178695 
2679 152703 
1 6498 
1 16245 
1 58482 
1 48735 
2736 155952 
1 19494 
1 77976 
1824 103968 
1 71478 
2793 159201 
2565 146205 
1 55233 
2166 123462 
3192 181944 
1 38988 
2394 136458 
1 61731 
2964 168948 
3249 185193 
2337 133209 
1 22743 
1 87723 
1 51984 
2622 149454 
2508 142956 
1 64980 
3078 175446 
2451 139707 
1 32490 
1 25992 
1710 97470 
2280 129960 
1 68229 
