86 636056
1 7396 
2 14792 
3 22188 
4 29584 
5 36980 
6 44376 
7 51772 
8 59168 
9 66564 
10 73960 
11 81356 
12 88752 
13 96148 
14 103544 
15 110940 
16 118336 
17 125732 
18 133128 
19 140524 
20 147920 
21 155316 
22 162712 
23 170108 
24 177504 
25 184900 
26 192296 
27 199692 
28 207088 
29 214484 
30 221880 
31 229276 
32 236672 
33 244068 
34 251464 
35 258860 
36 266256 
37 273652 
38 281048 
39 288444 
40 295840 
41 303236 
42 310632 
43 318028 
44 325424 
45 332820 
46 340216 
47 347612 
48 355008 
49 362404 
50 369800 
51 377196 
52 384592 
53 391988 
54 399384 
55 406780 
56 414176 
57 421572 
58 428968 
59 436364 
60 443760 
61 451156 
62 458552 
63 465948 
64 473344 
65 480740 
66 488136 
67 495532 
68 502928 
69 510324 
70 517720 
71 525116 
72 532512 
73 539908 
74 547304 
75 554700 
76 562096 
77 569492 
78 576888 
79 584284 
80 591680 
81 599076 
82 606472 
83 613868 
84 621264 
85 628660 
86 636056 
