66 287496
1 4356 
2 8712 
3 13068 
4 17424 
5 21780 
6 26136 
7 30492 
8 34848 
9 39204 
10 43560 
11 47916 
12 52272 
13 56628 
14 60984 
15 65340 
16 69696 
17 74052 
18 78408 
19 82764 
20 87120 
21 91476 
22 95832 
23 100188 
24 104544 
25 108900 
26 113256 
27 117612 
28 121968 
29 126324 
30 130680 
31 135036 
32 139392 
33 143748 
34 148104 
35 152460 
36 156816 
37 161172 
38 165528 
39 169884 
40 174240 
41 178596 
42 182952 
43 187308 
44 191664 
45 196020 
46 200376 
47 204732 
48 209088 
49 213444 
50 217800 
51 222156 
52 226512 
53 230868 
54 235224 
55 239580 
56 243936 
57 248292 
58 252648 
59 257004 
60 261360 
61 265716 
62 270072 
63 274428 
64 278784 
65 283140 
66 287496 
