137 2571353
1 18769 
2 37538 
3 56307 
4 75076 
5 93845 
6 112614 
7 131383 
8 150152 
9 168921 
10 187690 
11 206459 
12 225228 
13 243997 
14 262766 
15 281535 
16 300304 
17 319073 
18 337842 
19 356611 
20 375380 
21 394149 
22 412918 
23 431687 
24 450456 
25 469225 
26 487994 
27 506763 
28 525532 
29 544301 
30 563070 
31 581839 
32 600608 
33 619377 
34 638146 
35 656915 
36 675684 
37 694453 
38 713222 
39 731991 
40 750760 
41 769529 
42 788298 
43 807067 
44 825836 
45 844605 
46 863374 
47 882143 
48 900912 
49 919681 
50 938450 
51 957219 
52 975988 
53 994757 
54 1013526 
55 1032295 
56 1051064 
57 1069833 
58 1088602 
59 1107371 
60 1126140 
61 1144909 
62 1163678 
63 1182447 
64 1201216 
65 1219985 
66 1238754 
67 1257523 
68 1276292 
69 1295061 
70 1313830 
71 1332599 
72 1351368 
73 1370137 
74 1388906 
75 1407675 
76 1426444 
77 1445213 
78 1463982 
79 1482751 
80 1501520 
81 1520289 
82 1539058 
83 1557827 
84 1576596 
85 1595365 
86 1614134 
87 1632903 
88 1651672 
89 1670441 
90 1689210 
91 1707979 
92 1726748 
93 1745517 
94 1764286 
95 1783055 
96 1801824 
97 1820593 
98 1839362 
99 1858131 
100 1876900 
101 1895669 
102 1914438 
103 1933207 
104 1951976 
105 1970745 
106 1989514 
107 2008283 
108 2027052 
109 2045821 
110 2064590 
111 2083359 
112 2102128 
113 2120897 
114 2139666 
115 2158435 
116 2177204 
117 2195973 
118 2214742 
119 2233511 
120 2252280 
121 2271049 
122 2289818 
123 2308587 
124 2327356 
125 2346125 
126 2364894 
127 2383663 
128 2402432 
129 2421201 
130 2439970 
131 2458739 
132 2477508 
133 2496277 
134 2515046 
135 2533815 
136 2552584 
137 2571353 
