161 4173281
1 25921 
2 51842 
3 77763 
4 103684 
5 129605 
6 155526 
7 181447 
8 207368 
9 233289 
10 259210 
11 285131 
12 311052 
13 336973 
14 362894 
15 388815 
16 414736 
17 440657 
18 466578 
19 492499 
20 518420 
21 544341 
22 570262 
23 596183 
24 622104 
25 648025 
26 673946 
27 699867 
28 725788 
29 751709 
30 777630 
31 803551 
32 829472 
33 855393 
34 881314 
35 907235 
36 933156 
37 959077 
38 984998 
39 1010919 
40 1036840 
41 1062761 
42 1088682 
43 1114603 
44 1140524 
45 1166445 
46 1192366 
47 1218287 
48 1244208 
49 1270129 
50 1296050 
51 1321971 
52 1347892 
53 1373813 
54 1399734 
55 1425655 
56 1451576 
57 1477497 
58 1503418 
59 1529339 
60 1555260 
61 1581181 
62 1607102 
63 1633023 
64 1658944 
65 1684865 
66 1710786 
67 1736707 
68 1762628 
69 1788549 
70 1814470 
71 1840391 
72 1866312 
73 1892233 
74 1918154 
75 1944075 
76 1969996 
77 1995917 
78 2021838 
79 2047759 
80 2073680 
81 2099601 
82 2125522 
83 2151443 
84 2177364 
85 2203285 
86 2229206 
87 2255127 
88 2281048 
89 2306969 
90 2332890 
91 2358811 
92 2384732 
93 2410653 
94 2436574 
95 2462495 
96 2488416 
97 2514337 
98 2540258 
99 2566179 
100 2592100 
101 2618021 
102 2643942 
103 2669863 
104 2695784 
105 2721705 
106 2747626 
107 2773547 
108 2799468 
109 2825389 
110 2851310 
111 2877231 
112 2903152 
113 2929073 
114 2954994 
115 2980915 
116 3006836 
117 3032757 
118 3058678 
119 3084599 
120 3110520 
121 3136441 
122 3162362 
123 3188283 
124 3214204 
125 3240125 
126 3266046 
127 3291967 
128 3317888 
129 3343809 
130 3369730 
131 3395651 
132 3421572 
133 3447493 
134 3473414 
135 3499335 
136 3525256 
137 3551177 
138 3577098 
139 3603019 
140 3628940 
141 3654861 
142 3680782 
143 3706703 
144 3732624 
145 3758545 
146 3784466 
147 3810387 
148 3836308 
149 3862229 
150 3888150 
151 3914071 
152 3939992 
153 3965913 
154 3991834 
155 4017755 
156 4043676 
157 4069597 
158 4095518 
159 4121439 
160 4147360 
161 4173281 
