173 5177717
1 29929 
2 59858 
3 89787 
4 119716 
5 149645 
6 179574 
7 209503 
8 239432 
9 269361 
10 299290 
11 329219 
12 359148 
13 389077 
14 419006 
15 448935 
16 478864 
17 508793 
18 538722 
19 568651 
20 598580 
21 628509 
22 658438 
23 688367 
24 718296 
25 748225 
26 778154 
27 808083 
28 838012 
29 867941 
30 897870 
31 927799 
32 957728 
33 987657 
34 1017586 
35 1047515 
36 1077444 
37 1107373 
38 1137302 
39 1167231 
40 1197160 
41 1227089 
42 1257018 
43 1286947 
44 1316876 
45 1346805 
46 1376734 
47 1406663 
48 1436592 
49 1466521 
50 1496450 
51 1526379 
52 1556308 
53 1586237 
54 1616166 
55 1646095 
56 1676024 
57 1705953 
58 1735882 
59 1765811 
60 1795740 
61 1825669 
62 1855598 
63 1885527 
64 1915456 
65 1945385 
66 1975314 
67 2005243 
68 2035172 
69 2065101 
70 2095030 
71 2124959 
72 2154888 
73 2184817 
74 2214746 
75 2244675 
76 2274604 
77 2304533 
78 2334462 
79 2364391 
80 2394320 
81 2424249 
82 2454178 
83 2484107 
84 2514036 
85 2543965 
86 2573894 
87 2603823 
88 2633752 
89 2663681 
90 2693610 
91 2723539 
92 2753468 
93 2783397 
94 2813326 
95 2843255 
96 2873184 
97 2903113 
98 2933042 
99 2962971 
100 2992900 
101 3022829 
102 3052758 
103 3082687 
104 3112616 
105 3142545 
106 3172474 
107 3202403 
108 3232332 
109 3262261 
110 3292190 
111 3322119 
112 3352048 
113 3381977 
114 3411906 
115 3441835 
116 3471764 
117 3501693 
118 3531622 
119 3561551 
120 3591480 
121 3621409 
122 3651338 
123 3681267 
124 3711196 
125 3741125 
126 3771054 
127 3800983 
128 3830912 
129 3860841 
130 3890770 
131 3920699 
132 3950628 
133 3980557 
134 4010486 
135 4040415 
136 4070344 
137 4100273 
138 4130202 
139 4160131 
140 4190060 
141 4219989 
142 4249918 
143 4279847 
144 4309776 
145 4339705 
146 4369634 
147 4399563 
148 4429492 
149 4459421 
150 4489350 
151 4519279 
152 4549208 
153 4579137 
154 4609066 
155 4638995 
156 4668924 
157 4698853 
158 4728782 
159 4758711 
160 4788640 
161 4818569 
162 4848498 
163 4878427 
164 4908356 
165 4938285 
166 4968214 
167 4998143 
168 5028072 
169 5058001 
170 5087930 
171 5117859 
172 5147788 
173 5177717 
