191 36481
5982884 5982884 
3866986 3866986 
6639542 6639542 
5800479 5800479 
4195315 4195315 
1 2006455 
5399188 5399188 
6894909 6894909 
1 2553670 
1 2152379 
3794024 3794024 
4633087 4633087 
5581593 5581593 
1 1933493 
1 984987 
6384175 6384175 
3830505 3830505 
5909922 5909922 
5143821 5143821 
5326226 5326226 
1 948506 
1 839063 
6931390 6931390 
1 2809037 
1 2407746 
5654555 5654555 
6347694 6347694 
1 3064404 
1 1897012 
1 729620 
4304758 4304758 
1 1824050 
1 218886 
1 547215 
1 474253 
5946403 5946403 
1 1751088 
1 1021468 
3939948 3939948 
1 1714607 
4487163 4487163 
4450682 4450682 
5691036 5691036 
6420656 6420656 
6676023 6676023 
6165289 6165289 
1 1787569 
1 2954961 
5545112 5545112 
6311213 6311213 
1 3392733 
3611619 3611619 
1 1459240 
5727517 5727517 
1 1605164 
1 875544 
3721062 3721062 
1 291848 
1 1276835 
4341239 4341239 
4414201 4414201 
6128808 6128808 
1 2444227 
6274732 6274732 
1 3465695 
1 2991442 
1 510734 
1 2261822 
5618074 5618074 
1 1422759 
1 2225341 
1 1057949 
6457137 6457137 
1 1203873 
1 1313316 
1 2298303 
5435669 5435669 
1 1678126 
1 693139 
1 2699594 
4742530 4742530 
1 802582 
5180302 5180302 
1 620177 
4997897 4997897 
1 3319771 
1 1860531 
1 1532202 
3757543 3757543 
1 912025 
1 2663113 
1 1349797 
6858428 6858428 
1 3246809 
5070859 5070859 
6821947 6821947 
1 583696 
5362707 5362707 
3538657 3538657 
6566580 6566580 
4851973 4851973 
1 2845518 
1 2626632 
1 1094430 
1 1167392 
4085872 4085872 
6055846 6055846 
4961416 4961416 
1 3027923 
4924935 4924935 
1 3356252 
1 2334784 
6019365 6019365 
1 2042936 
1 2736075 
1 3210328 
1 3283290 
4779011 4779011 
4012910 4012910 
1 3173847 
5216783 5216783 
4596606 4596606 
4268277 4268277 
1 182405 
5107340 5107340 
6493618 6493618 
5873441 5873441 
6712504 6712504 
1 2918480 
4669568 4669568 
1 36481 
4049391 4049391 
1 72962 
5763998 5763998 
1 2517189 
1 2079417 
3648100 3648100 
1 766101 
4706049 4706049 
1 2371265 
5253264 5253264 
1 1386278 
3502176 3502176 
4377720 4377720 
1 1130911 
1 1969974 
5836960 5836960 
1 2590151 
3903467 3903467 
1 1240354 
5034378 5034378 
4560125 4560125 
5472150 5472150 
1 2115898 
1 328329 
1 3429214 
4158834 4158834 
1 145924 
1 2881999 
6092327 6092327 
1 401291 
6785466 6785466 
1 656658 
1 1568683 
3575138 3575138 
3976429 3976429 
5289745 5289745 
1 3100885 
3684581 3684581 
4888454 4888454 
6530099 6530099 
1 437772 
4231796 4231796 
6238251 6238251 
4122353 4122353 
4815492 4815492 
1 2772556 
1 255367 
1 364810 
1 1641645 
6201770 6201770 
5508631 5508631 
1 3137366 
6748985 6748985 
6967871 6967871 
1 2480708 
1 1495721 
6603061 6603061 
1 109443 
4523644 4523644 
1 2188860 
