60 216000
1 3600 
2 7200 
3 10800 
4 14400 
5 18000 
6 21600 
7 25200 
8 28800 
9 32400 
10 36000 
11 39600 
12 43200 
13 46800 
14 50400 
15 54000 
16 57600 
17 61200 
18 64800 
19 68400 
20 72000 
21 75600 
22 79200 
23 82800 
24 86400 
25 90000 
26 93600 
27 97200 
28 100800 
29 104400 
30 108000 
31 111600 
32 115200 
33 118800 
34 122400 
35 126000 
36 129600 
37 133200 
38 136800 
39 140400 
40 144000 
41 147600 
42 151200 
43 154800 
44 158400 
45 162000 
46 165600 
47 169200 
48 172800 
49 176400 
50 180000 
51 183600 
52 187200 
53 190800 
54 194400 
55 198000 
56 201600 
57 205200 
58 208800 
59 212400 
60 216000 
