55 3025
1 78650 
1 33275 
2970 163350 
1 15125 
1540 84700 
2310 127050 
1 45375 
1 39325 
1980 108900 
1 48400 
1870 102850 
2365 130075 
1 3025 
1 51425 
2255 124025 
2860 157300 
2805 154275 
1595 87725 
1 42350 
2530 139150 
2420 133100 
1 63525 
2090 114950 
1815 99825 
1 21175 
1 18150 
2640 145200 
1 81675 
1 60500 
2750 151250 
1650 90750 
2475 136125 
1 54450 
1 24200 
1 36300 
1 72600 
2585 142175 
1 12100 
2915 160325 
1705 93775 
1 30250 
1 57475 
1760 96800 
1 6050 
1925 105875 
2145 117975 
1 69575 
1 66550 
1 9075 
2035 111925 
2200 121000 
2695 148225 
1 75625 
3025 166375 
1 27225 
