159 4019679
1 25281 
2 50562 
3 75843 
4 101124 
5 126405 
6 151686 
7 176967 
8 202248 
9 227529 
10 252810 
11 278091 
12 303372 
13 328653 
14 353934 
15 379215 
16 404496 
17 429777 
18 455058 
19 480339 
20 505620 
21 530901 
22 556182 
23 581463 
24 606744 
25 632025 
26 657306 
27 682587 
28 707868 
29 733149 
30 758430 
31 783711 
32 808992 
33 834273 
34 859554 
35 884835 
36 910116 
37 935397 
38 960678 
39 985959 
40 1011240 
41 1036521 
42 1061802 
43 1087083 
44 1112364 
45 1137645 
46 1162926 
47 1188207 
48 1213488 
49 1238769 
50 1264050 
51 1289331 
52 1314612 
53 1339893 
54 1365174 
55 1390455 
56 1415736 
57 1441017 
58 1466298 
59 1491579 
60 1516860 
61 1542141 
62 1567422 
63 1592703 
64 1617984 
65 1643265 
66 1668546 
67 1693827 
68 1719108 
69 1744389 
70 1769670 
71 1794951 
72 1820232 
73 1845513 
74 1870794 
75 1896075 
76 1921356 
77 1946637 
78 1971918 
79 1997199 
80 2022480 
81 2047761 
82 2073042 
83 2098323 
84 2123604 
85 2148885 
86 2174166 
87 2199447 
88 2224728 
89 2250009 
90 2275290 
91 2300571 
92 2325852 
93 2351133 
94 2376414 
95 2401695 
96 2426976 
97 2452257 
98 2477538 
99 2502819 
100 2528100 
101 2553381 
102 2578662 
103 2603943 
104 2629224 
105 2654505 
106 2679786 
107 2705067 
108 2730348 
109 2755629 
110 2780910 
111 2806191 
112 2831472 
113 2856753 
114 2882034 
115 2907315 
116 2932596 
117 2957877 
118 2983158 
119 3008439 
120 3033720 
121 3059001 
122 3084282 
123 3109563 
124 3134844 
125 3160125 
126 3185406 
127 3210687 
128 3235968 
129 3261249 
130 3286530 
131 3311811 
132 3337092 
133 3362373 
134 3387654 
135 3412935 
136 3438216 
137 3463497 
138 3488778 
139 3514059 
140 3539340 
141 3564621 
142 3589902 
143 3615183 
144 3640464 
145 3665745 
146 3691026 
147 3716307 
148 3741588 
149 3766869 
150 3792150 
151 3817431 
152 3842712 
153 3867993 
154 3893274 
155 3918555 
156 3943836 
157 3969117 
158 3994398 
159 4019679 
