150 22500
1 405000 
1 787500 
3015000 3015000 
2565000 2565000 
2115000 2115000 
1957500 1957500 
1 1327500 
2362500 2362500 
2745000 2745000 
1 742500 
2722500 2722500 
1 1485000 
2835000 2835000 
1710000 1710000 
2295000 2295000 
3105000 3105000 
1 1057500 
2205000 2205000 
1 517500 
1 135000 
2407500 2407500 
3307500 3307500 
2992500 2992500 
1822500 1822500 
1 1372500 
1 967500 
2452500 2452500 
1 1282500 
1 1102500 
1 1350000 
1 945000 
2137500 2137500 
2880000 2880000 
2632500 2632500 
1800000 1800000 
1 112500 
1 225000 
2857500 2857500 
3285000 3285000 
1 1192500 
1 472500 
1 607500 
1 877500 
2947500 2947500 
2497500 2497500 
1 1665000 
1 540000 
3150000 3150000 
1 202500 
2970000 2970000 
2655000 2655000 
1 315000 
1 180000 
1 1035000 
2317500 2317500 
1890000 1890000 
3262500 3262500 
1 1170000 
1 1530000 
1 1597500 
1 922500 
2092500 2092500 
3352500 3352500 
3172500 3172500 
2902500 2902500 
1 247500 
1 1440000 
2227500 2227500 
1 585000 
2925000 2925000 
1 810000 
1 90000 
1 697500 
2677500 2677500 
1 157500 
1 1575000 
3037500 3037500 
1 562500 
1 360000 
2385000 2385000 
1777500 1777500 
3375000 3375000 
2250000 2250000 
1 855000 
2812500 2812500 
1 765000 
1845000 1845000 
3195000 3195000 
2542500 2542500 
1 1642500 
1 427500 
2520000 2520000 
1 495000 
1755000 1755000 
1 1395000 
1 1620000 
1912500 1912500 
1732500 1732500 
1 1305000 
2767500 2767500 
2272500 2272500 
1 1462500 
1 45000 
2587500 2587500 
2475000 2475000 
1 67500 
3240000 3240000 
2070000 2070000 
1 832500 
1 652500 
1 1260000 
1 675000 
2002500 2002500 
2047500 2047500 
2790000 2790000 
1 630000 
3060000 3060000 
1 1507500 
1935000 1935000 
3082500 3082500 
1 1215000 
2610000 2610000 
1 990000 
1 22500 
1 900000 
3330000 3330000 
2160000 2160000 
3217500 3217500 
1 1147500 
1 337500 
1 1237500 
1 450000 
2700000 2700000 
1 1080000 
1 1417500 
1 292500 
1 720000 
2430000 2430000 
2340000 2340000 
1 1552500 
3127500 3127500 
1 270000 
1980000 1980000 
1 382500 
2025000 2025000 
1 1012500 
1 1125000 
2182500 2182500 
1867500 1867500 
1 1687500 
