111 1367631
1 12321 
2 24642 
3 36963 
4 49284 
5 61605 
6 73926 
7 86247 
8 98568 
9 110889 
10 123210 
11 135531 
12 147852 
13 160173 
14 172494 
15 184815 
16 197136 
17 209457 
18 221778 
19 234099 
20 246420 
21 258741 
22 271062 
23 283383 
24 295704 
25 308025 
26 320346 
27 332667 
28 344988 
29 357309 
30 369630 
31 381951 
32 394272 
33 406593 
34 418914 
35 431235 
36 443556 
37 455877 
38 468198 
39 480519 
40 492840 
41 505161 
42 517482 
43 529803 
44 542124 
45 554445 
46 566766 
47 579087 
48 591408 
49 603729 
50 616050 
51 628371 
52 640692 
53 653013 
54 665334 
55 677655 
56 689976 
57 702297 
58 714618 
59 726939 
60 739260 
61 751581 
62 763902 
63 776223 
64 788544 
65 800865 
66 813186 
67 825507 
68 837828 
69 850149 
70 862470 
71 874791 
72 887112 
73 899433 
74 911754 
75 924075 
76 936396 
77 948717 
78 961038 
79 973359 
80 985680 
81 998001 
82 1010322 
83 1022643 
84 1034964 
85 1047285 
86 1059606 
87 1071927 
88 1084248 
89 1096569 
90 1108890 
91 1121211 
92 1133532 
93 1145853 
94 1158174 
95 1170495 
96 1182816 
97 1195137 
98 1207458 
99 1219779 
100 1232100 
101 1244421 
102 1256742 
103 1269063 
104 1281384 
105 1293705 
106 1306026 
107 1318347 
108 1330668 
109 1342989 
110 1355310 
111 1367631 
