98 941192
1 9604 
2 19208 
3 28812 
4 38416 
5 48020 
6 57624 
7 67228 
8 76832 
9 86436 
10 96040 
11 105644 
12 115248 
13 124852 
14 134456 
15 144060 
16 153664 
17 163268 
18 172872 
19 182476 
20 192080 
21 201684 
22 211288 
23 220892 
24 230496 
25 240100 
26 249704 
27 259308 
28 268912 
29 278516 
30 288120 
31 297724 
32 307328 
33 316932 
34 326536 
35 336140 
36 345744 
37 355348 
38 364952 
39 374556 
40 384160 
41 393764 
42 403368 
43 412972 
44 422576 
45 432180 
46 441784 
47 451388 
48 460992 
49 470596 
50 480200 
51 489804 
52 499408 
53 509012 
54 518616 
55 528220 
56 537824 
57 547428 
58 557032 
59 566636 
60 576240 
61 585844 
62 595448 
63 605052 
64 614656 
65 624260 
66 633864 
67 643468 
68 653072 
69 662676 
70 672280 
71 681884 
72 691488 
73 701092 
74 710696 
75 720300 
76 729904 
77 739508 
78 749112 
79 758716 
80 768320 
81 777924 
82 787528 
83 797132 
84 806736 
85 816340 
86 825944 
87 835548 
88 845152 
89 854756 
90 864360 
91 873964 
92 883568 
93 893172 
94 902776 
95 912380 
96 921984 
97 931588 
98 941192 
