177 5545233
1 31329 
2 62658 
3 93987 
4 125316 
5 156645 
6 187974 
7 219303 
8 250632 
9 281961 
10 313290 
11 344619 
12 375948 
13 407277 
14 438606 
15 469935 
16 501264 
17 532593 
18 563922 
19 595251 
20 626580 
21 657909 
22 689238 
23 720567 
24 751896 
25 783225 
26 814554 
27 845883 
28 877212 
29 908541 
30 939870 
31 971199 
32 1002528 
33 1033857 
34 1065186 
35 1096515 
36 1127844 
37 1159173 
38 1190502 
39 1221831 
40 1253160 
41 1284489 
42 1315818 
43 1347147 
44 1378476 
45 1409805 
46 1441134 
47 1472463 
48 1503792 
49 1535121 
50 1566450 
51 1597779 
52 1629108 
53 1660437 
54 1691766 
55 1723095 
56 1754424 
57 1785753 
58 1817082 
59 1848411 
60 1879740 
61 1911069 
62 1942398 
63 1973727 
64 2005056 
65 2036385 
66 2067714 
67 2099043 
68 2130372 
69 2161701 
70 2193030 
71 2224359 
72 2255688 
73 2287017 
74 2318346 
75 2349675 
76 2381004 
77 2412333 
78 2443662 
79 2474991 
80 2506320 
81 2537649 
82 2568978 
83 2600307 
84 2631636 
85 2662965 
86 2694294 
87 2725623 
88 2756952 
89 2788281 
90 2819610 
91 2850939 
92 2882268 
93 2913597 
94 2944926 
95 2976255 
96 3007584 
97 3038913 
98 3070242 
99 3101571 
100 3132900 
101 3164229 
102 3195558 
103 3226887 
104 3258216 
105 3289545 
106 3320874 
107 3352203 
108 3383532 
109 3414861 
110 3446190 
111 3477519 
112 3508848 
113 3540177 
114 3571506 
115 3602835 
116 3634164 
117 3665493 
118 3696822 
119 3728151 
120 3759480 
121 3790809 
122 3822138 
123 3853467 
124 3884796 
125 3916125 
126 3947454 
127 3978783 
128 4010112 
129 4041441 
130 4072770 
131 4104099 
132 4135428 
133 4166757 
134 4198086 
135 4229415 
136 4260744 
137 4292073 
138 4323402 
139 4354731 
140 4386060 
141 4417389 
142 4448718 
143 4480047 
144 4511376 
145 4542705 
146 4574034 
147 4605363 
148 4636692 
149 4668021 
150 4699350 
151 4730679 
152 4762008 
153 4793337 
154 4824666 
155 4855995 
156 4887324 
157 4918653 
158 4949982 
159 4981311 
160 5012640 
161 5043969 
162 5075298 
163 5106627 
164 5137956 
165 5169285 
166 5200614 
167 5231943 
168 5263272 
169 5294601 
170 5325930 
171 5357259 
172 5388588 
173 5419917 
174 5451246 
175 5482575 
176 5513904 
177 5545233 
