119 14161
1 56644 
1 453152 
962948 962948 
1642676 1642676 
1529388 1529388 
1 141610 
1444422 1444422 
1486905 1486905 
920465 920465 
1430261 1430261 
1543549 1543549 
1685159 1685159 
1 708050 
892143 892143 
1557710 1557710 
1 226576 
1387778 1387778 
1586032 1586032 
1274490 1274490 
1 212415 
1132880 1132880 
1670998 1670998 
1600193 1600193 
1104558 1104558 
991270 991270 
1 184093 
934626 934626 
863821 863821 
1 835499 
1 623084 
1373617 1373617 
1401939 1401939 
1033753 1033753 
1 495635 
1 793016 
1 70805 
1 481474 
1359456 1359456 
1 764694 
1260329 1260329 
1 113288 
1472744 1472744 
1 297381 
1 509796 
948787 948787 
1 637245 
1 155771 
1118719 1118719 
877982 877982 
1345295 1345295 
1 552279 
1217846 1217846 
1 42483 
1302812 1302812 
1515227 1515227 
1331134 1331134 
1614354 1614354 
1 821338 
1 608923 
1 254898 
1 311542 
1 28322 
1 467313 
1 127449 
1 240737 
1175363 1175363 
1628515 1628515 
1076236 1076236 
1005431 1005431 
1147041 1147041 
1 354025 
1047914 1047914 
1161202 1161202 
1203685 1203685 
1 424830 
1 84966 
1571871 1571871 
1 368186 
1 580601 
1019592 1019592 
1501066 1501066 
1 594762 
1 693889 
1 99127 
1 722211 
1 283220 
1 750533 
977109 977109 
1 538118 
1316973 1316973 
1 778855 
1 679728 
1 269059 
1 410669 
1 396508 
1458583 1458583 
1 566440 
1062075 1062075 
1416100 1416100 
1 651406 
1 339864 
1 736372 
1288651 1288651 
1 382347 
1 14161 
1656837 1656837 
1 665567 
1 807177 
1090397 1090397 
1246168 1246168 
1189524 1189524 
1 198254 
1 523957 
1 325703 
849660 849660 
1 438991 
906304 906304 
1232007 1232007 
1 169932 
