85 614125
1 7225 
2 14450 
3 21675 
4 28900 
5 36125 
6 43350 
7 50575 
8 57800 
9 65025 
10 72250 
11 79475 
12 86700 
13 93925 
14 101150 
15 108375 
16 115600 
17 122825 
18 130050 
19 137275 
20 144500 
21 151725 
22 158950 
23 166175 
24 173400 
25 180625 
26 187850 
27 195075 
28 202300 
29 209525 
30 216750 
31 223975 
32 231200 
33 238425 
34 245650 
35 252875 
36 260100 
37 267325 
38 274550 
39 281775 
40 289000 
41 296225 
42 303450 
43 310675 
44 317900 
45 325125 
46 332350 
47 339575 
48 346800 
49 354025 
50 361250 
51 368475 
52 375700 
53 382925 
54 390150 
55 397375 
56 404600 
57 411825 
58 419050 
59 426275 
60 433500 
61 440725 
62 447950 
63 455175 
64 462400 
65 469625 
66 476850 
67 484075 
68 491300 
69 498525 
70 505750 
71 512975 
72 520200 
73 527425 
74 534650 
75 541875 
76 549100 
77 556325 
78 563550 
79 570775 
80 578000 
81 585225 
82 592450 
83 599675 
84 606900 
85 614125 
