117 13689
1423656 1423656 
1177254 1177254 
1 766584 
1081431 1081431 
1546857 1546857 
1 602316 
1505790 1505790 
1 451737 
1533168 1533168 
1300455 1300455 
1341522 1341522 
1163565 1163565 
1 643383 
1 260091 
1 342225 
1 273780 
848718 848718 
1 684450 
971919 971919 
1464723 1464723 
1587924 1587924 
1 369603 
1 780273 
1149876 1149876 
1396278 1396278 
1095120 1095120 
1 629694 
1 520182 
1040364 1040364 
1574235 1574235 
1 287469 
1 150579 
1245699 1245699 
1190943 1190943 
1 27378 
1 547560 
1 479115 
1 328536 
1 355914 
1 698139 
1492101 1492101 
1478412 1478412 
1136187 1136187 
944541 944541 
1 438048 
889785 889785 
1 657072 
1451034 1451034 
1 82134 
1 533871 
1026675 1026675 
1204632 1204632 
1 616005 
1286766 1286766 
930852 930852 
1 465426 
1 232713 
1 739206 
1 109512 
1 670761 
1054053 1054053 
1368900 1368900 
1 725517 
821340 821340 
1 164268 
903474 903474 
1519479 1519479 
1 424359 
1 136890 
1 41067 
1273077 1273077 
862407 862407 
1 793962 
1 13689 
1 177957 
1108809 1108809 
1 205335 
985608 985608 
1 396981 
1355211 1355211 
807651 807651 
1 588627 
1437345 1437345 
1314144 1314144 
1232010 1232010 
1 492804 
1382589 1382589 
1 191646 
1122498 1122498 
958230 958230 
1 219024 
1 383292 
1 301158 
1 123201 
1409967 1409967 
835029 835029 
1067742 1067742 
1 95823 
1 54756 
1601613 1601613 
1 561249 
1560546 1560546 
876096 876096 
999297 999297 
1 410670 
1 752895 
1 506493 
1218321 1218321 
1 711828 
1 574938 
1327833 1327833 
1 246402 
1012986 1012986 
1259388 1259388 
1 68445 
1 314847 
917163 917163 
