147 3176523
1 21609 
2 43218 
3 64827 
4 86436 
5 108045 
6 129654 
7 151263 
8 172872 
9 194481 
10 216090 
11 237699 
12 259308 
13 280917 
14 302526 
15 324135 
16 345744 
17 367353 
18 388962 
19 410571 
20 432180 
21 453789 
22 475398 
23 497007 
24 518616 
25 540225 
26 561834 
27 583443 
28 605052 
29 626661 
30 648270 
31 669879 
32 691488 
33 713097 
34 734706 
35 756315 
36 777924 
37 799533 
38 821142 
39 842751 
40 864360 
41 885969 
42 907578 
43 929187 
44 950796 
45 972405 
46 994014 
47 1015623 
48 1037232 
49 1058841 
50 1080450 
51 1102059 
52 1123668 
53 1145277 
54 1166886 
55 1188495 
56 1210104 
57 1231713 
58 1253322 
59 1274931 
60 1296540 
61 1318149 
62 1339758 
63 1361367 
64 1382976 
65 1404585 
66 1426194 
67 1447803 
68 1469412 
69 1491021 
70 1512630 
71 1534239 
72 1555848 
73 1577457 
74 1599066 
75 1620675 
76 1642284 
77 1663893 
78 1685502 
79 1707111 
80 1728720 
81 1750329 
82 1771938 
83 1793547 
84 1815156 
85 1836765 
86 1858374 
87 1879983 
88 1901592 
89 1923201 
90 1944810 
91 1966419 
92 1988028 
93 2009637 
94 2031246 
95 2052855 
96 2074464 
97 2096073 
98 2117682 
99 2139291 
100 2160900 
101 2182509 
102 2204118 
103 2225727 
104 2247336 
105 2268945 
106 2290554 
107 2312163 
108 2333772 
109 2355381 
110 2376990 
111 2398599 
112 2420208 
113 2441817 
114 2463426 
115 2485035 
116 2506644 
117 2528253 
118 2549862 
119 2571471 
120 2593080 
121 2614689 
122 2636298 
123 2657907 
124 2679516 
125 2701125 
126 2722734 
127 2744343 
128 2765952 
129 2787561 
130 2809170 
131 2830779 
132 2852388 
133 2873997 
134 2895606 
135 2917215 
136 2938824 
137 2960433 
138 2982042 
139 3003651 
140 3025260 
141 3046869 
142 3068478 
143 3090087 
144 3111696 
145 3133305 
146 3154914 
147 3176523 
