196 38416
4225760 4225760 
4187344 4187344 
1 653072 
7106960 7106960 
1 499408 
4802000 4802000 
1 998816 
4379424 4379424 
4763584 4763584 
1 3265360 
7529536 7529536 
1 3534272 
7222208 7222208 
6108144 6108144 
5070912 5070912 
1 1613472 
1 1344560 
1 1037232 
4840416 4840416 
6300224 6300224 
1 1805552 
1 1152480 
1 1267728 
5531904 5531904 
1 2497040 
1 1190896 
1 3188528 
5647152 5647152 
4341008 4341008 
7030128 7030128 
1 3034864 
1 1728720 
5608736 5608736 
1 230496 
1 960400 
5416656 5416656 
1 3111696 
7145376 7145376 
1 2919616 
1 3764768 
7491120 7491120 
1 2958032 
1 806736 
5147744 5147744 
1 2765952 
1 1575056 
6377056 6377056 
1 1997632 
4917248 4917248 
4878832 4878832 
1 3342192 
4110512 4110512 
5916064 5916064 
1 1651888 
6722800 6722800 
1 2112880 
1 883568 
1 307328 
1 2881200 
7375872 7375872 
1 422576 
6338640 6338640 
3880016 3880016 
1 2381792 
6031312 6031312 
6761216 6761216 
1 2189712 
6914880 6914880 
4955664 4955664 
7452704 7452704 
1 921984 
1 614656 
5493488 5493488 
1 3726352 
1 2036048 
6607552 6607552 
1 345744 
1 2612288 
5186160 5186160 
1 1114064 
1 1306144 
1 2266544 
4302592 4302592 
1 1075648 
3918432 3918432 
4033680 4033680 
4648336 4648336 
1 845152 
1 1382976 
3803184 3803184 
1 3419024 
1 1498224 
7068544 7068544 
5685568 5685568 
6146560 6146560 
7299040 7299040 
5378240 5378240 
5954480 5954480 
1 3572688 
7337456 7337456 
5301408 5301408 
6530720 6530720 
4686752 4686752 
6492304 6492304 
1 3073280 
4571504 4571504 
1 1920800 
1 576240 
6684384 6684384 
1 153664 
6223392 6223392 
4533088 4533088 
1 2228128 
1 2151296 
5992896 5992896 
1 2343376 
4494672 4494672 
5877648 5877648 
1 729904 
1 3611104 
1 2842784 
7183792 7183792 
5032496 5032496 
1 3380608 
1 2804368 
5762400 5762400 
4456256 4456256 
1 3649520 
5262992 5262992 
1 3303776 
6569136 6569136 
5570320 5570320 
1 3150112 
6184976 6184976 
6645968 6645968 
1 2996448 
5800816 5800816 
3995264 3995264 
6415472 6415472 
1 76832 
5339824 5339824 
1 2689120 
1 2650704 
5109328 5109328 
4994080 4994080 
1 1959216 
1 3457440 
1 1421392 
1 768320 
1 3226944 
5839232 5839232 
1 460992 
1 2458624 
6876464 6876464 
5723984 5723984 
1 691488 
6838048 6838048 
1 2420208 
1 1882384 
6991712 6991712 
4264176 4264176 
6453888 6453888 
6069728 6069728 
4417840 4417840 
1 1843968 
1 2304960 
4609920 4609920 
1 1229312 
1 1536640 
1 384160 
4072096 4072096 
1 2727536 
3956848 3956848 
1 268912 
5224576 5224576 
6799632 6799632 
1 3687936 
1 2074464 
5455072 5455072 
7414288 7414288 
1 2573872 
1 1690304 
1 115248 
1 192080 
6261808 6261808 
1 2535456 
4148928 4148928 
1 1767136 
1 537824 
1 38416 
6953296 6953296 
3841600 3841600 
4725168 4725168 
1 3495856 
7260624 7260624 
1 1459808 
