146 3112136
1 21316 
2 42632 
3 63948 
4 85264 
5 106580 
6 127896 
7 149212 
8 170528 
9 191844 
10 213160 
11 234476 
12 255792 
13 277108 
14 298424 
15 319740 
16 341056 
17 362372 
18 383688 
19 405004 
20 426320 
21 447636 
22 468952 
23 490268 
24 511584 
25 532900 
26 554216 
27 575532 
28 596848 
29 618164 
30 639480 
31 660796 
32 682112 
33 703428 
34 724744 
35 746060 
36 767376 
37 788692 
38 810008 
39 831324 
40 852640 
41 873956 
42 895272 
43 916588 
44 937904 
45 959220 
46 980536 
47 1001852 
48 1023168 
49 1044484 
50 1065800 
51 1087116 
52 1108432 
53 1129748 
54 1151064 
55 1172380 
56 1193696 
57 1215012 
58 1236328 
59 1257644 
60 1278960 
61 1300276 
62 1321592 
63 1342908 
64 1364224 
65 1385540 
66 1406856 
67 1428172 
68 1449488 
69 1470804 
70 1492120 
71 1513436 
72 1534752 
73 1556068 
74 1577384 
75 1598700 
76 1620016 
77 1641332 
78 1662648 
79 1683964 
80 1705280 
81 1726596 
82 1747912 
83 1769228 
84 1790544 
85 1811860 
86 1833176 
87 1854492 
88 1875808 
89 1897124 
90 1918440 
91 1939756 
92 1961072 
93 1982388 
94 2003704 
95 2025020 
96 2046336 
97 2067652 
98 2088968 
99 2110284 
100 2131600 
101 2152916 
102 2174232 
103 2195548 
104 2216864 
105 2238180 
106 2259496 
107 2280812 
108 2302128 
109 2323444 
110 2344760 
111 2366076 
112 2387392 
113 2408708 
114 2430024 
115 2451340 
116 2472656 
117 2493972 
118 2515288 
119 2536604 
120 2557920 
121 2579236 
122 2600552 
123 2621868 
124 2643184 
125 2664500 
126 2685816 
127 2707132 
128 2728448 
129 2749764 
130 2771080 
131 2792396 
132 2813712 
133 2835028 
134 2856344 
135 2877660 
136 2898976 
137 2920292 
138 2941608 
139 2962924 
140 2984240 
141 3005556 
142 3026872 
143 3048188 
144 3069504 
145 3090820 
146 3112136 
