126 2000376
1 15876 
2 31752 
3 47628 
4 63504 
5 79380 
6 95256 
7 111132 
8 127008 
9 142884 
10 158760 
11 174636 
12 190512 
13 206388 
14 222264 
15 238140 
16 254016 
17 269892 
18 285768 
19 301644 
20 317520 
21 333396 
22 349272 
23 365148 
24 381024 
25 396900 
26 412776 
27 428652 
28 444528 
29 460404 
30 476280 
31 492156 
32 508032 
33 523908 
34 539784 
35 555660 
36 571536 
37 587412 
38 603288 
39 619164 
40 635040 
41 650916 
42 666792 
43 682668 
44 698544 
45 714420 
46 730296 
47 746172 
48 762048 
49 777924 
50 793800 
51 809676 
52 825552 
53 841428 
54 857304 
55 873180 
56 889056 
57 904932 
58 920808 
59 936684 
60 952560 
61 968436 
62 984312 
63 1000188 
64 1016064 
65 1031940 
66 1047816 
67 1063692 
68 1079568 
69 1095444 
70 1111320 
71 1127196 
72 1143072 
73 1158948 
74 1174824 
75 1190700 
76 1206576 
77 1222452 
78 1238328 
79 1254204 
80 1270080 
81 1285956 
82 1301832 
83 1317708 
84 1333584 
85 1349460 
86 1365336 
87 1381212 
88 1397088 
89 1412964 
90 1428840 
91 1444716 
92 1460592 
93 1476468 
94 1492344 
95 1508220 
96 1524096 
97 1539972 
98 1555848 
99 1571724 
100 1587600 
101 1603476 
102 1619352 
103 1635228 
104 1651104 
105 1666980 
106 1682856 
107 1698732 
108 1714608 
109 1730484 
110 1746360 
111 1762236 
112 1778112 
113 1793988 
114 1809864 
115 1825740 
116 1841616 
117 1857492 
118 1873368 
119 1889244 
120 1905120 
121 1920996 
122 1936872 
123 1952748 
124 1968624 
125 1984500 
126 2000376 
