178 31684
1 982204 
1 2439668 
1 2249564 
1 1172308 
5513016 5513016 
4594180 4594180 
1 1013888 
1 2661456 
1 1489148 
1 1647568 
3358504 3358504 
1 2186196 
1 2566404 
1 2059460 
1 1203992 
5101124 5101124 
1 2091144 
1 887152 
4467444 4467444 
5227860 5227860 
1 855468 
5069440 5069440 
1 221788 
1 697048 
5417964 5417964 
1 1869356 
4245656 4245656 
1 2471352 
1 2312932 
1 1330728 
1 792100 
3295136 3295136 
5481332 5481332 
1 1108940 
3453556 3453556 
5354596 5354596 
1 1552516 
1 158420 
4847652 4847652 
3105032 3105032 
1 316840 
1 1742620 
1 2027776 
5037756 5037756 
4340708 4340708 
1 1710936 
1 760416 
4879336 4879336 
4309024 4309024 
5386280 5386280 
4055552 4055552 
1 2407984 
1 2503036 
1 728732 
1 1932724 
4404076 4404076 
3231768 3231768 
4562496 4562496 
1 1394096 
3580292 3580292 
1 2376300 
4625864 4625864 
3168400 3168400 
1 1267360 
3770396 3770396 
1 918836 
3073348 3073348 
1 31684 
3643660 3643660 
5132808 5132808 
3738712 3738712 
3865448 3865448 
1 1996092 
1 348524 
1 2756508 
1 665364 
5291228 5291228 
1 475260 
1 1140624 
3960500 3960500 
1 411892 
3009980 3009980 
1 2122828 
4911020 4911020 
3421872 3421872 
1 1235676 
3485240 3485240 
5322912 5322912 
1 633680 
1 1520832 
4974388 4974388 
1 1299044 
4213972 4213972 
5164492 5164492 
3263452 3263452 
3041664 3041664 
4182288 4182288 
4942704 4942704 
1 1774304 
1 190104 
1 570312 
3928816 3928816 
1 2724824 
1 126736 
1 2693140 
4087236 4087236 
1 2281248 
4118920 4118920 
1 95052 
1 1457464 
1 2217880 
1 285156 
3707028 3707028 
4499128 4499128 
1 443576 
4435760 4435760 
5576384 5576384 
3992184 3992184 
1 601996 
3326820 3326820 
2946612 2946612 
5259544 5259544 
5006072 5006072 
1 1362412 
1 1805988 
1 1425780 
4657548 4657548 
1 538628 
1 823784 
3897132 3897132 
1 253472 
3200084 3200084 
4023868 4023868 
1 950520 
5196176 5196176 
4150604 4150604 
1 2819876 
1 1077256 
5449648 5449648 
3802080 3802080 
5608068 5608068 
1 1901040 
1 506944 
3611976 3611976 
2883244 2883244 
1 2788192 
2851560 2851560 
4720916 4720916 
5639752 5639752 
1 1679252 
4372392 4372392 
1 2598088 
4752600 4752600 
1 2154512 
3548608 3548608 
5544700 5544700 
3136716 3136716 
2914928 2914928 
3516924 3516924 
1 2629772 
4784284 4784284 
4815968 4815968 
1 1045572 
4530812 4530812 
3833764 3833764 
1 1615884 
3675344 3675344 
1 2534720 
1 63368 
4689232 4689232 
4277340 4277340 
1 1837672 
3390188 3390188 
1 1584200 
2978296 2978296 
1 2344616 
1 1964408 
1 380208 
