143 2924207
1 20449 
2 40898 
3 61347 
4 81796 
5 102245 
6 122694 
7 143143 
8 163592 
9 184041 
10 204490 
11 224939 
12 245388 
13 265837 
14 286286 
15 306735 
16 327184 
17 347633 
18 368082 
19 388531 
20 408980 
21 429429 
22 449878 
23 470327 
24 490776 
25 511225 
26 531674 
27 552123 
28 572572 
29 593021 
30 613470 
31 633919 
32 654368 
33 674817 
34 695266 
35 715715 
36 736164 
37 756613 
38 777062 
39 797511 
40 817960 
41 838409 
42 858858 
43 879307 
44 899756 
45 920205 
46 940654 
47 961103 
48 981552 
49 1002001 
50 1022450 
51 1042899 
52 1063348 
53 1083797 
54 1104246 
55 1124695 
56 1145144 
57 1165593 
58 1186042 
59 1206491 
60 1226940 
61 1247389 
62 1267838 
63 1288287 
64 1308736 
65 1329185 
66 1349634 
67 1370083 
68 1390532 
69 1410981 
70 1431430 
71 1451879 
72 1472328 
73 1492777 
74 1513226 
75 1533675 
76 1554124 
77 1574573 
78 1595022 
79 1615471 
80 1635920 
81 1656369 
82 1676818 
83 1697267 
84 1717716 
85 1738165 
86 1758614 
87 1779063 
88 1799512 
89 1819961 
90 1840410 
91 1860859 
92 1881308 
93 1901757 
94 1922206 
95 1942655 
96 1963104 
97 1983553 
98 2004002 
99 2024451 
100 2044900 
101 2065349 
102 2085798 
103 2106247 
104 2126696 
105 2147145 
106 2167594 
107 2188043 
108 2208492 
109 2228941 
110 2249390 
111 2269839 
112 2290288 
113 2310737 
114 2331186 
115 2351635 
116 2372084 
117 2392533 
118 2412982 
119 2433431 
120 2453880 
121 2474329 
122 2494778 
123 2515227 
124 2535676 
125 2556125 
126 2576574 
127 2597023 
128 2617472 
129 2637921 
130 2658370 
131 2678819 
132 2699268 
133 2719717 
134 2740166 
135 2760615 
136 2781064 
137 2801513 
138 2821962 
139 2842411 
140 2862860 
141 2883309 
142 2903758 
143 2924207 
