106 11236
808992 808992 
1 314608 
719104 719104 
1 292136 
1 258428 
820228 820228 
651688 651688 
1067420 1067420 
775284 775284 
842700 842700 
1 516856 
797756 797756 
910116 910116 
1 134832 
1 494384 
1 11236 
1 303372 
1 146068 
1 382024 
921352 921352 
1 22472 
1033712 1033712 
1 426968 
853936 853936 
1 539328 
1157308 1157308 
1 595508 
1 404496 
1 460676 
865172 865172 
1000004 1000004 
730340 730340 
955060 955060 
1 528092 
1 505620 
1 89888 
1 56180 
1146072 1146072 
1 33708 
1 67416 
1 235956 
1 112360 
1179780 1179780 
1044948 1044948 
966296 966296 
662924 662924 
1 348316 
1 44944 
1 370788 
1 561800 
1078656 1078656 
1 280900 
1 78652 
1112364 1112364 
640452 640452 
1123600 1123600 
1 438204 
1 213484 
606744 606744 
1022476 1022476 
831464 831464 
898880 898880 
1 325844 
1 584272 
1 224720 
1101128 1101128 
1 191012 
707868 707868 
685396 685396 
977532 977532 
1 168540 
1 359552 
1089892 1089892 
1 415732 
1191016 1191016 
1 123596 
1134836 1134836 
1 157304 
1 337080 
786520 786520 
764048 764048 
1 202248 
1168544 1168544 
1 483148 
1 573036 
1 179776 
1 449440 
741576 741576 
887644 887644 
1056184 1056184 
1 471912 
752812 752812 
1011240 1011240 
1 101124 
1 393260 
1 247192 
617980 617980 
988768 988768 
932588 932588 
876408 876408 
696632 696632 
674160 674160 
943824 943824 
629216 629216 
1 269664 
1 550564 
