97 912673
1 9409 
2 18818 
3 28227 
4 37636 
5 47045 
6 56454 
7 65863 
8 75272 
9 84681 
10 94090 
11 103499 
12 112908 
13 122317 
14 131726 
15 141135 
16 150544 
17 159953 
18 169362 
19 178771 
20 188180 
21 197589 
22 206998 
23 216407 
24 225816 
25 235225 
26 244634 
27 254043 
28 263452 
29 272861 
30 282270 
31 291679 
32 301088 
33 310497 
34 319906 
35 329315 
36 338724 
37 348133 
38 357542 
39 366951 
40 376360 
41 385769 
42 395178 
43 404587 
44 413996 
45 423405 
46 432814 
47 442223 
48 451632 
49 461041 
50 470450 
51 479859 
52 489268 
53 498677 
54 508086 
55 517495 
56 526904 
57 536313 
58 545722 
59 555131 
60 564540 
61 573949 
62 583358 
63 592767 
64 602176 
65 611585 
66 620994 
67 630403 
68 639812 
69 649221 
70 658630 
71 668039 
72 677448 
73 686857 
74 696266 
75 705675 
76 715084 
77 724493 
78 733902 
79 743311 
80 752720 
81 762129 
82 771538 
83 780947 
84 790356 
85 799765 
86 809174 
87 818583 
88 827992 
89 837401 
90 846810 
91 856219 
92 865628 
93 875037 
94 884446 
95 893855 
96 903264 
97 912673 
