180 32400
1 2754000 
1 2916000 
1 1976400 
1 1263600 
1 1782000 
3726000 3726000 
4600800 4600800 
1 2689200 
4341600 4341600 
1 1069200 
3369600 3369600 
5022000 5022000 
1 2138400 
1 1231200 
1 583200 
4665600 4665600 
1 2430000 
1 2235600 
3888000 3888000 
1 32400 
1 2106000 
1 259200 
1 2656800 
1 1166400 
1 2332800 
1 421200 
3272400 3272400 
3013200 3013200 
4244400 4244400 
4892400 4892400 
3920400 3920400 
5475600 5475600 
4374000 4374000 
5313600 5313600 
5702400 5702400 
1 2170800 
5443200 5443200 
1 1101600 
5086800 5086800 
3564000 3564000 
1 1652400 
1 1036800 
3240000 3240000 
5832000 5832000 
3531600 3531600 
1 842400 
1 2203200 
3693600 3693600 
3045600 3045600 
4017600 4017600 
1 2559600 
5184000 5184000 
1 2527200 
1 129600 
1 1684800 
1 1198800 
1 1620000 
5734800 5734800 
5346000 5346000 
1 356400 
1 1328400 
1 2041200 
1 939600 
1 97200 
4698000 4698000 
5767200 5767200 
1 1360800 
4827600 4827600 
1 1134000 
3402000 3402000 
3628800 3628800 
1 1944000 
5216400 5216400 
1 2721600 
3823200 3823200 
1 1522800 
4860000 4860000 
3078000 3078000 
1 291600 
4957200 4957200 
1 1846800 
4082400 4082400 
3596400 3596400 
4471200 4471200 
3304800 3304800 
1 615600 
1 810000 
4924800 4924800 
4114800 4114800 
1 2268000 
1 1555200 
5799600 5799600 
1 1911600 
1 680400 
4406400 4406400 
1 2851200 
3985200 3985200 
3175200 3175200 
1 2592000 
4568400 4568400 
3758400 3758400 
1 777600 
1 226800 
1 1879200 
1 2786400 
1 1458000 
1 64800 
1 874800 
1 550800 
1 1004400 
1 1425600 
3855600 3855600 
1 2365200 
1 2397600 
5151600 5151600 
5637600 5637600 
1 1814400 
4179600 4179600 
1 648000 
1 1717200 
5508000 5508000 
1 194400 
1 972000 
3952800 3952800 
5054400 5054400 
1 2818800 
1 2008800 
5378400 5378400 
3434400 3434400 
5605200 5605200 
1 2462400 
4730400 4730400 
1 712800 
1 1749600 
1 1393200 
3207600 3207600 
1 518400 
1 907200 
4147200 4147200 
4050000 4050000 
1 1587600 
5670000 5670000 
4276800 4276800 
1 486000 
3142800 3142800 
4633200 4633200 
1 745200 
5248800 5248800 
1 2300400 
4309200 4309200 
5540400 5540400 
5410800 5410800 
4536000 4536000 
1 1296000 
1 2073600 
1 388800 
2948400 2948400 
3466800 3466800 
3790800 3790800 
2980800 2980800 
1 1490400 
4438800 4438800 
5572800 5572800 
5119200 5119200 
3337200 3337200 
4762800 4762800 
1 2624400 
3110400 3110400 
3661200 3661200 
4503600 4503600 
1 2883600 
4795200 4795200 
1 453600 
1 162000 
5281200 5281200 
1 2494800 
4989600 4989600 
1 324000 
3499200 3499200 
4212000 4212000 
