112 1404928
1 12544 
2 25088 
3 37632 
4 50176 
5 62720 
6 75264 
7 87808 
8 100352 
9 112896 
10 125440 
11 137984 
12 150528 
13 163072 
14 175616 
15 188160 
16 200704 
17 213248 
18 225792 
19 238336 
20 250880 
21 263424 
22 275968 
23 288512 
24 301056 
25 313600 
26 326144 
27 338688 
28 351232 
29 363776 
30 376320 
31 388864 
32 401408 
33 413952 
34 426496 
35 439040 
36 451584 
37 464128 
38 476672 
39 489216 
40 501760 
41 514304 
42 526848 
43 539392 
44 551936 
45 564480 
46 577024 
47 589568 
48 602112 
49 614656 
50 627200 
51 639744 
52 652288 
53 664832 
54 677376 
55 689920 
56 702464 
57 715008 
58 727552 
59 740096 
60 752640 
61 765184 
62 777728 
63 790272 
64 802816 
65 815360 
66 827904 
67 840448 
68 852992 
69 865536 
70 878080 
71 890624 
72 903168 
73 915712 
74 928256 
75 940800 
76 953344 
77 965888 
78 978432 
79 990976 
80 1003520 
81 1016064 
82 1028608 
83 1041152 
84 1053696 
85 1066240 
86 1078784 
87 1091328 
88 1103872 
89 1116416 
90 1128960 
91 1141504 
92 1154048 
93 1166592 
94 1179136 
95 1191680 
96 1204224 
97 1216768 
98 1229312 
99 1241856 
100 1254400 
101 1266944 
102 1279488 
103 1292032 
104 1304576 
105 1317120 
106 1329664 
107 1342208 
108 1354752 
109 1367296 
110 1379840 
111 1392384 
112 1404928 
