163 4330747
1 26569 
2 53138 
3 79707 
4 106276 
5 132845 
6 159414 
7 185983 
8 212552 
9 239121 
10 265690 
11 292259 
12 318828 
13 345397 
14 371966 
15 398535 
16 425104 
17 451673 
18 478242 
19 504811 
20 531380 
21 557949 
22 584518 
23 611087 
24 637656 
25 664225 
26 690794 
27 717363 
28 743932 
29 770501 
30 797070 
31 823639 
32 850208 
33 876777 
34 903346 
35 929915 
36 956484 
37 983053 
38 1009622 
39 1036191 
40 1062760 
41 1089329 
42 1115898 
43 1142467 
44 1169036 
45 1195605 
46 1222174 
47 1248743 
48 1275312 
49 1301881 
50 1328450 
51 1355019 
52 1381588 
53 1408157 
54 1434726 
55 1461295 
56 1487864 
57 1514433 
58 1541002 
59 1567571 
60 1594140 
61 1620709 
62 1647278 
63 1673847 
64 1700416 
65 1726985 
66 1753554 
67 1780123 
68 1806692 
69 1833261 
70 1859830 
71 1886399 
72 1912968 
73 1939537 
74 1966106 
75 1992675 
76 2019244 
77 2045813 
78 2072382 
79 2098951 
80 2125520 
81 2152089 
82 2178658 
83 2205227 
84 2231796 
85 2258365 
86 2284934 
87 2311503 
88 2338072 
89 2364641 
90 2391210 
91 2417779 
92 2444348 
93 2470917 
94 2497486 
95 2524055 
96 2550624 
97 2577193 
98 2603762 
99 2630331 
100 2656900 
101 2683469 
102 2710038 
103 2736607 
104 2763176 
105 2789745 
106 2816314 
107 2842883 
108 2869452 
109 2896021 
110 2922590 
111 2949159 
112 2975728 
113 3002297 
114 3028866 
115 3055435 
116 3082004 
117 3108573 
118 3135142 
119 3161711 
120 3188280 
121 3214849 
122 3241418 
123 3267987 
124 3294556 
125 3321125 
126 3347694 
127 3374263 
128 3400832 
129 3427401 
130 3453970 
131 3480539 
132 3507108 
133 3533677 
134 3560246 
135 3586815 
136 3613384 
137 3639953 
138 3666522 
139 3693091 
140 3719660 
141 3746229 
142 3772798 
143 3799367 
144 3825936 
145 3852505 
146 3879074 
147 3905643 
148 3932212 
149 3958781 
150 3985350 
151 4011919 
152 4038488 
153 4065057 
154 4091626 
155 4118195 
156 4144764 
157 4171333 
158 4197902 
159 4224471 
160 4251040 
161 4277609 
162 4304178 
163 4330747 
