116 1560896
1 13456 
2 26912 
3 40368 
4 53824 
5 67280 
6 80736 
7 94192 
8 107648 
9 121104 
10 134560 
11 148016 
12 161472 
13 174928 
14 188384 
15 201840 
16 215296 
17 228752 
18 242208 
19 255664 
20 269120 
21 282576 
22 296032 
23 309488 
24 322944 
25 336400 
26 349856 
27 363312 
28 376768 
29 390224 
30 403680 
31 417136 
32 430592 
33 444048 
34 457504 
35 470960 
36 484416 
37 497872 
38 511328 
39 524784 
40 538240 
41 551696 
42 565152 
43 578608 
44 592064 
45 605520 
46 618976 
47 632432 
48 645888 
49 659344 
50 672800 
51 686256 
52 699712 
53 713168 
54 726624 
55 740080 
56 753536 
57 766992 
58 780448 
59 793904 
60 807360 
61 820816 
62 834272 
63 847728 
64 861184 
65 874640 
66 888096 
67 901552 
68 915008 
69 928464 
70 941920 
71 955376 
72 968832 
73 982288 
74 995744 
75 1009200 
76 1022656 
77 1036112 
78 1049568 
79 1063024 
80 1076480 
81 1089936 
82 1103392 
83 1116848 
84 1130304 
85 1143760 
86 1157216 
87 1170672 
88 1184128 
89 1197584 
90 1211040 
91 1224496 
92 1237952 
93 1251408 
94 1264864 
95 1278320 
96 1291776 
97 1305232 
98 1318688 
99 1332144 
100 1345600 
101 1359056 
102 1372512 
103 1385968 
104 1399424 
105 1412880 
106 1426336 
107 1439792 
108 1453248 
109 1466704 
110 1480160 
111 1493616 
112 1507072 
113 1520528 
114 1533984 
115 1547440 
116 1560896 
