148 21904
2431344 2431344 
1 459984 
1839936 1839936 
2015168 2015168 
2102784 2102784 
1 722832 
2935136 2935136 
1 1598992 
2891328 2891328 
1 503792 
3197984 3197984 
1 131424 
1686608 1686608 
1927552 1927552 
1 328560 
2606576 2606576 
1 1445664 
1 87616 
1 1555184 
1 1270432 
1 832352 
2453248 2453248 
1 1073296 
1 1117104 
1949456 1949456 
2321824 2321824 
1 1533280 
2058976 2058976 
1 569504 
1 1314240 
2803712 2803712 
1 679024 
3088464 3088464 
3132272 3132272 
1 109520 
1883744 1883744 
1 481888 
1818032 1818032 
1 1358048 
1642800 1642800 
2343728 2343728 
2080880 2080880 
2781808 2781808 
2190400 2190400 
2146592 2146592 
1971360 1971360 
1 1095200 
1993264 1993264 
1 240944 
2957040 2957040 
2365632 2365632 
1 219040 
1 1292336 
1 1577088 
1 1620896 
1 1379952 
2650384 2650384 
2716096 2716096 
1752320 1752320 
2409440 2409440 
2387536 2387536 
2518960 2518960 
1 1489472 
1 1139008 
1 372368 
1 153328 
1 657120 
2562768 2562768 
1 306656 
1 766640 
1 350464 
2212304 2212304 
1 262848 
3241792 3241792 
1 941872 
2978944 2978944 
1664704 1664704 
2278016 2278016 
1796128 1796128 
3022752 3022752 
1861840 1861840 
1730416 1730416 
2672288 2672288 
1 1336144 
1 1051392 
2694192 2694192 
1 65712 
3110368 3110368 
2299920 2299920 
1 21904 
2847520 2847520 
1 547600 
1 898064 
1 1511376 
1 635216 
3176080 3176080 
1 1029488 
1 985680 
2497056 2497056 
2628480 2628480 
2913232 2913232 
1 1007584 
2168496 2168496 
1 591408 
2825616 2825616 
1 963776 
1 788544 
1 394272 
1 1160912 
1 1423760 
2124688 2124688 
1 197136 
1 1467568 
1905648 1905648 
1 1182816 
1 700928 
2037072 2037072 
1 1226624 
1 744736 
1 175232 
1 876160 
1 284752 
1708512 1708512 
2869424 2869424 
3154176 3154176 
2256112 2256112 
1 854256 
3219888 3219888 
2540864 2540864 
1774224 1774224 
3066560 3066560 
1 810448 
1 613312 
1 1204720 
1 1401856 
3000848 3000848 
1 416176 
2738000 2738000 
1 1248528 
1 43808 
2475152 2475152 
1 919968 
3044656 3044656 
2759904 2759904 
2584672 2584672 
1 525696 
1 438080 
2234208 2234208 
