169 4826809
1 28561 
2 57122 
3 85683 
4 114244 
5 142805 
6 171366 
7 199927 
8 228488 
9 257049 
10 285610 
11 314171 
12 342732 
13 371293 
14 399854 
15 428415 
16 456976 
17 485537 
18 514098 
19 542659 
20 571220 
21 599781 
22 628342 
23 656903 
24 685464 
25 714025 
26 742586 
27 771147 
28 799708 
29 828269 
30 856830 
31 885391 
32 913952 
33 942513 
34 971074 
35 999635 
36 1028196 
37 1056757 
38 1085318 
39 1113879 
40 1142440 
41 1171001 
42 1199562 
43 1228123 
44 1256684 
45 1285245 
46 1313806 
47 1342367 
48 1370928 
49 1399489 
50 1428050 
51 1456611 
52 1485172 
53 1513733 
54 1542294 
55 1570855 
56 1599416 
57 1627977 
58 1656538 
59 1685099 
60 1713660 
61 1742221 
62 1770782 
63 1799343 
64 1827904 
65 1856465 
66 1885026 
67 1913587 
68 1942148 
69 1970709 
70 1999270 
71 2027831 
72 2056392 
73 2084953 
74 2113514 
75 2142075 
76 2170636 
77 2199197 
78 2227758 
79 2256319 
80 2284880 
81 2313441 
82 2342002 
83 2370563 
84 2399124 
85 2427685 
86 2456246 
87 2484807 
88 2513368 
89 2541929 
90 2570490 
91 2599051 
92 2627612 
93 2656173 
94 2684734 
95 2713295 
96 2741856 
97 2770417 
98 2798978 
99 2827539 
100 2856100 
101 2884661 
102 2913222 
103 2941783 
104 2970344 
105 2998905 
106 3027466 
107 3056027 
108 3084588 
109 3113149 
110 3141710 
111 3170271 
112 3198832 
113 3227393 
114 3255954 
115 3284515 
116 3313076 
117 3341637 
118 3370198 
119 3398759 
120 3427320 
121 3455881 
122 3484442 
123 3513003 
124 3541564 
125 3570125 
126 3598686 
127 3627247 
128 3655808 
129 3684369 
130 3712930 
131 3741491 
132 3770052 
133 3798613 
134 3827174 
135 3855735 
136 3884296 
137 3912857 
138 3941418 
139 3969979 
140 3998540 
141 4027101 
142 4055662 
143 4084223 
144 4112784 
145 4141345 
146 4169906 
147 4198467 
148 4227028 
149 4255589 
150 4284150 
151 4312711 
152 4341272 
153 4369833 
154 4398394 
155 4426955 
156 4455516 
157 4484077 
158 4512638 
159 4541199 
160 4569760 
161 4598321 
162 4626882 
163 4655443 
164 4684004 
165 4712565 
166 4741126 
167 4769687 
168 4798248 
169 4826809 
