171 5000211
1 29241 
2 58482 
3 87723 
4 116964 
5 146205 
6 175446 
7 204687 
8 233928 
9 263169 
10 292410 
11 321651 
12 350892 
13 380133 
14 409374 
15 438615 
16 467856 
17 497097 
18 526338 
19 555579 
20 584820 
21 614061 
22 643302 
23 672543 
24 701784 
25 731025 
26 760266 
27 789507 
28 818748 
29 847989 
30 877230 
31 906471 
32 935712 
33 964953 
34 994194 
35 1023435 
36 1052676 
37 1081917 
38 1111158 
39 1140399 
40 1169640 
41 1198881 
42 1228122 
43 1257363 
44 1286604 
45 1315845 
46 1345086 
47 1374327 
48 1403568 
49 1432809 
50 1462050 
51 1491291 
52 1520532 
53 1549773 
54 1579014 
55 1608255 
56 1637496 
57 1666737 
58 1695978 
59 1725219 
60 1754460 
61 1783701 
62 1812942 
63 1842183 
64 1871424 
65 1900665 
66 1929906 
67 1959147 
68 1988388 
69 2017629 
70 2046870 
71 2076111 
72 2105352 
73 2134593 
74 2163834 
75 2193075 
76 2222316 
77 2251557 
78 2280798 
79 2310039 
80 2339280 
81 2368521 
82 2397762 
83 2427003 
84 2456244 
85 2485485 
86 2514726 
87 2543967 
88 2573208 
89 2602449 
90 2631690 
91 2660931 
92 2690172 
93 2719413 
94 2748654 
95 2777895 
96 2807136 
97 2836377 
98 2865618 
99 2894859 
100 2924100 
101 2953341 
102 2982582 
103 3011823 
104 3041064 
105 3070305 
106 3099546 
107 3128787 
108 3158028 
109 3187269 
110 3216510 
111 3245751 
112 3274992 
113 3304233 
114 3333474 
115 3362715 
116 3391956 
117 3421197 
118 3450438 
119 3479679 
120 3508920 
121 3538161 
122 3567402 
123 3596643 
124 3625884 
125 3655125 
126 3684366 
127 3713607 
128 3742848 
129 3772089 
130 3801330 
131 3830571 
132 3859812 
133 3889053 
134 3918294 
135 3947535 
136 3976776 
137 4006017 
138 4035258 
139 4064499 
140 4093740 
141 4122981 
142 4152222 
143 4181463 
144 4210704 
145 4239945 
146 4269186 
147 4298427 
148 4327668 
149 4356909 
150 4386150 
151 4415391 
152 4444632 
153 4473873 
154 4503114 
155 4532355 
156 4561596 
157 4590837 
158 4620078 
159 4649319 
160 4678560 
161 4707801 
162 4737042 
163 4766283 
164 4795524 
165 4824765 
166 4854006 
167 4883247 
168 4912488 
169 4941729 
170 4970970 
171 5000211 
