181 32761
1 622459 
1 1867377 
1 491415 
5045194 5045194 
5274521 5274521 
1 2620880 
4127886 4127886 
4553779 4553779 
5143477 5143477 
4095125 4095125 
1 262088 
1 196566 
4586540 4586540 
4062364 4062364 
1 2096704 
1 2522597 
1 1179396 
1 1507006 
1 2817446 
1 2915729 
1 2260509 
1 1670811 
1 327610 
1 1834616 
4750345 4750345 
1 1113874 
1 1408723 
1 1015591 
1 1965660 
4914150 4914150 
5372804 5372804 
1 2227748 
1 1343201 
2981251 2981251 
3767515 3767515 
1 917308 
4979672 4979672 
3210578 3210578 
5438326 5438326 
5536609 5536609 
1 589698 
1 1572528 
3996842 3996842 
3046773 3046773 
3701993 3701993 
1 2686402 
1 1539767 
1 1048352 
4455496 4455496 
5241760 5241760 
1 2588119 
1 1900138 
1 294849 
1 1277679 
5077955 5077955 
5929741 5929741 
1 1605289 
1 2751924 
3112295 3112295 
3538188 3538188 
3439905 3439905 
5012433 5012433 
5503848 5503848 
1 982830 
3669232 3669232 
1 556937 
3734754 3734754 
4160647 4160647 
1 1212157 
5667653 5667653 
3570949 3570949 
5733175 5733175 
1 65522 
3833037 3833037 
5208999 5208999 
1 1769094 
4521018 4521018 
3603710 3603710 
1 1703572 
3407144 3407144 
3145056 3145056 
1 2293270 
1 360371 
1 2129465 
5569370 5569370 
1 2489836 
1 2719163 
3079534 3079534 
1 98283 
1 655220 
3472666 3472666 
1 2326031 
1 1801855 
1 2424314 
5110716 5110716 
3276100 3276100 
5340043 5340043 
1 1441484 
1 229327 
1 851786 
5864219 5864219 
5405565 5405565 
1 425893 
1 884547 
5602131 5602131 
4815867 4815867 
5700414 5700414 
5471087 5471087 
4193408 4193408 
5176238 5176238 
3341622 3341622 
4946911 4946911 
3177817 3177817 
4619301 4619301 
1 32761 
1 950069 
1 131044 
4652062 4652062 
5798697 5798697 
4389974 4389974 
1 2391553 
1 524176 
1 2457075 
1 687981 
1 1932899 
4717584 4717584 
1 1998421 
4848628 4848628 
4881389 4881389 
1 2063943 
1 2653641 
3931320 3931320 
1 1375962 
3964081 3964081 
1 2850207 
1 1146635 
1 1310440 
1 2031182 
1 1736333 
1 1474245 
4226169 4226169 
4258930 4258930 
5634892 5634892 
4488257 4488257 
3243339 3243339 
1 786264 
1 2948490 
1 2555358 
3308861 3308861 
5765936 5765936 
5831458 5831458 
4357213 4357213 
1 458654 
1 2358792 
1 1638050 
1 720742 
4324452 4324452 
3636471 3636471 
5896980 5896980 
3800276 3800276 
4029603 4029603 
3374383 3374383 
4422735 4422735 
1 2194987 
3898559 3898559 
1 393132 
4684823 4684823 
1 1244918 
1 163805 
4291691 4291691 
5307282 5307282 
1 2784685 
3014012 3014012 
1 753503 
1 1081113 
3865798 3865798 
3505427 3505427 
1 819025 
1 2882968 
4783106 4783106 
1 2162226 
