91 8281
1 240149 
1 322959 
1 207025 
1 107653 
1 298116 
1 33124 
753571 753571 
1 314678 
438893 438893 
1 149058 
571389 571389 
645918 645918 
1 215306 
679042 679042 
1 49686 
1 339521 
546546 546546 
1 198744 
472017 472017 
728728 728728 
612794 612794 
463736 463736 
637637 637637 
455455 455455 
1 331240 
687323 687323 
1 115934 
604513 604513 
1 281554 
513422 513422 
1 364364 
1 41405 
662480 662480 
1 256711 
529984 529984 
1 16562 
538265 538265 
629356 629356 
712166 712166 
1 289835 
480298 480298 
1 24843 
1 66248 
1 248430 
1 190463 
554827 554827 
670761 670761 
1 182182 
389207 389207 
405769 405769 
654199 654199 
496860 496860 
703885 703885 
1 91091 
1 347802 
505141 505141 
1 165620 
1 140777 
1 74529 
1 306397 
1 157339 
430612 430612 
579670 579670 
1 173901 
521703 521703 
745290 745290 
563108 563108 
397488 397488 
720447 720447 
1 372645 
1 231868 
414050 414050 
1 99372 
1 273273 
737009 737009 
1 8281 
380926 380926 
422331 422331 
695604 695604 
1 82810 
1 264992 
1 124215 
1 356083 
447174 447174 
587951 587951 
621075 621075 
1 57967 
1 132496 
596232 596232 
1 223587 
488579 488579 
