175 30625
3185000 3185000 
4073125 4073125 
1 398125 
3123750 3123750 
3705625 3705625 
1 183750 
1 857500 
1 2113125 
1 1837500 
1 1225000 
3246250 3246250 
5359375 5359375 
1 275625 
1 980000 
4961250 4961250 
3001250 3001250 
1 1133125 
1 2205000 
2940000 2940000 
4685625 4685625 
1 2572500 
1 1929375 
1 2511250 
3062500 3062500 
3552500 3552500 
1 428750 
4746875 4746875 
1 2388750 
1 2327500 
3430000 3430000 
1 1776250 
4716250 4716250 
1 1745625 
3950625 3950625 
1 1286250 
5236875 5236875 
4563125 4563125 
4256875 4256875 
3031875 3031875 
1 1898750 
1 2358125 
1 367500 
1 1653750 
4532500 4532500 
5298125 5298125 
1 1500625 
3154375 3154375 
2695000 2695000 
1 153125 
1 1378125 
4869375 4869375 
4226250 4226250 
3491250 3491250 
2848125 2848125 
1 1715000 
4808125 4808125 
1 2419375 
2817500 2817500 
1 30625 
1 1010625 
4318125 4318125 
1 2266250 
1 918750 
1 1071875 
1 673750 
1 306250 
4838750 4838750 
4900000 4900000 
1 2082500 
1 1316875 
3644375 3644375 
1 643125 
4624375 4624375 
1 949375 
3889375 3889375 
3766875 3766875 
1 1408750 
1 2174375 
1 1102500 
1 2664375 
1 1194375 
1 122500 
1 1960000 
4134375 4134375 
1 2541875 
1 1990625 
4195625 4195625 
1 1439375 
4165000 4165000 
1 2143750 
1 2051875 
4501875 4501875 
1 612500 
3675000 3675000 
1 2296875 
4593750 4593750 
1 245000 
5145000 5145000 
3276875 3276875 
2970625 2970625 
1 91875 
4348750 4348750 
3613750 3613750 
4410000 4410000 
1 1347500 
5083750 5083750 
3521875 3521875 
2756250 2756250 
1 490000 
3736250 3736250 
1 2450000 
4042500 4042500 
1 336875 
5114375 5114375 
2909375 2909375 
1 520625 
1 765625 
3399375 3399375 
3215625 3215625 
2786875 2786875 
3858750 3858750 
1 551250 
3981250 3981250 
1 2603125 
3093125 3093125 
1 704375 
4777500 4777500 
1 2633750 
1 796250 
1 1684375 
3920000 3920000 
1 214375 
3368750 3368750 
2725625 2725625 
5053125 5053125 
1 888125 
4655000 4655000 
1 1592500 
1 1806875 
4011875 4011875 
1 1255625 
4930625 4930625 
5206250 5206250 
3828125 3828125 
5328750 5328750 
3307500 3307500 
5175625 5175625 
1 1561875 
1 459375 
3460625 3460625 
4471250 4471250 
1 1623125 
4991875 4991875 
2878750 2878750 
5022500 5022500 
1 1163750 
1 61250 
5267500 5267500 
3583125 3583125 
1 2021250 
4379375 4379375 
3797500 3797500 
1 1470000 
1 1041250 
4287500 4287500 
1 581875 
1 1868125 
1 2480625 
1 1531250 
3338125 3338125 
1 735000 
4103750 4103750 
1 2235625 
4440625 4440625 
1 826875 
