102 10404
915552 915552 
728280 728280 
1 343332 
1 301716 
1029996 1029996 
842724 842724 
1 374544 
1 249696 
1 145656 
1 83232 
1 270504 
853128 853128 
894744 894744 
1 332928 
790704 790704 
1 176868 
769896 769896 
1 312120 
1 457776 
572220 572220 
1 239292 
967572 967572 
1 104040 
780300 780300 
1050804 1050804 
1 166464 
686664 686664 
863532 863532 
1 124848 
1009188 1009188 
1 20808 
873936 873936 
1 353736 
1040400 1040400 
603432 603432 
707472 707472 
1 499392 
624240 624240 
1 218484 
634644 634644 
717876 717876 
749088 749088 
1 156060 
977976 977976 
811512 811512 
1 488988 
645048 645048 
1 405756 
1 41616 
998784 998784 
613836 613836 
541008 541008 
936360 936360 
1 509796 
1 93636 
1 280908 
655452 655452 
582624 582624 
1061208 1061208 
925956 925956 
988380 988380 
1 62424 
1 436968 
1 447372 
551412 551412 
738684 738684 
946764 946764 
1 322524 
1 52020 
561816 561816 
1 416160 
1 426564 
697068 697068 
821916 821916 
1 208080 
1 31212 
1 395352 
1 468180 
593028 593028 
1 72828 
759492 759492 
1 10404 
1 187272 
1 197676 
1 135252 
665856 665856 
1019592 1019592 
1 530604 
1 291312 
1 260100 
905148 905148 
1 520200 
801108 801108 
884340 884340 
1 384948 
1 228888 
1 364140 
957168 957168 
676260 676260 
1 478584 
1 114444 
832320 832320 
