162 26244
2860596 2860596 
1 839808 
1 1390932 
1 1154736 
2939328 2939328 
3280500 3280500 
2755620 2755620 
1 2047032 
1 1417176 
1 498636 
3096792 3096792 
1 971028 
1 393660 
1 341172 
2913084 2913084 
1 288684 
1 1285956 
3516696 3516696 
2991816 2991816 
2230740 2230740 
1 1443420 
1 1364688 
3752892 3752892 
3857868 3857868 
3490452 3490452 
1 2020788 
1 131220 
4015332 4015332 
3621672 3621672 
3595428 3595428 
1 944784 
3910356 3910356 
1 787320 
1 1207224 
3437964 3437964 
1 367416 
3149280 3149280 
2519424 2519424 
3726648 3726648 
3647916 3647916 
3831624 3831624 
1 1627128 
1 551124 
1 1600884 
4251528 4251528 
1 78732 
1 157464 
3989088 3989088 
2388204 2388204 
1 524880 
3700404 3700404 
3201768 3201768 
3044304 3044304 
1 656100 
1 2125764 
2283228 2283228 
2886840 2886840 
1 892296 
4094064 4094064 
1 682344 
4120308 4120308 
1 734832 
2808108 2808108 
3070548 3070548 
2493180 2493180 
3962844 3962844 
1 1679616 
1 1338444 
2545668 2545668 
1 1076004 
4041576 4041576 
2152008 2152008 
1 1128492 
2650644 2650644 
2440692 2440692 
1 1049760 
1 1705860 
1 419904 
1 262440 
3542940 3542940 
3018060 3018060 
1 2073276 
2598156 2598156 
2834352 2834352 
4146552 4146552 
1 1889568 
2309472 2309472 
1 26244 
2466936 2466936 
3359232 3359232 
2703132 2703132 
3805380 3805380 
2781864 2781864 
2676888 2676888 
1 1758348 
4199040 4199040 
3385476 3385476 
1 209952 
3464208 3464208 
3884112 3884112 
2965572 2965572 
1 1023516 
2624400 2624400 
3332988 3332988 
1 52488 
1 1180980 
1 1653372 
3674160 3674160 
1 1574640 
1 1994544 
3569184 3569184 
4067820 4067820 
2414448 2414448 
1 1233468 
1 1942056 
1 236196 
1 866052 
1 1810836 
1 314928 
1 1548396 
1 813564 
1 1312200 
1 603612 
2729376 2729376 
3936600 3936600 
1 1915812 
2256984 2256984 
2571912 2571912 
1 708588 
2361960 2361960 
1 1469664 
1 761076 
1 472392 
1 2099520 
2335716 2335716 
1 1784592 
4172796 4172796 
1 183708 
1 104976 
1 997272 
2178252 2178252 
3254256 3254256 
3228012 3228012 
3779136 3779136 
1 1968300 
3123036 3123036 
1 918540 
1 1837080 
1 1259712 
3411720 3411720 
1 629856 
1 1495908 
1 1863324 
1 1522152 
1 577368 
1 1732104 
4225284 4225284 
3306744 3306744 
1 1102248 
3175524 3175524 
1 446148 
2204496 2204496 
