152 23104
3142144 3142144 
1 1270720 
2379712 2379712 
2518336 2518336 
1894528 1894528 
1 1524864 
1 600704 
1 1709696 
3119040 3119040 
2472128 2472128 
1848320 1848320 
1917632 1917632 
1 254144 
2772480 2772480 
1 739328 
3072832 3072832 
1 924160 
1 831744 
3442496 3442496 
2148672 2148672 
1 1409344 
1 1455552 
1 1547968 
1 485184 
2402816 2402816 
1 993472 
1 1340032 
1871424 1871424 
3003520 3003520 
1 1686592 
1 300352 
1 1432448 
1 1501760 
3511808 3511808 
1 23104 
3257664 3257664 
1 762432 
1 1663488 
2287296 2287296 
2957312 2957312 
3326976 3326976 
1 1755904 
1779008 1779008 
1 901056 
1 1108992 
1 277248 
1 554496 
1 808640 
1 1316928 
1 623808 
1 1155200 
2102464 2102464 
1 716224 
2171776 2171776 
1 1363136 
1 346560 
1 1016576 
3350080 3350080 
2911104 2911104 
1 184832 
3419392 3419392 
2610752 2610752 
1 46208 
2125568 2125568 
1 531392 
2264192 2264192 
3165248 3165248 
1 231040 
1 947264 
2841792 2841792 
1 323456 
3026624 3026624 
3303872 3303872 
3396288 3396288 
2241088 2241088 
1 1594176 
2934208 2934208 
2425920 2425920 
2356608 2356608 
1 1478656 
2079360 2079360 
2333504 2333504 
2726272 2726272 
1 69312 
1 1201408 
1 854848 
2656960 2656960 
2587648 2587648 
1986944 1986944 
1 1224512 
1 138624 
3234560 3234560 
3049728 3049728 
3465600 3465600 
1 115520 
1 970368 
2564544 2564544 
1 646912 
1802112 1802112 
1 1062784 
2795584 2795584 
3211456 3211456 
1 369664 
1 1085888 
1 438976 
1 508288 
1 161728 
3188352 3188352 
1825216 1825216 
1 1293824 
1940736 1940736 
1 1247616 
2033152 2033152 
2310400 2310400 
2495232 2495232 
1 1039680 
1 1617280 
1 785536 
1 1640384 
2056256 2056256 
2703168 2703168 
2980416 2980416 
3280768 3280768 
2864896 2864896 
1 1571072 
1 693120 
2749376 2749376 
3488704 3488704 
2541440 2541440 
2217984 2217984 
1 92416 
2633856 2633856 
1 1132096 
1 392768 
2888000 2888000 
2818688 2818688 
1 1386240 
2010048 2010048 
1 877952 
1 415872 
1 207936 
1963840 1963840 
3095936 3095936 
2449024 2449024 
2194880 2194880 
1 1732800 
1 1178304 
3373184 3373184 
1 577600 
2680064 2680064 
1 462080 
1 670016 
