53 148877
1 2809 
2 5618 
3 8427 
4 11236 
5 14045 
6 16854 
7 19663 
8 22472 
9 25281 
10 28090 
11 30899 
12 33708 
13 36517 
14 39326 
15 42135 
16 44944 
17 47753 
18 50562 
19 53371 
20 56180 
21 58989 
22 61798 
23 64607 
24 67416 
25 70225 
26 73034 
27 75843 
28 78652 
29 81461 
30 84270 
31 87079 
32 89888 
33 92697 
34 95506 
35 98315 
36 101124 
37 103933 
38 106742 
39 109551 
40 112360 
41 115169 
42 117978 
43 120787 
44 123596 
45 126405 
46 129214 
47 132023 
48 134832 
49 137641 
50 140450 
51 143259 
52 146068 
53 148877 
