83 571787
1 6889 
2 13778 
3 20667 
4 27556 
5 34445 
6 41334 
7 48223 
8 55112 
9 62001 
10 68890 
11 75779 
12 82668 
13 89557 
14 96446 
15 103335 
16 110224 
17 117113 
18 124002 
19 130891 
20 137780 
21 144669 
22 151558 
23 158447 
24 165336 
25 172225 
26 179114 
27 186003 
28 192892 
29 199781 
30 206670 
31 213559 
32 220448 
33 227337 
34 234226 
35 241115 
36 248004 
37 254893 
38 261782 
39 268671 
40 275560 
41 282449 
42 289338 
43 296227 
44 303116 
45 310005 
46 316894 
47 323783 
48 330672 
49 337561 
50 344450 
51 351339 
52 358228 
53 365117 
54 372006 
55 378895 
56 385784 
57 392673 
58 399562 
59 406451 
60 413340 
61 420229 
62 427118 
63 434007 
64 440896 
65 447785 
66 454674 
67 461563 
68 468452 
69 475341 
70 482230 
71 489119 
72 496008 
73 502897 
74 509786 
75 516675 
76 523564 
77 530453 
78 537342 
79 544231 
80 551120 
81 558009 
82 564898 
83 571787 
