73 389017
1 5329 
2 10658 
3 15987 
4 21316 
5 26645 
6 31974 
7 37303 
8 42632 
9 47961 
10 53290 
11 58619 
12 63948 
13 69277 
14 74606 
15 79935 
16 85264 
17 90593 
18 95922 
19 101251 
20 106580 
21 111909 
22 117238 
23 122567 
24 127896 
25 133225 
26 138554 
27 143883 
28 149212 
29 154541 
30 159870 
31 165199 
32 170528 
33 175857 
34 181186 
35 186515 
36 191844 
37 197173 
38 202502 
39 207831 
40 213160 
41 218489 
42 223818 
43 229147 
44 234476 
45 239805 
46 245134 
47 250463 
48 255792 
49 261121 
50 266450 
51 271779 
52 277108 
53 282437 
54 287766 
55 293095 
56 298424 
57 303753 
58 309082 
59 314411 
60 319740 
61 325069 
62 330398 
63 335727 
64 341056 
65 346385 
66 351714 
67 357043 
68 362372 
69 367701 
70 373030 
71 378359 
72 383688 
73 389017 
