138 2628072
1 19044 
2 38088 
3 57132 
4 76176 
5 95220 
6 114264 
7 133308 
8 152352 
9 171396 
10 190440 
11 209484 
12 228528 
13 247572 
14 266616 
15 285660 
16 304704 
17 323748 
18 342792 
19 361836 
20 380880 
21 399924 
22 418968 
23 438012 
24 457056 
25 476100 
26 495144 
27 514188 
28 533232 
29 552276 
30 571320 
31 590364 
32 609408 
33 628452 
34 647496 
35 666540 
36 685584 
37 704628 
38 723672 
39 742716 
40 761760 
41 780804 
42 799848 
43 818892 
44 837936 
45 856980 
46 876024 
47 895068 
48 914112 
49 933156 
50 952200 
51 971244 
52 990288 
53 1009332 
54 1028376 
55 1047420 
56 1066464 
57 1085508 
58 1104552 
59 1123596 
60 1142640 
61 1161684 
62 1180728 
63 1199772 
64 1218816 
65 1237860 
66 1256904 
67 1275948 
68 1294992 
69 1314036 
70 1333080 
71 1352124 
72 1371168 
73 1390212 
74 1409256 
75 1428300 
76 1447344 
77 1466388 
78 1485432 
79 1504476 
80 1523520 
81 1542564 
82 1561608 
83 1580652 
84 1599696 
85 1618740 
86 1637784 
87 1656828 
88 1675872 
89 1694916 
90 1713960 
91 1733004 
92 1752048 
93 1771092 
94 1790136 
95 1809180 
96 1828224 
97 1847268 
98 1866312 
99 1885356 
100 1904400 
101 1923444 
102 1942488 
103 1961532 
104 1980576 
105 1999620 
106 2018664 
107 2037708 
108 2056752 
109 2075796 
110 2094840 
111 2113884 
112 2132928 
113 2151972 
114 2171016 
115 2190060 
116 2209104 
117 2228148 
118 2247192 
119 2266236 
120 2285280 
121 2304324 
122 2323368 
123 2342412 
124 2361456 
125 2380500 
126 2399544 
127 2418588 
128 2437632 
129 2456676 
130 2475720 
131 2494764 
132 2513808 
133 2532852 
134 2551896 
135 2570940 
136 2589984 
137 2609028 
138 2628072 
