125 1953125
1 15625 
2 31250 
3 46875 
4 62500 
5 78125 
6 93750 
7 109375 
8 125000 
9 140625 
10 156250 
11 171875 
12 187500 
13 203125 
14 218750 
15 234375 
16 250000 
17 265625 
18 281250 
19 296875 
20 312500 
21 328125 
22 343750 
23 359375 
24 375000 
25 390625 
26 406250 
27 421875 
28 437500 
29 453125 
30 468750 
31 484375 
32 500000 
33 515625 
34 531250 
35 546875 
36 562500 
37 578125 
38 593750 
39 609375 
40 625000 
41 640625 
42 656250 
43 671875 
44 687500 
45 703125 
46 718750 
47 734375 
48 750000 
49 765625 
50 781250 
51 796875 
52 812500 
53 828125 
54 843750 
55 859375 
56 875000 
57 890625 
58 906250 
59 921875 
60 937500 
61 953125 
62 968750 
63 984375 
64 1000000 
65 1015625 
66 1031250 
67 1046875 
68 1062500 
69 1078125 
70 1093750 
71 1109375 
72 1125000 
73 1140625 
74 1156250 
75 1171875 
76 1187500 
77 1203125 
78 1218750 
79 1234375 
80 1250000 
81 1265625 
82 1281250 
83 1296875 
84 1312500 
85 1328125 
86 1343750 
87 1359375 
88 1375000 
89 1390625 
90 1406250 
91 1421875 
92 1437500 
93 1453125 
94 1468750 
95 1484375 
96 1500000 
97 1515625 
98 1531250 
99 1546875 
100 1562500 
101 1578125 
102 1593750 
103 1609375 
104 1625000 
105 1640625 
106 1656250 
107 1671875 
108 1687500 
109 1703125 
110 1718750 
111 1734375 
112 1750000 
113 1765625 
114 1781250 
115 1796875 
116 1812500 
117 1828125 
118 1843750 
119 1859375 
120 1875000 
121 1890625 
122 1906250 
123 1921875 
124 1937500 
125 1953125 
