64 4096
1 16384 
1 45056 
1 131072 
3456 221184 
2304 147456 
1 102400 
1 126976 
2816 180224 
1 32768 
1 69632 
2368 151552 
1 49152 
3008 192512 
1 81920 
1 118784 
1 20480 
1 40960 
3392 217088 
3136 200704 
3904 249856 
1 28672 
3776 241664 
3520 225280 
1 53248 
1 24576 
2752 176128 
2112 135168 
3584 229376 
1 65536 
3648 233472 
1 110592 
2432 155648 
2880 184320 
3968 253952 
1 8192 
4096 262144 
1 73728 
1 57344 
3840 245760 
3264 208896 
3200 204800 
1 86016 
1 94208 
2240 143360 
3328 212992 
1 98304 
2624 167936 
1 61440 
1 4096 
3712 237568 
1 77824 
1 36864 
3072 196608 
1 106496 
4032 258048 
2176 139264 
2560 163840 
1 122880 
2688 172032 
1 12288 
2944 188416 
1 90112 
2496 159744 
1 114688 
