136 18496
1 943296 
1 721344 
1886592 1886592 
1 1220736 
1 1165248 
1 462400 
1 647360 
1 314432 
1812608 1812608 
1313216 1313216 
2275008 2275008 
1 425408 
1516672 1516672 
1 240448 
1 110976 
1 203456 
1923584 1923584 
1 906304 
2238016 2238016 
1368704 1368704 
1664640 1664640 
1 591872 
1498176 1498176 
2367488 2367488 
2441472 2441472 
1442688 1442688 
1 55488 
2108544 2108544 
1 73984 
2127040 2127040 
1 961792 
2478464 2478464 
1979072 1979072 
1424192 1424192 
1 443904 
2459968 2459968 
1294720 1294720 
1 554880 
2071552 2071552 
1 499392 
1 628864 
2385984 2385984 
1 351424 
1 1091264 
1 1202240 
1 1054272 
1 702848 
1 832320 
1 1183744 
2312000 2312000 
1 166464 
1 332928 
1 295936 
1461184 1461184 
1350208 1350208 
1 684352 
2422976 2422976 
2053056 2053056 
1 813824 
1720128 1720128 
1535168 1535168 
2182528 2182528 
1331712 1331712 
1 1035776 
1 1017280 
1 980288 
1997568 1997568 
1553664 1553664 
1 480896 
1609152 1609152 
2016064 2016064 
1 258944 
1905088 1905088 
1479680 1479680 
1794112 1794112 
1276224 1276224 
1 739840 
1 277440 
1 147968 
1387200 1387200 
2219520 2219520 
1868096 1868096 
2404480 2404480 
2201024 2201024 
1 795328 
1 388416 
2330496 2330496 
1 573376 
1701632 1701632 
1 92480 
1 998784 
2256512 2256512 
1942080 1942080 
1646144 1646144 
1 1109760 
1 536384 
1 1239232 
1590656 1590656 
2293504 2293504 
1 369920 
2515456 2515456 
1 1072768 
1 517888 
1 887808 
1 665856 
1 850816 
1572160 1572160 
2496960 2496960 
1738624 1738624 
2145536 2145536 
2348992 2348992 
1 1257728 
1 610368 
1775616 1775616 
2164032 2164032 
1 184960 
1960576 1960576 
2090048 2090048 
1757120 1757120 
1405696 1405696 
1 1146752 
1849600 1849600 
1 924800 
1683136 1683136 
1 18496 
1 36992 
1 221952 
1 758336 
1 869312 
2034560 2034560 
1831104 1831104 
1 776832 
1 406912 
1 129472 
1 1128256 
1627648 1627648 
