184 33856
5823232 5823232 
1 2877760 
1 101568 
4367424 4367424 
1 2945472 
6195648 6195648 
1 3114752 
5315392 5315392 
5586240 5586240 
1 2742336 
3284032 3284032 
1 2099072 
1 440128 
6094080 6094080 
3758016 3758016 
5721664 5721664 
1 1151104 
4570560 4570560 
4672128 4672128 
1 2979328 
3351744 3351744 
1 609408 
5349248 5349248 
1 1557376 
1 338560 
1 2640768 
1 2843904 
4468992 4468992 
1 880256 
4435136 4435136 
5179968 5179968 
5687808 5687808 
4299712 4299712 
1 2606912 
4164288 4164288 
3148608 3148608 
4976832 4976832 
1 1625088 
1 2065216 
1 1252672 
4232000 4232000 
3995008 3995008 
6127936 6127936 
1 981824 
1 2674624 
4028864 4028864 
1 710976 
6026368 6026368 
1 1828224 
1 1354240 
1 304704 
5044544 5044544 
3656448 3656448 
5247680 5247680 
3791872 3791872 
1 2708480 
3724160 3724160 
4401280 4401280 
1 169280 
3927296 3927296 
1 744832 
1 203136 
3419456 3419456 
1 2437632 
1 2302208 
5416960 5416960 
1 778688 
3893440 3893440 
4333568 4333568 
1 372416 
3317888 3317888 
3250176 3250176 
5890944 5890944 
5653952 5653952 
3825728 3825728 
1 1929792 
1 846400 
5078400 5078400 
1 2505344 
1 2911616 
3182464 3182464 
1 1726656 
1 1218816 
5146112 5146112 
1 1083392 
3385600 3385600 
5484672 5484672 
1 270848 
3622592 3622592 
3521024 3521024 
1 1760512 
3690304 3690304 
1 2810048 
1 507840 
4604416 4604416 
4638272 4638272 
1 1388096 
6161792 6161792 
1 2268352 
4875264 4875264 
4773696 4773696 
1 1049536 
5857088 5857088 
5383104 5383104 
1 1692800 
1 1963648 
1 473984 
1 1421952 
1 2234496 
4502848 4502848 
1 1997504 
5213824 5213824 
1 1184960 
1 1895936 
4096576 4096576 
5010688 5010688 
1 2336064 
3487168 3487168 
3453312 3453312 
1 236992 
1 1286528 
5518528 5518528 
4536704 4536704 
5620096 5620096 
1 1658944 
1 2369920 
1 1117248 
3859584 3859584 
1 575552 
1 135424 
1 1489664 
3554880 3554880 
1 33856 
6229504 6229504 
3588736 3588736 
5924800 5924800 
1 1015680 
1 2471488 
1 1591232 
4062720 4062720 
1 947968 
4705984 4705984 
5450816 5450816 
1 2200640 
1 1794368 
1 677120 
6060224 6060224 
5112256 5112256 
4130432 4130432 
1 2031360 
1 1862080 
1 914112 
4198144 4198144 
1 2573056 
1 2132928 
1 2403776 
5281536 5281536 
1 406272 
1 2776192 
1 2166784 
3961152 3961152 
4909120 4909120 
5992512 5992512 
1 1455808 
4942976 4942976 
1 1320384 
1 3047040 
1 3080896 
5958656 5958656 
1 3013184 
3216320 3216320 
1 1523520 
5789376 5789376 
1 812544 
4807552 4807552 
1 541696 
5755520 5755520 
4841408 4841408 
4739840 4739840 
4265856 4265856 
1 67712 
1 2539200 
1 643264 
5552384 5552384 
