131 2248091
1 17161 
2 34322 
3 51483 
4 68644 
5 85805 
6 102966 
7 120127 
8 137288 
9 154449 
10 171610 
11 188771 
12 205932 
13 223093 
14 240254 
15 257415 
16 274576 
17 291737 
18 308898 
19 326059 
20 343220 
21 360381 
22 377542 
23 394703 
24 411864 
25 429025 
26 446186 
27 463347 
28 480508 
29 497669 
30 514830 
31 531991 
32 549152 
33 566313 
34 583474 
35 600635 
36 617796 
37 634957 
38 652118 
39 669279 
40 686440 
41 703601 
42 720762 
43 737923 
44 755084 
45 772245 
46 789406 
47 806567 
48 823728 
49 840889 
50 858050 
51 875211 
52 892372 
53 909533 
54 926694 
55 943855 
56 961016 
57 978177 
58 995338 
59 1012499 
60 1029660 
61 1046821 
62 1063982 
63 1081143 
64 1098304 
65 1115465 
66 1132626 
67 1149787 
68 1166948 
69 1184109 
70 1201270 
71 1218431 
72 1235592 
73 1252753 
74 1269914 
75 1287075 
76 1304236 
77 1321397 
78 1338558 
79 1355719 
80 1372880 
81 1390041 
82 1407202 
83 1424363 
84 1441524 
85 1458685 
86 1475846 
87 1493007 
88 1510168 
89 1527329 
90 1544490 
91 1561651 
92 1578812 
93 1595973 
94 1613134 
95 1630295 
96 1647456 
97 1664617 
98 1681778 
99 1698939 
100 1716100 
101 1733261 
102 1750422 
103 1767583 
104 1784744 
105 1801905 
106 1819066 
107 1836227 
108 1853388 
109 1870549 
110 1887710 
111 1904871 
112 1922032 
113 1939193 
114 1956354 
115 1973515 
116 1990676 
117 2007837 
118 2024998 
119 2042159 
120 2059320 
121 2076481 
122 2093642 
123 2110803 
124 2127964 
125 2145125 
126 2162286 
127 2179447 
128 2196608 
129 2213769 
130 2230930 
131 2248091 
