155 3723875
1 24025 
2 48050 
3 72075 
4 96100 
5 120125 
6 144150 
7 168175 
8 192200 
9 216225 
10 240250 
11 264275 
12 288300 
13 312325 
14 336350 
15 360375 
16 384400 
17 408425 
18 432450 
19 456475 
20 480500 
21 504525 
22 528550 
23 552575 
24 576600 
25 600625 
26 624650 
27 648675 
28 672700 
29 696725 
30 720750 
31 744775 
32 768800 
33 792825 
34 816850 
35 840875 
36 864900 
37 888925 
38 912950 
39 936975 
40 961000 
41 985025 
42 1009050 
43 1033075 
44 1057100 
45 1081125 
46 1105150 
47 1129175 
48 1153200 
49 1177225 
50 1201250 
51 1225275 
52 1249300 
53 1273325 
54 1297350 
55 1321375 
56 1345400 
57 1369425 
58 1393450 
59 1417475 
60 1441500 
61 1465525 
62 1489550 
63 1513575 
64 1537600 
65 1561625 
66 1585650 
67 1609675 
68 1633700 
69 1657725 
70 1681750 
71 1705775 
72 1729800 
73 1753825 
74 1777850 
75 1801875 
76 1825900 
77 1849925 
78 1873950 
79 1897975 
80 1922000 
81 1946025 
82 1970050 
83 1994075 
84 2018100 
85 2042125 
86 2066150 
87 2090175 
88 2114200 
89 2138225 
90 2162250 
91 2186275 
92 2210300 
93 2234325 
94 2258350 
95 2282375 
96 2306400 
97 2330425 
98 2354450 
99 2378475 
100 2402500 
101 2426525 
102 2450550 
103 2474575 
104 2498600 
105 2522625 
106 2546650 
107 2570675 
108 2594700 
109 2618725 
110 2642750 
111 2666775 
112 2690800 
113 2714825 
114 2738850 
115 2762875 
116 2786900 
117 2810925 
118 2834950 
119 2858975 
120 2883000 
121 2907025 
122 2931050 
123 2955075 
124 2979100 
125 3003125 
126 3027150 
127 3051175 
128 3075200 
129 3099225 
130 3123250 
131 3147275 
132 3171300 
133 3195325 
134 3219350 
135 3243375 
136 3267400 
137 3291425 
138 3315450 
139 3339475 
140 3363500 
141 3387525 
142 3411550 
143 3435575 
144 3459600 
145 3483625 
146 3507650 
147 3531675 
148 3555700 
149 3579725 
150 3603750 
151 3627775 
152 3651800 
153 3675825 
154 3699850 
155 3723875 
