72 373248
1 5184 
2 10368 
3 15552 
4 20736 
5 25920 
6 31104 
7 36288 
8 41472 
9 46656 
10 51840 
11 57024 
12 62208 
13 67392 
14 72576 
15 77760 
16 82944 
17 88128 
18 93312 
19 98496 
20 103680 
21 108864 
22 114048 
23 119232 
24 124416 
25 129600 
26 134784 
27 139968 
28 145152 
29 150336 
30 155520 
31 160704 
32 165888 
33 171072 
34 176256 
35 181440 
36 186624 
37 191808 
38 196992 
39 202176 
40 207360 
41 212544 
42 217728 
43 222912 
44 228096 
45 233280 
46 238464 
47 243648 
48 248832 
49 254016 
50 259200 
51 264384 
52 269568 
53 274752 
54 279936 
55 285120 
56 290304 
57 295488 
58 300672 
59 305856 
60 311040 
61 316224 
62 321408 
63 326592 
64 331776 
65 336960 
66 342144 
67 347328 
68 352512 
69 357696 
70 362880 
71 368064 
72 373248 
