190 6859000
1 36100 
2 72200 
3 108300 
4 144400 
5 180500 
6 216600 
7 252700 
8 288800 
9 324900 
10 361000 
11 397100 
12 433200 
13 469300 
14 505400 
15 541500 
16 577600 
17 613700 
18 649800 
19 685900 
20 722000 
21 758100 
22 794200 
23 830300 
24 866400 
25 902500 
26 938600 
27 974700 
28 1010800 
29 1046900 
30 1083000 
31 1119100 
32 1155200 
33 1191300 
34 1227400 
35 1263500 
36 1299600 
37 1335700 
38 1371800 
39 1407900 
40 1444000 
41 1480100 
42 1516200 
43 1552300 
44 1588400 
45 1624500 
46 1660600 
47 1696700 
48 1732800 
49 1768900 
50 1805000 
51 1841100 
52 1877200 
53 1913300 
54 1949400 
55 1985500 
56 2021600 
57 2057700 
58 2093800 
59 2129900 
60 2166000 
61 2202100 
62 2238200 
63 2274300 
64 2310400 
65 2346500 
66 2382600 
67 2418700 
68 2454800 
69 2490900 
70 2527000 
71 2563100 
72 2599200 
73 2635300 
74 2671400 
75 2707500 
76 2743600 
77 2779700 
78 2815800 
79 2851900 
80 2888000 
81 2924100 
82 2960200 
83 2996300 
84 3032400 
85 3068500 
86 3104600 
87 3140700 
88 3176800 
89 3212900 
90 3249000 
91 3285100 
92 3321200 
93 3357300 
94 3393400 
95 3429500 
96 3465600 
97 3501700 
98 3537800 
99 3573900 
100 3610000 
101 3646100 
102 3682200 
103 3718300 
104 3754400 
105 3790500 
106 3826600 
107 3862700 
108 3898800 
109 3934900 
110 3971000 
111 4007100 
112 4043200 
113 4079300 
114 4115400 
115 4151500 
116 4187600 
117 4223700 
118 4259800 
119 4295900 
120 4332000 
121 4368100 
122 4404200 
123 4440300 
124 4476400 
125 4512500 
126 4548600 
127 4584700 
128 4620800 
129 4656900 
130 4693000 
131 4729100 
132 4765200 
133 4801300 
134 4837400 
135 4873500 
136 4909600 
137 4945700 
138 4981800 
139 5017900 
140 5054000 
141 5090100 
142 5126200 
143 5162300 
144 5198400 
145 5234500 
146 5270600 
147 5306700 
148 5342800 
149 5378900 
150 5415000 
151 5451100 
152 5487200 
153 5523300 
154 5559400 
155 5595500 
156 5631600 
157 5667700 
158 5703800 
159 5739900 
160 5776000 
161 5812100 
162 5848200 
163 5884300 
164 5920400 
165 5956500 
166 5992600 
167 6028700 
168 6064800 
169 6100900 
170 6137000 
171 6173100 
172 6209200 
173 6245300 
174 6281400 
175 6317500 
176 6353600 
177 6389700 
178 6425800 
179 6461900 
180 6498000 
181 6534100 
182 6570200 
183 6606300 
184 6642400 
185 6678500 
186 6714600 
187 6750700 
188 6786800 
189 6822900 
190 6859000 
