79 493039
1 6241 
2 12482 
3 18723 
4 24964 
5 31205 
6 37446 
7 43687 
8 49928 
9 56169 
10 62410 
11 68651 
12 74892 
13 81133 
14 87374 
15 93615 
16 99856 
17 106097 
18 112338 
19 118579 
20 124820 
21 131061 
22 137302 
23 143543 
24 149784 
25 156025 
26 162266 
27 168507 
28 174748 
29 180989 
30 187230 
31 193471 
32 199712 
33 205953 
34 212194 
35 218435 
36 224676 
37 230917 
38 237158 
39 243399 
40 249640 
41 255881 
42 262122 
43 268363 
44 274604 
45 280845 
46 287086 
47 293327 
48 299568 
49 305809 
50 312050 
51 318291 
52 324532 
53 330773 
54 337014 
55 343255 
56 349496 
57 355737 
58 361978 
59 368219 
60 374460 
61 380701 
62 386942 
63 393183 
64 399424 
65 405665 
66 411906 
67 418147 
68 424388 
69 430629 
70 436870 
71 443111 
72 449352 
73 455593 
74 461834 
75 468075 
76 474316 
77 480557 
78 486798 
79 493039 
