135 18225
1 1184625 
1 255150 
1 1111725 
1439775 1439775 
2132325 2132325 
1 200475 
1366875 1366875 
1 492075 
2095875 2095875 
1 783675 
1658475 1658475 
1 984150 
1512675 1512675 
2223450 2223450 
1 291600 
1 1020600 
1 309825 
1257525 1257525 
1 473850 
1 145800 
1 710775 
1950075 1950075 
1 1075275 
1913625 1913625 
1822500 1822500 
1840725 1840725 
1 1002375 
1421550 1421550 
1239300 1239300 
2041200 2041200 
1 893025 
1 1038825 
1 382725 
1 1057050 
1 583200 
2278125 2278125 
1458000 1458000 
1749600 1749600 
1 1166400 
1968300 1968300 
1 1202850 
1 1221075 
1 91125 
2442150 2442150 
1 328050 
2387475 2387475 
1 164025 
1 528525 
2405700 2405700 
1694925 1694925 
1 218700 
1 546750 
2351025 2351025 
1 601425 
1986525 1986525 
1567350 1567350 
1 346275 
1 236925 
1385100 1385100 
1530900 1530900 
1494450 1494450 
1 182250 
2259900 2259900 
1 127575 
2004750 2004750 
1 637875 
2241675 2241675 
1 729000 
1 54675 
1804275 1804275 
1858950 1858950 
1931850 1931850 
1 747225 
1877175 1877175 
1 856575 
1 510300 
1895400 1895400 
1549125 1549125 
1 1093500 
1 929475 
2168775 2168775 
1 911250 
1 820125 
1 109350 
2369250 2369250 
1 72900 
2423925 2423925 
1 619650 
1 765450 
1 965925 
1622025 1622025 
1 18225 
1330425 1330425 
1 801900 
2187000 2187000 
1 1129950 
1 400950 
1713150 1713150 
1 437400 
1 692550 
1312200 1312200 
1640250 1640250 
1403325 1403325 
1 364500 
2022975 2022975 
2332800 2332800 
1603800 1603800 
1 674325 
1476225 1476225 
1348650 1348650 
2114100 2114100 
2059425 2059425 
1 874800 
1 1148175 
1786050 1786050 
1293975 1293975 
2460375 2460375 
1275750 1275750 
1 564975 
1 947700 
1 36450 
1 419175 
2205225 2205225 
2077650 2077650 
2150550 2150550 
1 656100 
2296350 2296350 
1 455625 
1731375 1731375 
2314575 2314575 
1676700 1676700 
1585575 1585575 
1 838350 
1 273375 
1767825 1767825 
