70 4900
1 93100 
249900 249900 
1 44100 
279300 279300 
1 49000 
1 19600 
196000 196000 
186200 186200 
1 4900 
1 73500 
328300 328300 
220500 220500 
294000 294000 
1 102900 
1 58800 
264600 264600 
333200 333200 
343000 343000 
1 83300 
1 171500 
1 151900 
323400 323400 
235200 235200 
1 161700 
308700 308700 
1 156800 
269500 269500 
230300 230300 
1 63700 
176400 176400 
303800 303800 
259700 259700 
313600 313600 
1 34300 
225400 225400 
1 127400 
1 147000 
1 112700 
1 132300 
1 14700 
318500 318500 
1 107800 
284200 284200 
1 142100 
1 117600 
1 9800 
289100 289100 
210700 210700 
254800 254800 
1 78400 
1 137200 
1 122500 
1 29400 
191100 191100 
1 24500 
1 166600 
181300 181300 
245000 245000 
200900 200900 
215600 215600 
1 39200 
205800 205800 
1 98000 
1 88200 
1 68600 
240100 240100 
274400 274400 
1 53900 
298900 298900 
338100 338100 
