65 4225
266175 266175 
1 101400 
1 71825 
143650 143650 
270400 270400 
147875 147875 
1 105625 
202800 202800 
1 80275 
1 130975 
1 84500 
173225 173225 
1 46475 
1 67600 
236600 236600 
164775 164775 
194350 194350 
1 4225 
274625 274625 
1 114075 
1 38025 
169000 169000 
232375 232375 
1 122525 
215475 215475 
1 118300 
139425 139425 
211250 211250 
1 25350 
1 97175 
261950 261950 
245050 245050 
253500 253500 
156325 156325 
228150 228150 
249275 249275 
1 54925 
1 42250 
160550 160550 
240825 240825 
257725 257725 
1 88725 
185900 185900 
1 76050 
1 50700 
1 21125 
1 16900 
1 12675 
181675 181675 
1 126750 
1 59150 
219700 219700 
1 29575 
207025 207025 
1 92950 
1 33800 
177450 177450 
1 63375 
190125 190125 
1 135200 
152100 152100 
198575 198575 
1 109850 
1 8450 
223925 223925 
