47 2209
1 11045 
1 41971 
1739 81733 
1 19881 
1 26508 
1 22090 
1175 55225 
2209 103823 
1410 66270 
1 39762 
1 35344 
1 4418 
1 33135 
2115 99405 
1645 77315 
1 15463 
1363 64061 
1 50807 
1 48598 
1 6627 
2162 101614 
1786 83942 
1 30926 
1833 86151 
1 24299 
1880 88360 
1 8836 
1504 70688 
1222 57434 
1 13254 
1457 68479 
1927 90569 
2068 97196 
1 28717 
1974 92778 
1692 79524 
1128 53016 
1 37553 
1269 59643 
1 44180 
1 2209 
1316 61852 
1598 75106 
1 17672 
2021 94987 
1 46389 
1551 72897 
