78 474552
1 6084 
2 12168 
3 18252 
4 24336 
5 30420 
6 36504 
7 42588 
8 48672 
9 54756 
10 60840 
11 66924 
12 73008 
13 79092 
14 85176 
15 91260 
16 97344 
17 103428 
18 109512 
19 115596 
20 121680 
21 127764 
22 133848 
23 139932 
24 146016 
25 152100 
26 158184 
27 164268 
28 170352 
29 176436 
30 182520 
31 188604 
32 194688 
33 200772 
34 206856 
35 212940 
36 219024 
37 225108 
38 231192 
39 237276 
40 243360 
41 249444 
42 255528 
43 261612 
44 267696 
45 273780 
46 279864 
47 285948 
48 292032 
49 298116 
50 304200 
51 310284 
52 316368 
53 322452 
54 328536 
55 334620 
56 340704 
57 346788 
58 352872 
59 358956 
60 365040 
61 371124 
62 377208 
63 383292 
64 389376 
65 395460 
66 401544 
67 407628 
68 413712 
69 419796 
70 425880 
71 431964 
72 438048 
73 444132 
74 450216 
75 456300 
76 462384 
77 468468 
78 474552 
