71 5041
216763 216763 
1 10082 
272214 272214 
226845 226845 
302460 302460 
1 25205 
1 120984 
1 131066 
1 20164 
1 50410 
1 90738 
1 151230 
1 15123 
267173 267173 
297419 297419 
247009 247009 
1 156271 
1 146189 
231886 231886 
327665 327665 
342788 342788 
252050 252050 
1 70574 
1 166353 
357911 357911 
1 75615 
186517 186517 
1 141148 
332706 332706 
1 30246 
1 40328 
181476 181476 
1 95779 
196599 196599 
317583 317583 
1 80656 
307501 307501 
1 45369 
206681 206681 
1 100820 
312542 312542 
282296 282296 
1 176435 
1 105861 
1 115943 
292378 292378 
1 55451 
1 110902 
1 171394 
241968 241968 
201640 201640 
211722 211722 
287337 287337 
1 136107 
322624 322624 
257091 257091 
1 85697 
1 161312 
277255 277255 
1 5041 
1 60492 
221804 221804 
191558 191558 
337747 337747 
347829 347829 
236927 236927 
1 35287 
1 65533 
262132 262132 
1 126025 
352870 352870 
