48 2304
1824 87552 
2304 110592 
1 16128 
1296 62208 
1248 59904 
1 20736 
1 18432 
1 11520 
1 23040 
1872 89856 
1 29952 
1488 71424 
1 13824 
1 41472 
2256 108288 
1 36864 
1920 92160 
1 39168 
2064 99072 
1 6912 
1680 80640 
2208 105984 
1 55296 
1728 82944 
1 46080 
2016 96768 
1392 66816 
1200 57600 
1 2304 
1 52992 
1968 94464 
1 4608 
1632 78336 
2160 103680 
2112 101376 
1 27648 
1344 64512 
1776 85248 
1 32256 
1536 73728 
1 43776 
1 48384 
1 25344 
1 50688 
1584 76032 
1 9216 
1440 69120 
1 34560 
