138 138
138 1 
276 2 
414 3 
552 4 
690 5 
828 6 
966 7 
1104 8 
1242 9 
1380 10 
1518 11 
1656 12 
1794 13 
1932 14 
2070 15 
2208 16 
2346 17 
2484 18 
2622 19 
2760 20 
2898 21 
3036 22 
3174 23 
3312 24 
3450 25 
3588 26 
3726 27 
3864 28 
4002 29 
4140 30 
4278 31 
4416 32 
4554 33 
4692 34 
4830 35 
4968 36 
5106 37 
5244 38 
5382 39 
5520 40 
5658 41 
5796 42 
5934 43 
6072 44 
6210 45 
6348 46 
6486 47 
6624 48 
6762 49 
6900 50 
7038 51 
7176 52 
7314 53 
7452 54 
7590 55 
7728 56 
7866 57 
8004 58 
8142 59 
8280 60 
8418 61 
8556 62 
8694 63 
8832 64 
8970 65 
9108 66 
9246 67 
9384 68 
9522 69 
9660 70 
9798 71 
9936 72 
10074 73 
10212 74 
10350 75 
10488 76 
10626 77 
10764 78 
10902 79 
11040 80 
11178 81 
11316 82 
11454 83 
11592 84 
11730 85 
11868 86 
12006 87 
12144 88 
12282 89 
12420 90 
12558 91 
12696 92 
12834 93 
12972 94 
13110 95 
13248 96 
13386 97 
13524 98 
13662 99 
13800 100 
13938 101 
14076 102 
14214 103 
14352 104 
14490 105 
14628 106 
14766 107 
14904 108 
15042 109 
15180 110 
15318 111 
15456 112 
15594 113 
15732 114 
15870 115 
16008 116 
16146 117 
16284 118 
16422 119 
16560 120 
16698 121 
16836 122 
16974 123 
17112 124 
17250 125 
17388 126 
17526 127 
17664 128 
17802 129 
17940 130 
18078 131 
18216 132 
18354 133 
18492 134 
18630 135 
18768 136 
18906 137 
19044 138 
