73 73
73 1 
146 2 
219 3 
292 4 
365 5 
438 6 
511 7 
584 8 
657 9 
730 10 
803 11 
876 12 
949 13 
1022 14 
1095 15 
1168 16 
1241 17 
1314 18 
1387 19 
1460 20 
1533 21 
1606 22 
1679 23 
1752 24 
1825 25 
1898 26 
1971 27 
2044 28 
2117 29 
2190 30 
2263 31 
2336 32 
2409 33 
2482 34 
2555 35 
2628 36 
2701 37 
2774 38 
2847 39 
2920 40 
2993 41 
3066 42 
3139 43 
3212 44 
3285 45 
3358 46 
3431 47 
3504 48 
3577 49 
3650 50 
3723 51 
3796 52 
3869 53 
3942 54 
4015 55 
4088 56 
4161 57 
4234 58 
4307 59 
4380 60 
4453 61 
4526 62 
4599 63 
4672 64 
4745 65 
4818 66 
4891 67 
4964 68 
5037 69 
5110 70 
5183 71 
5256 72 
5329 73 
