75 75
75 1 
150 2 
225 3 
300 4 
375 5 
450 6 
525 7 
600 8 
675 9 
750 10 
825 11 
900 12 
975 13 
1050 14 
1125 15 
1200 16 
1275 17 
1350 18 
1425 19 
1500 20 
1575 21 
1650 22 
1725 23 
1800 24 
1875 25 
1950 26 
2025 27 
2100 28 
2175 29 
2250 30 
2325 31 
2400 32 
2475 33 
2550 34 
2625 35 
2700 36 
2775 37 
2850 38 
2925 39 
3000 40 
3075 41 
3150 42 
3225 43 
3300 44 
3375 45 
3450 46 
3525 47 
3600 48 
3675 49 
3750 50 
3825 51 
3900 52 
3975 53 
4050 54 
4125 55 
4200 56 
4275 57 
4350 58 
4425 59 
4500 60 
4575 61 
4650 62 
4725 63 
4800 64 
4875 65 
4950 66 
5025 67 
5100 68 
5175 69 
5250 70 
5325 71 
5400 72 
5475 73 
5550 74 
5625 75 
