111 111
111 1 
222 2 
333 3 
444 4 
555 5 
666 6 
777 7 
888 8 
999 9 
1110 10 
1221 11 
1332 12 
1443 13 
1554 14 
1665 15 
1776 16 
1887 17 
1998 18 
2109 19 
2220 20 
2331 21 
2442 22 
2553 23 
2664 24 
2775 25 
2886 26 
2997 27 
3108 28 
3219 29 
3330 30 
3441 31 
3552 32 
3663 33 
3774 34 
3885 35 
3996 36 
4107 37 
4218 38 
4329 39 
4440 40 
4551 41 
4662 42 
4773 43 
4884 44 
4995 45 
5106 46 
5217 47 
5328 48 
5439 49 
5550 50 
5661 51 
5772 52 
5883 53 
5994 54 
6105 55 
6216 56 
6327 57 
6438 58 
6549 59 
6660 60 
6771 61 
6882 62 
6993 63 
7104 64 
7215 65 
7326 66 
7437 67 
7548 68 
7659 69 
7770 70 
7881 71 
7992 72 
8103 73 
8214 74 
8325 75 
8436 76 
8547 77 
8658 78 
8769 79 
8880 80 
8991 81 
9102 82 
9213 83 
9324 84 
9435 85 
9546 86 
9657 87 
9768 88 
9879 89 
9990 90 
10101 91 
10212 92 
10323 93 
10434 94 
10545 95 
10656 96 
10767 97 
10878 98 
10989 99 
11100 100 
11211 101 
11322 102 
11433 103 
11544 104 
11655 105 
11766 106 
11877 107 
11988 108 
12099 109 
12210 110 
12321 111 
