90 90
90 1 
180 2 
270 3 
360 4 
450 5 
540 6 
630 7 
720 8 
810 9 
900 10 
990 11 
1080 12 
1170 13 
1260 14 
1350 15 
1440 16 
1530 17 
1620 18 
1710 19 
1800 20 
1890 21 
1980 22 
2070 23 
2160 24 
2250 25 
2340 26 
2430 27 
2520 28 
2610 29 
2700 30 
2790 31 
2880 32 
2970 33 
3060 34 
3150 35 
3240 36 
3330 37 
3420 38 
3510 39 
3600 40 
3690 41 
3780 42 
3870 43 
3960 44 
4050 45 
4140 46 
4230 47 
4320 48 
4410 49 
4500 50 
4590 51 
4680 52 
4770 53 
4860 54 
4950 55 
5040 56 
5130 57 
5220 58 
5310 59 
5400 60 
5490 61 
5580 62 
5670 63 
5760 64 
5850 65 
5940 66 
6030 67 
6120 68 
6210 69 
6300 70 
6390 71 
6480 72 
6570 73 
6660 74 
6750 75 
6840 76 
6930 77 
7020 78 
7110 79 
7200 80 
7290 81 
7380 82 
7470 83 
7560 84 
7650 85 
7740 86 
7830 87 
7920 88 
8010 89 
8100 90 
