163 163
163 1 
326 2 
489 3 
652 4 
815 5 
978 6 
1141 7 
1304 8 
1467 9 
1630 10 
1793 11 
1956 12 
2119 13 
2282 14 
2445 15 
2608 16 
2771 17 
2934 18 
3097 19 
3260 20 
3423 21 
3586 22 
3749 23 
3912 24 
4075 25 
4238 26 
4401 27 
4564 28 
4727 29 
4890 30 
5053 31 
5216 32 
5379 33 
5542 34 
5705 35 
5868 36 
6031 37 
6194 38 
6357 39 
6520 40 
6683 41 
6846 42 
7009 43 
7172 44 
7335 45 
7498 46 
7661 47 
7824 48 
7987 49 
8150 50 
8313 51 
8476 52 
8639 53 
8802 54 
8965 55 
9128 56 
9291 57 
9454 58 
9617 59 
9780 60 
9943 61 
10106 62 
10269 63 
10432 64 
10595 65 
10758 66 
10921 67 
11084 68 
11247 69 
11410 70 
11573 71 
11736 72 
11899 73 
12062 74 
12225 75 
12388 76 
12551 77 
12714 78 
12877 79 
13040 80 
13203 81 
13366 82 
13529 83 
13692 84 
13855 85 
14018 86 
14181 87 
14344 88 
14507 89 
14670 90 
14833 91 
14996 92 
15159 93 
15322 94 
15485 95 
15648 96 
15811 97 
15974 98 
16137 99 
16300 100 
16463 101 
16626 102 
16789 103 
16952 104 
17115 105 
17278 106 
17441 107 
17604 108 
17767 109 
17930 110 
18093 111 
18256 112 
18419 113 
18582 114 
18745 115 
18908 116 
19071 117 
19234 118 
19397 119 
19560 120 
19723 121 
19886 122 
20049 123 
20212 124 
20375 125 
20538 126 
20701 127 
20864 128 
21027 129 
21190 130 
21353 131 
21516 132 
21679 133 
21842 134 
22005 135 
22168 136 
22331 137 
22494 138 
22657 139 
22820 140 
22983 141 
23146 142 
23309 143 
23472 144 
23635 145 
23798 146 
23961 147 
24124 148 
24287 149 
24450 150 
24613 151 
24776 152 
24939 153 
25102 154 
25265 155 
25428 156 
25591 157 
25754 158 
25917 159 
26080 160 
26243 161 
26406 162 
26569 163 
