68 68
68 1 
136 2 
204 3 
272 4 
340 5 
408 6 
476 7 
544 8 
612 9 
680 10 
748 11 
816 12 
884 13 
952 14 
1020 15 
1088 16 
1156 17 
1224 18 
1292 19 
1360 20 
1428 21 
1496 22 
1564 23 
1632 24 
1700 25 
1768 26 
1836 27 
1904 28 
1972 29 
2040 30 
2108 31 
2176 32 
2244 33 
2312 34 
2380 35 
2448 36 
2516 37 
2584 38 
2652 39 
2720 40 
2788 41 
2856 42 
2924 43 
2992 44 
3060 45 
3128 46 
3196 47 
3264 48 
3332 49 
3400 50 
3468 51 
3536 52 
3604 53 
3672 54 
3740 55 
3808 56 
3876 57 
3944 58 
4012 59 
4080 60 
4148 61 
4216 62 
4284 63 
4352 64 
4420 65 
4488 66 
4556 67 
4624 68 
