176 176
176 1 
352 2 
528 3 
704 4 
880 5 
1056 6 
1232 7 
1408 8 
1584 9 
1760 10 
1936 11 
2112 12 
2288 13 
2464 14 
2640 15 
2816 16 
2992 17 
3168 18 
3344 19 
3520 20 
3696 21 
3872 22 
4048 23 
4224 24 
4400 25 
4576 26 
4752 27 
4928 28 
5104 29 
5280 30 
5456 31 
5632 32 
5808 33 
5984 34 
6160 35 
6336 36 
6512 37 
6688 38 
6864 39 
7040 40 
7216 41 
7392 42 
7568 43 
7744 44 
7920 45 
8096 46 
8272 47 
8448 48 
8624 49 
8800 50 
8976 51 
9152 52 
9328 53 
9504 54 
9680 55 
9856 56 
10032 57 
10208 58 
10384 59 
10560 60 
10736 61 
10912 62 
11088 63 
11264 64 
11440 65 
11616 66 
11792 67 
11968 68 
12144 69 
12320 70 
12496 71 
12672 72 
12848 73 
13024 74 
13200 75 
13376 76 
13552 77 
13728 78 
13904 79 
14080 80 
14256 81 
14432 82 
14608 83 
14784 84 
14960 85 
15136 86 
15312 87 
15488 88 
15664 89 
15840 90 
16016 91 
16192 92 
16368 93 
16544 94 
16720 95 
16896 96 
17072 97 
17248 98 
17424 99 
17600 100 
17776 101 
17952 102 
18128 103 
18304 104 
18480 105 
18656 106 
18832 107 
19008 108 
19184 109 
19360 110 
19536 111 
19712 112 
19888 113 
20064 114 
20240 115 
20416 116 
20592 117 
20768 118 
20944 119 
21120 120 
21296 121 
21472 122 
21648 123 
21824 124 
22000 125 
22176 126 
22352 127 
22528 128 
22704 129 
22880 130 
23056 131 
23232 132 
23408 133 
23584 134 
23760 135 
23936 136 
24112 137 
24288 138 
24464 139 
24640 140 
24816 141 
24992 142 
25168 143 
25344 144 
25520 145 
25696 146 
25872 147 
26048 148 
26224 149 
26400 150 
26576 151 
26752 152 
26928 153 
27104 154 
27280 155 
27456 156 
27632 157 
27808 158 
27984 159 
28160 160 
28336 161 
28512 162 
28688 163 
28864 164 
29040 165 
29216 166 
29392 167 
29568 168 
29744 169 
29920 170 
30096 171 
30272 172 
30448 173 
30624 174 
30800 175 
30976 176 
