112 112
112 1 
224 2 
336 3 
448 4 
560 5 
672 6 
784 7 
896 8 
1008 9 
1120 10 
1232 11 
1344 12 
1456 13 
1568 14 
1680 15 
1792 16 
1904 17 
2016 18 
2128 19 
2240 20 
2352 21 
2464 22 
2576 23 
2688 24 
2800 25 
2912 26 
3024 27 
3136 28 
3248 29 
3360 30 
3472 31 
3584 32 
3696 33 
3808 34 
3920 35 
4032 36 
4144 37 
4256 38 
4368 39 
4480 40 
4592 41 
4704 42 
4816 43 
4928 44 
5040 45 
5152 46 
5264 47 
5376 48 
5488 49 
5600 50 
5712 51 
5824 52 
5936 53 
6048 54 
6160 55 
6272 56 
6384 57 
6496 58 
6608 59 
6720 60 
6832 61 
6944 62 
7056 63 
7168 64 
7280 65 
7392 66 
7504 67 
7616 68 
7728 69 
7840 70 
7952 71 
8064 72 
8176 73 
8288 74 
8400 75 
8512 76 
8624 77 
8736 78 
8848 79 
8960 80 
9072 81 
9184 82 
9296 83 
9408 84 
9520 85 
9632 86 
9744 87 
9856 88 
9968 89 
10080 90 
10192 91 
10304 92 
10416 93 
10528 94 
10640 95 
10752 96 
10864 97 
10976 98 
11088 99 
11200 100 
11312 101 
11424 102 
11536 103 
11648 104 
11760 105 
11872 106 
11984 107 
12096 108 
12208 109 
12320 110 
12432 111 
12544 112 
