161 161
161 1 
322 2 
483 3 
644 4 
805 5 
966 6 
1127 7 
1288 8 
1449 9 
1610 10 
1771 11 
1932 12 
2093 13 
2254 14 
2415 15 
2576 16 
2737 17 
2898 18 
3059 19 
3220 20 
3381 21 
3542 22 
3703 23 
3864 24 
4025 25 
4186 26 
4347 27 
4508 28 
4669 29 
4830 30 
4991 31 
5152 32 
5313 33 
5474 34 
5635 35 
5796 36 
5957 37 
6118 38 
6279 39 
6440 40 
6601 41 
6762 42 
6923 43 
7084 44 
7245 45 
7406 46 
7567 47 
7728 48 
7889 49 
8050 50 
8211 51 
8372 52 
8533 53 
8694 54 
8855 55 
9016 56 
9177 57 
9338 58 
9499 59 
9660 60 
9821 61 
9982 62 
10143 63 
10304 64 
10465 65 
10626 66 
10787 67 
10948 68 
11109 69 
11270 70 
11431 71 
11592 72 
11753 73 
11914 74 
12075 75 
12236 76 
12397 77 
12558 78 
12719 79 
12880 80 
13041 81 
13202 82 
13363 83 
13524 84 
13685 85 
13846 86 
14007 87 
14168 88 
14329 89 
14490 90 
14651 91 
14812 92 
14973 93 
15134 94 
15295 95 
15456 96 
15617 97 
15778 98 
15939 99 
16100 100 
16261 101 
16422 102 
16583 103 
16744 104 
16905 105 
17066 106 
17227 107 
17388 108 
17549 109 
17710 110 
17871 111 
18032 112 
18193 113 
18354 114 
18515 115 
18676 116 
18837 117 
18998 118 
19159 119 
19320 120 
19481 121 
19642 122 
19803 123 
19964 124 
20125 125 
20286 126 
20447 127 
20608 128 
20769 129 
20930 130 
21091 131 
21252 132 
21413 133 
21574 134 
21735 135 
21896 136 
22057 137 
22218 138 
22379 139 
22540 140 
22701 141 
22862 142 
23023 143 
23184 144 
23345 145 
23506 146 
23667 147 
23828 148 
23989 149 
24150 150 
24311 151 
24472 152 
24633 153 
24794 154 
24955 155 
25116 156 
25277 157 
25438 158 
25599 159 
25760 160 
25921 161 
