173 173
173 1 
346 2 
519 3 
692 4 
865 5 
1038 6 
1211 7 
1384 8 
1557 9 
1730 10 
1903 11 
2076 12 
2249 13 
2422 14 
2595 15 
2768 16 
2941 17 
3114 18 
3287 19 
3460 20 
3633 21 
3806 22 
3979 23 
4152 24 
4325 25 
4498 26 
4671 27 
4844 28 
5017 29 
5190 30 
5363 31 
5536 32 
5709 33 
5882 34 
6055 35 
6228 36 
6401 37 
6574 38 
6747 39 
6920 40 
7093 41 
7266 42 
7439 43 
7612 44 
7785 45 
7958 46 
8131 47 
8304 48 
8477 49 
8650 50 
8823 51 
8996 52 
9169 53 
9342 54 
9515 55 
9688 56 
9861 57 
10034 58 
10207 59 
10380 60 
10553 61 
10726 62 
10899 63 
11072 64 
11245 65 
11418 66 
11591 67 
11764 68 
11937 69 
12110 70 
12283 71 
12456 72 
12629 73 
12802 74 
12975 75 
13148 76 
13321 77 
13494 78 
13667 79 
13840 80 
14013 81 
14186 82 
14359 83 
14532 84 
14705 85 
14878 86 
15051 87 
15224 88 
15397 89 
15570 90 
15743 91 
15916 92 
16089 93 
16262 94 
16435 95 
16608 96 
16781 97 
16954 98 
17127 99 
17300 100 
17473 101 
17646 102 
17819 103 
17992 104 
18165 105 
18338 106 
18511 107 
18684 108 
18857 109 
19030 110 
19203 111 
19376 112 
19549 113 
19722 114 
19895 115 
20068 116 
20241 117 
20414 118 
20587 119 
20760 120 
20933 121 
21106 122 
21279 123 
21452 124 
21625 125 
21798 126 
21971 127 
22144 128 
22317 129 
22490 130 
22663 131 
22836 132 
23009 133 
23182 134 
23355 135 
23528 136 
23701 137 
23874 138 
24047 139 
24220 140 
24393 141 
24566 142 
24739 143 
24912 144 
25085 145 
25258 146 
25431 147 
25604 148 
25777 149 
25950 150 
26123 151 
26296 152 
26469 153 
26642 154 
26815 155 
26988 156 
27161 157 
27334 158 
27507 159 
27680 160 
27853 161 
28026 162 
28199 163 
28372 164 
28545 165 
28718 166 
28891 167 
29064 168 
29237 169 
29410 170 
29583 171 
29756 172 
29929 173 
