142 142
142 1 
284 2 
426 3 
568 4 
710 5 
852 6 
994 7 
1136 8 
1278 9 
1420 10 
1562 11 
1704 12 
1846 13 
1988 14 
2130 15 
2272 16 
2414 17 
2556 18 
2698 19 
2840 20 
2982 21 
3124 22 
3266 23 
3408 24 
3550 25 
3692 26 
3834 27 
3976 28 
4118 29 
4260 30 
4402 31 
4544 32 
4686 33 
4828 34 
4970 35 
5112 36 
5254 37 
5396 38 
5538 39 
5680 40 
5822 41 
5964 42 
6106 43 
6248 44 
6390 45 
6532 46 
6674 47 
6816 48 
6958 49 
7100 50 
7242 51 
7384 52 
7526 53 
7668 54 
7810 55 
7952 56 
8094 57 
8236 58 
8378 59 
8520 60 
8662 61 
8804 62 
8946 63 
9088 64 
9230 65 
9372 66 
9514 67 
9656 68 
9798 69 
9940 70 
10082 71 
10224 72 
10366 73 
10508 74 
10650 75 
10792 76 
10934 77 
11076 78 
11218 79 
11360 80 
11502 81 
11644 82 
11786 83 
11928 84 
12070 85 
12212 86 
12354 87 
12496 88 
12638 89 
12780 90 
12922 91 
13064 92 
13206 93 
13348 94 
13490 95 
13632 96 
13774 97 
13916 98 
14058 99 
14200 100 
14342 101 
14484 102 
14626 103 
14768 104 
14910 105 
15052 106 
15194 107 
15336 108 
15478 109 
15620 110 
15762 111 
15904 112 
16046 113 
16188 114 
16330 115 
16472 116 
16614 117 
16756 118 
16898 119 
17040 120 
17182 121 
17324 122 
17466 123 
17608 124 
17750 125 
17892 126 
18034 127 
18176 128 
18318 129 
18460 130 
18602 131 
18744 132 
18886 133 
19028 134 
19170 135 
19312 136 
19454 137 
19596 138 
19738 139 
19880 140 
20022 141 
20164 142 
