160 160
160 1 
320 2 
480 3 
640 4 
800 5 
960 6 
1120 7 
1280 8 
1440 9 
1600 10 
1760 11 
1920 12 
2080 13 
2240 14 
2400 15 
2560 16 
2720 17 
2880 18 
3040 19 
3200 20 
3360 21 
3520 22 
3680 23 
3840 24 
4000 25 
4160 26 
4320 27 
4480 28 
4640 29 
4800 30 
4960 31 
5120 32 
5280 33 
5440 34 
5600 35 
5760 36 
5920 37 
6080 38 
6240 39 
6400 40 
6560 41 
6720 42 
6880 43 
7040 44 
7200 45 
7360 46 
7520 47 
7680 48 
7840 49 
8000 50 
8160 51 
8320 52 
8480 53 
8640 54 
8800 55 
8960 56 
9120 57 
9280 58 
9440 59 
9600 60 
9760 61 
9920 62 
10080 63 
10240 64 
10400 65 
10560 66 
10720 67 
10880 68 
11040 69 
11200 70 
11360 71 
11520 72 
11680 73 
11840 74 
12000 75 
12160 76 
12320 77 
12480 78 
12640 79 
12800 80 
12960 81 
13120 82 
13280 83 
13440 84 
13600 85 
13760 86 
13920 87 
14080 88 
14240 89 
14400 90 
14560 91 
14720 92 
14880 93 
15040 94 
15200 95 
15360 96 
15520 97 
15680 98 
15840 99 
16000 100 
16160 101 
16320 102 
16480 103 
16640 104 
16800 105 
16960 106 
17120 107 
17280 108 
17440 109 
17600 110 
17760 111 
17920 112 
18080 113 
18240 114 
18400 115 
18560 116 
18720 117 
18880 118 
19040 119 
19200 120 
19360 121 
19520 122 
19680 123 
19840 124 
20000 125 
20160 126 
20320 127 
20480 128 
20640 129 
20800 130 
20960 131 
21120 132 
21280 133 
21440 134 
21600 135 
21760 136 
21920 137 
22080 138 
22240 139 
22400 140 
22560 141 
22720 142 
22880 143 
23040 144 
23200 145 
23360 146 
23520 147 
23680 148 
23840 149 
24000 150 
24160 151 
24320 152 
24480 153 
24640 154 
24800 155 
24960 156 
25120 157 
25280 158 
25440 159 
25600 160 
