152 152
152 1 
304 2 
456 3 
608 4 
760 5 
912 6 
1064 7 
1216 8 
1368 9 
1520 10 
1672 11 
1824 12 
1976 13 
2128 14 
2280 15 
2432 16 
2584 17 
2736 18 
2888 19 
3040 20 
3192 21 
3344 22 
3496 23 
3648 24 
3800 25 
3952 26 
4104 27 
4256 28 
4408 29 
4560 30 
4712 31 
4864 32 
5016 33 
5168 34 
5320 35 
5472 36 
5624 37 
5776 38 
5928 39 
6080 40 
6232 41 
6384 42 
6536 43 
6688 44 
6840 45 
6992 46 
7144 47 
7296 48 
7448 49 
7600 50 
7752 51 
7904 52 
8056 53 
8208 54 
8360 55 
8512 56 
8664 57 
8816 58 
8968 59 
9120 60 
9272 61 
9424 62 
9576 63 
9728 64 
9880 65 
10032 66 
10184 67 
10336 68 
10488 69 
10640 70 
10792 71 
10944 72 
11096 73 
11248 74 
11400 75 
11552 76 
11704 77 
11856 78 
12008 79 
12160 80 
12312 81 
12464 82 
12616 83 
12768 84 
12920 85 
13072 86 
13224 87 
13376 88 
13528 89 
13680 90 
13832 91 
13984 92 
14136 93 
14288 94 
14440 95 
14592 96 
14744 97 
14896 98 
15048 99 
15200 100 
15352 101 
15504 102 
15656 103 
15808 104 
15960 105 
16112 106 
16264 107 
16416 108 
16568 109 
16720 110 
16872 111 
17024 112 
17176 113 
17328 114 
17480 115 
17632 116 
17784 117 
17936 118 
18088 119 
18240 120 
18392 121 
18544 122 
18696 123 
18848 124 
19000 125 
19152 126 
19304 127 
19456 128 
19608 129 
19760 130 
19912 131 
20064 132 
20216 133 
20368 134 
20520 135 
20672 136 
20824 137 
20976 138 
21128 139 
21280 140 
21432 141 
21584 142 
21736 143 
21888 144 
22040 145 
22192 146 
22344 147 
22496 148 
22648 149 
22800 150 
22952 151 
23104 152 
