115 115
115 1 
230 2 
345 3 
460 4 
575 5 
690 6 
805 7 
920 8 
1035 9 
1150 10 
1265 11 
1380 12 
1495 13 
1610 14 
1725 15 
1840 16 
1955 17 
2070 18 
2185 19 
2300 20 
2415 21 
2530 22 
2645 23 
2760 24 
2875 25 
2990 26 
3105 27 
3220 28 
3335 29 
3450 30 
3565 31 
3680 32 
3795 33 
3910 34 
4025 35 
4140 36 
4255 37 
4370 38 
4485 39 
4600 40 
4715 41 
4830 42 
4945 43 
5060 44 
5175 45 
5290 46 
5405 47 
5520 48 
5635 49 
5750 50 
5865 51 
5980 52 
6095 53 
6210 54 
6325 55 
6440 56 
6555 57 
6670 58 
6785 59 
6900 60 
7015 61 
7130 62 
7245 63 
7360 64 
7475 65 
7590 66 
7705 67 
7820 68 
7935 69 
8050 70 
8165 71 
8280 72 
8395 73 
8510 74 
8625 75 
8740 76 
8855 77 
8970 78 
9085 79 
9200 80 
9315 81 
9430 82 
9545 83 
9660 84 
9775 85 
9890 86 
10005 87 
10120 88 
10235 89 
10350 90 
10465 91 
10580 92 
10695 93 
10810 94 
10925 95 
11040 96 
11155 97 
11270 98 
11385 99 
11500 100 
11615 101 
11730 102 
11845 103 
11960 104 
12075 105 
12190 106 
12305 107 
12420 108 
12535 109 
12650 110 
12765 111 
12880 112 
12995 113 
13110 114 
13225 115 
