187 187
187 1 
374 2 
561 3 
748 4 
935 5 
1122 6 
1309 7 
1496 8 
1683 9 
1870 10 
2057 11 
2244 12 
2431 13 
2618 14 
2805 15 
2992 16 
3179 17 
3366 18 
3553 19 
3740 20 
3927 21 
4114 22 
4301 23 
4488 24 
4675 25 
4862 26 
5049 27 
5236 28 
5423 29 
5610 30 
5797 31 
5984 32 
6171 33 
6358 34 
6545 35 
6732 36 
6919 37 
7106 38 
7293 39 
7480 40 
7667 41 
7854 42 
8041 43 
8228 44 
8415 45 
8602 46 
8789 47 
8976 48 
9163 49 
9350 50 
9537 51 
9724 52 
9911 53 
10098 54 
10285 55 
10472 56 
10659 57 
10846 58 
11033 59 
11220 60 
11407 61 
11594 62 
11781 63 
11968 64 
12155 65 
12342 66 
12529 67 
12716 68 
12903 69 
13090 70 
13277 71 
13464 72 
13651 73 
13838 74 
14025 75 
14212 76 
14399 77 
14586 78 
14773 79 
14960 80 
15147 81 
15334 82 
15521 83 
15708 84 
15895 85 
16082 86 
16269 87 
16456 88 
16643 89 
16830 90 
17017 91 
17204 92 
17391 93 
17578 94 
17765 95 
17952 96 
18139 97 
18326 98 
18513 99 
18700 100 
18887 101 
19074 102 
19261 103 
19448 104 
19635 105 
19822 106 
20009 107 
20196 108 
20383 109 
20570 110 
20757 111 
20944 112 
21131 113 
21318 114 
21505 115 
21692 116 
21879 117 
22066 118 
22253 119 
22440 120 
22627 121 
22814 122 
23001 123 
23188 124 
23375 125 
23562 126 
23749 127 
23936 128 
24123 129 
24310 130 
24497 131 
24684 132 
24871 133 
25058 134 
25245 135 
25432 136 
25619 137 
25806 138 
25993 139 
26180 140 
26367 141 
26554 142 
26741 143 
26928 144 
27115 145 
27302 146 
27489 147 
27676 148 
27863 149 
28050 150 
28237 151 
28424 152 
28611 153 
28798 154 
28985 155 
29172 156 
29359 157 
29546 158 
29733 159 
29920 160 
30107 161 
30294 162 
30481 163 
30668 164 
30855 165 
31042 166 
31229 167 
31416 168 
31603 169 
31790 170 
31977 171 
32164 172 
32351 173 
32538 174 
32725 175 
32912 176 
33099 177 
33286 178 
33473 179 
33660 180 
33847 181 
34034 182 
34221 183 
34408 184 
34595 185 
34782 186 
34969 187 
