154 154
154 1 
308 2 
462 3 
616 4 
770 5 
924 6 
1078 7 
1232 8 
1386 9 
1540 10 
1694 11 
1848 12 
2002 13 
2156 14 
2310 15 
2464 16 
2618 17 
2772 18 
2926 19 
3080 20 
3234 21 
3388 22 
3542 23 
3696 24 
3850 25 
4004 26 
4158 27 
4312 28 
4466 29 
4620 30 
4774 31 
4928 32 
5082 33 
5236 34 
5390 35 
5544 36 
5698 37 
5852 38 
6006 39 
6160 40 
6314 41 
6468 42 
6622 43 
6776 44 
6930 45 
7084 46 
7238 47 
7392 48 
7546 49 
7700 50 
7854 51 
8008 52 
8162 53 
8316 54 
8470 55 
8624 56 
8778 57 
8932 58 
9086 59 
9240 60 
9394 61 
9548 62 
9702 63 
9856 64 
10010 65 
10164 66 
10318 67 
10472 68 
10626 69 
10780 70 
10934 71 
11088 72 
11242 73 
11396 74 
11550 75 
11704 76 
11858 77 
12012 78 
12166 79 
12320 80 
12474 81 
12628 82 
12782 83 
12936 84 
13090 85 
13244 86 
13398 87 
13552 88 
13706 89 
13860 90 
14014 91 
14168 92 
14322 93 
14476 94 
14630 95 
14784 96 
14938 97 
15092 98 
15246 99 
15400 100 
15554 101 
15708 102 
15862 103 
16016 104 
16170 105 
16324 106 
16478 107 
16632 108 
16786 109 
16940 110 
17094 111 
17248 112 
17402 113 
17556 114 
17710 115 
17864 116 
18018 117 
18172 118 
18326 119 
18480 120 
18634 121 
18788 122 
18942 123 
19096 124 
19250 125 
19404 126 
19558 127 
19712 128 
19866 129 
20020 130 
20174 131 
20328 132 
20482 133 
20636 134 
20790 135 
20944 136 
21098 137 
21252 138 
21406 139 
21560 140 
21714 141 
21868 142 
22022 143 
22176 144 
22330 145 
22484 146 
22638 147 
22792 148 
22946 149 
23100 150 
23254 151 
23408 152 
23562 153 
23716 154 
