92 92
92 1 
184 2 
276 3 
368 4 
460 5 
552 6 
644 7 
736 8 
828 9 
920 10 
1012 11 
1104 12 
1196 13 
1288 14 
1380 15 
1472 16 
1564 17 
1656 18 
1748 19 
1840 20 
1932 21 
2024 22 
2116 23 
2208 24 
2300 25 
2392 26 
2484 27 
2576 28 
2668 29 
2760 30 
2852 31 
2944 32 
3036 33 
3128 34 
3220 35 
3312 36 
3404 37 
3496 38 
3588 39 
3680 40 
3772 41 
3864 42 
3956 43 
4048 44 
4140 45 
4232 46 
4324 47 
4416 48 
4508 49 
4600 50 
4692 51 
4784 52 
4876 53 
4968 54 
5060 55 
5152 56 
5244 57 
5336 58 
5428 59 
5520 60 
5612 61 
5704 62 
5796 63 
5888 64 
5980 65 
6072 66 
6164 67 
6256 68 
6348 69 
6440 70 
6532 71 
6624 72 
6716 73 
6808 74 
6900 75 
6992 76 
7084 77 
7176 78 
7268 79 
7360 80 
7452 81 
7544 82 
7636 83 
7728 84 
7820 85 
7912 86 
8004 87 
8096 88 
8188 89 
8280 90 
8372 91 
8464 92 
