182 182
182 1 
364 2 
546 3 
728 4 
910 5 
1092 6 
1274 7 
1456 8 
1638 9 
1820 10 
2002 11 
2184 12 
2366 13 
2548 14 
2730 15 
2912 16 
3094 17 
3276 18 
3458 19 
3640 20 
3822 21 
4004 22 
4186 23 
4368 24 
4550 25 
4732 26 
4914 27 
5096 28 
5278 29 
5460 30 
5642 31 
5824 32 
6006 33 
6188 34 
6370 35 
6552 36 
6734 37 
6916 38 
7098 39 
7280 40 
7462 41 
7644 42 
7826 43 
8008 44 
8190 45 
8372 46 
8554 47 
8736 48 
8918 49 
9100 50 
9282 51 
9464 52 
9646 53 
9828 54 
10010 55 
10192 56 
10374 57 
10556 58 
10738 59 
10920 60 
11102 61 
11284 62 
11466 63 
11648 64 
11830 65 
12012 66 
12194 67 
12376 68 
12558 69 
12740 70 
12922 71 
13104 72 
13286 73 
13468 74 
13650 75 
13832 76 
14014 77 
14196 78 
14378 79 
14560 80 
14742 81 
14924 82 
15106 83 
15288 84 
15470 85 
15652 86 
15834 87 
16016 88 
16198 89 
16380 90 
16562 91 
16744 92 
16926 93 
17108 94 
17290 95 
17472 96 
17654 97 
17836 98 
18018 99 
18200 100 
18382 101 
18564 102 
18746 103 
18928 104 
19110 105 
19292 106 
19474 107 
19656 108 
19838 109 
20020 110 
20202 111 
20384 112 
20566 113 
20748 114 
20930 115 
21112 116 
21294 117 
21476 118 
21658 119 
21840 120 
22022 121 
22204 122 
22386 123 
22568 124 
22750 125 
22932 126 
23114 127 
23296 128 
23478 129 
23660 130 
23842 131 
24024 132 
24206 133 
24388 134 
24570 135 
24752 136 
24934 137 
25116 138 
25298 139 
25480 140 
25662 141 
25844 142 
26026 143 
26208 144 
26390 145 
26572 146 
26754 147 
26936 148 
27118 149 
27300 150 
27482 151 
27664 152 
27846 153 
28028 154 
28210 155 
28392 156 
28574 157 
28756 158 
28938 159 
29120 160 
29302 161 
29484 162 
29666 163 
29848 164 
30030 165 
30212 166 
30394 167 
30576 168 
30758 169 
30940 170 
31122 171 
31304 172 
31486 173 
31668 174 
31850 175 
32032 176 
32214 177 
32396 178 
32578 179 
32760 180 
32942 181 
33124 182 
