58 58
58 1 
116 2 
174 3 
232 4 
290 5 
348 6 
406 7 
464 8 
522 9 
580 10 
638 11 
696 12 
754 13 
812 14 
870 15 
928 16 
986 17 
1044 18 
1102 19 
1160 20 
1218 21 
1276 22 
1334 23 
1392 24 
1450 25 
1508 26 
1566 27 
1624 28 
1682 29 
1740 30 
1798 31 
1856 32 
1914 33 
1972 34 
2030 35 
2088 36 
2146 37 
2204 38 
2262 39 
2320 40 
2378 41 
2436 42 
2494 43 
2552 44 
2610 45 
2668 46 
2726 47 
2784 48 
2842 49 
2900 50 
2958 51 
3016 52 
3074 53 
3132 54 
3190 55 
3248 56 
3306 57 
3364 58 
