193 193
193 1 
386 2 
579 3 
772 4 
965 5 
1158 6 
1351 7 
1544 8 
1737 9 
1930 10 
2123 11 
2316 12 
2509 13 
2702 14 
2895 15 
3088 16 
3281 17 
3474 18 
3667 19 
3860 20 
4053 21 
4246 22 
4439 23 
4632 24 
4825 25 
5018 26 
5211 27 
5404 28 
5597 29 
5790 30 
5983 31 
6176 32 
6369 33 
6562 34 
6755 35 
6948 36 
7141 37 
7334 38 
7527 39 
7720 40 
7913 41 
8106 42 
8299 43 
8492 44 
8685 45 
8878 46 
9071 47 
9264 48 
9457 49 
9650 50 
9843 51 
10036 52 
10229 53 
10422 54 
10615 55 
10808 56 
11001 57 
11194 58 
11387 59 
11580 60 
11773 61 
11966 62 
12159 63 
12352 64 
12545 65 
12738 66 
12931 67 
13124 68 
13317 69 
13510 70 
13703 71 
13896 72 
14089 73 
14282 74 
14475 75 
14668 76 
14861 77 
15054 78 
15247 79 
15440 80 
15633 81 
15826 82 
16019 83 
16212 84 
16405 85 
16598 86 
16791 87 
16984 88 
17177 89 
17370 90 
17563 91 
17756 92 
17949 93 
18142 94 
18335 95 
18528 96 
18721 97 
18914 98 
19107 99 
19300 100 
19493 101 
19686 102 
19879 103 
20072 104 
20265 105 
20458 106 
20651 107 
20844 108 
21037 109 
21230 110 
21423 111 
21616 112 
21809 113 
22002 114 
22195 115 
22388 116 
22581 117 
22774 118 
22967 119 
23160 120 
23353 121 
23546 122 
23739 123 
23932 124 
24125 125 
24318 126 
24511 127 
24704 128 
24897 129 
25090 130 
25283 131 
25476 132 
25669 133 
25862 134 
26055 135 
26248 136 
26441 137 
26634 138 
26827 139 
27020 140 
27213 141 
27406 142 
27599 143 
27792 144 
27985 145 
28178 146 
28371 147 
28564 148 
28757 149 
28950 150 
29143 151 
29336 152 
29529 153 
29722 154 
29915 155 
30108 156 
30301 157 
30494 158 
30687 159 
30880 160 
31073 161 
31266 162 
31459 163 
31652 164 
31845 165 
32038 166 
32231 167 
32424 168 
32617 169 
32810 170 
33003 171 
33196 172 
33389 173 
33582 174 
33775 175 
33968 176 
34161 177 
34354 178 
34547 179 
34740 180 
34933 181 
35126 182 
35319 183 
35512 184 
35705 185 
35898 186 
36091 187 
36284 188 
36477 189 
36670 190 
36863 191 
37056 192 
37249 193 
