84 84
84 1 
168 2 
252 3 
336 4 
420 5 
504 6 
588 7 
672 8 
756 9 
840 10 
924 11 
1008 12 
1092 13 
1176 14 
1260 15 
1344 16 
1428 17 
1512 18 
1596 19 
1680 20 
1764 21 
1848 22 
1932 23 
2016 24 
2100 25 
2184 26 
2268 27 
2352 28 
2436 29 
2520 30 
2604 31 
2688 32 
2772 33 
2856 34 
2940 35 
3024 36 
3108 37 
3192 38 
3276 39 
3360 40 
3444 41 
3528 42 
3612 43 
3696 44 
3780 45 
3864 46 
3948 47 
4032 48 
4116 49 
4200 50 
4284 51 
4368 52 
4452 53 
4536 54 
4620 55 
4704 56 
4788 57 
4872 58 
4956 59 
5040 60 
5124 61 
5208 62 
5292 63 
5376 64 
5460 65 
5544 66 
5628 67 
5712 68 
5796 69 
5880 70 
5964 71 
6048 72 
6132 73 
6216 74 
6300 75 
6384 76 
6468 77 
6552 78 
6636 79 
6720 80 
6804 81 
6888 82 
6972 83 
7056 84 
