197 197
197 1 
394 2 
591 3 
788 4 
985 5 
1182 6 
1379 7 
1576 8 
1773 9 
1970 10 
2167 11 
2364 12 
2561 13 
2758 14 
2955 15 
3152 16 
3349 17 
3546 18 
3743 19 
3940 20 
4137 21 
4334 22 
4531 23 
4728 24 
4925 25 
5122 26 
5319 27 
5516 28 
5713 29 
5910 30 
6107 31 
6304 32 
6501 33 
6698 34 
6895 35 
7092 36 
7289 37 
7486 38 
7683 39 
7880 40 
8077 41 
8274 42 
8471 43 
8668 44 
8865 45 
9062 46 
9259 47 
9456 48 
9653 49 
9850 50 
10047 51 
10244 52 
10441 53 
10638 54 
10835 55 
11032 56 
11229 57 
11426 58 
11623 59 
11820 60 
12017 61 
12214 62 
12411 63 
12608 64 
12805 65 
13002 66 
13199 67 
13396 68 
13593 69 
13790 70 
13987 71 
14184 72 
14381 73 
14578 74 
14775 75 
14972 76 
15169 77 
15366 78 
15563 79 
15760 80 
15957 81 
16154 82 
16351 83 
16548 84 
16745 85 
16942 86 
17139 87 
17336 88 
17533 89 
17730 90 
17927 91 
18124 92 
18321 93 
18518 94 
18715 95 
18912 96 
19109 97 
19306 98 
19503 99 
19700 100 
19897 101 
20094 102 
20291 103 
20488 104 
20685 105 
20882 106 
21079 107 
21276 108 
21473 109 
21670 110 
21867 111 
22064 112 
22261 113 
22458 114 
22655 115 
22852 116 
23049 117 
23246 118 
23443 119 
23640 120 
23837 121 
24034 122 
24231 123 
24428 124 
24625 125 
24822 126 
25019 127 
25216 128 
25413 129 
25610 130 
25807 131 
26004 132 
26201 133 
26398 134 
26595 135 
26792 136 
26989 137 
27186 138 
27383 139 
27580 140 
27777 141 
27974 142 
28171 143 
28368 144 
28565 145 
28762 146 
28959 147 
29156 148 
29353 149 
29550 150 
29747 151 
29944 152 
30141 153 
30338 154 
30535 155 
30732 156 
30929 157 
31126 158 
31323 159 
31520 160 
31717 161 
31914 162 
32111 163 
32308 164 
32505 165 
32702 166 
32899 167 
33096 168 
33293 169 
33490 170 
33687 171 
33884 172 
34081 173 
34278 174 
34475 175 
34672 176 
34869 177 
35066 178 
35263 179 
35460 180 
35657 181 
35854 182 
36051 183 
36248 184 
36445 185 
36642 186 
36839 187 
37036 188 
37233 189 
37430 190 
37627 191 
37824 192 
38021 193 
38218 194 
38415 195 
38612 196 
38809 197 
