86 86
86 1 
172 2 
258 3 
344 4 
430 5 
516 6 
602 7 
688 8 
774 9 
860 10 
946 11 
1032 12 
1118 13 
1204 14 
1290 15 
1376 16 
1462 17 
1548 18 
1634 19 
1720 20 
1806 21 
1892 22 
1978 23 
2064 24 
2150 25 
2236 26 
2322 27 
2408 28 
2494 29 
2580 30 
2666 31 
2752 32 
2838 33 
2924 34 
3010 35 
3096 36 
3182 37 
3268 38 
3354 39 
3440 40 
3526 41 
3612 42 
3698 43 
3784 44 
3870 45 
3956 46 
4042 47 
4128 48 
4214 49 
4300 50 
4386 51 
4472 52 
4558 53 
4644 54 
4730 55 
4816 56 
4902 57 
4988 58 
5074 59 
5160 60 
5246 61 
5332 62 
5418 63 
5504 64 
5590 65 
5676 66 
5762 67 
5848 68 
5934 69 
6020 70 
6106 71 
6192 72 
6278 73 
6364 74 
6450 75 
6536 76 
6622 77 
6708 78 
6794 79 
6880 80 
6966 81 
7052 82 
7138 83 
7224 84 
7310 85 
7396 86 
