175 175
175 1 
350 2 
525 3 
700 4 
875 5 
1050 6 
1225 7 
1400 8 
1575 9 
1750 10 
1925 11 
2100 12 
2275 13 
2450 14 
2625 15 
2800 16 
2975 17 
3150 18 
3325 19 
3500 20 
3675 21 
3850 22 
4025 23 
4200 24 
4375 25 
4550 26 
4725 27 
4900 28 
5075 29 
5250 30 
5425 31 
5600 32 
5775 33 
5950 34 
6125 35 
6300 36 
6475 37 
6650 38 
6825 39 
7000 40 
7175 41 
7350 42 
7525 43 
7700 44 
7875 45 
8050 46 
8225 47 
8400 48 
8575 49 
8750 50 
8925 51 
9100 52 
9275 53 
9450 54 
9625 55 
9800 56 
9975 57 
10150 58 
10325 59 
10500 60 
10675 61 
10850 62 
11025 63 
11200 64 
11375 65 
11550 66 
11725 67 
11900 68 
12075 69 
12250 70 
12425 71 
12600 72 
12775 73 
12950 74 
13125 75 
13300 76 
13475 77 
13650 78 
13825 79 
14000 80 
14175 81 
14350 82 
14525 83 
14700 84 
14875 85 
15050 86 
15225 87 
15400 88 
15575 89 
15750 90 
15925 91 
16100 92 
16275 93 
16450 94 
16625 95 
16800 96 
16975 97 
17150 98 
17325 99 
17500 100 
17675 101 
17850 102 
18025 103 
18200 104 
18375 105 
18550 106 
18725 107 
18900 108 
19075 109 
19250 110 
19425 111 
19600 112 
19775 113 
19950 114 
20125 115 
20300 116 
20475 117 
20650 118 
20825 119 
21000 120 
21175 121 
21350 122 
21525 123 
21700 124 
21875 125 
22050 126 
22225 127 
22400 128 
22575 129 
22750 130 
22925 131 
23100 132 
23275 133 
23450 134 
23625 135 
23800 136 
23975 137 
24150 138 
24325 139 
24500 140 
24675 141 
24850 142 
25025 143 
25200 144 
25375 145 
25550 146 
25725 147 
25900 148 
26075 149 
26250 150 
26425 151 
26600 152 
26775 153 
26950 154 
27125 155 
27300 156 
27475 157 
27650 158 
27825 159 
28000 160 
28175 161 
28350 162 
28525 163 
28700 164 
28875 165 
29050 166 
29225 167 
29400 168 
29575 169 
29750 170 
29925 171 
30100 172 
30275 173 
30450 174 
30625 175 
