93 93
93 1 
186 2 
279 3 
372 4 
465 5 
558 6 
651 7 
744 8 
837 9 
930 10 
1023 11 
1116 12 
1209 13 
1302 14 
1395 15 
1488 16 
1581 17 
1674 18 
1767 19 
1860 20 
1953 21 
2046 22 
2139 23 
2232 24 
2325 25 
2418 26 
2511 27 
2604 28 
2697 29 
2790 30 
2883 31 
2976 32 
3069 33 
3162 34 
3255 35 
3348 36 
3441 37 
3534 38 
3627 39 
3720 40 
3813 41 
3906 42 
3999 43 
4092 44 
4185 45 
4278 46 
4371 47 
4464 48 
4557 49 
4650 50 
4743 51 
4836 52 
4929 53 
5022 54 
5115 55 
5208 56 
5301 57 
5394 58 
5487 59 
5580 60 
5673 61 
5766 62 
5859 63 
5952 64 
6045 65 
6138 66 
6231 67 
6324 68 
6417 69 
6510 70 
6603 71 
6696 72 
6789 73 
6882 74 
6975 75 
7068 76 
7161 77 
7254 78 
7347 79 
7440 80 
7533 81 
7626 82 
7719 83 
7812 84 
7905 85 
7998 86 
8091 87 
8184 88 
8277 89 
8370 90 
8463 91 
8556 92 
8649 93 
