155 155
155 1 
310 2 
465 3 
620 4 
775 5 
930 6 
1085 7 
1240 8 
1395 9 
1550 10 
1705 11 
1860 12 
2015 13 
2170 14 
2325 15 
2480 16 
2635 17 
2790 18 
2945 19 
3100 20 
3255 21 
3410 22 
3565 23 
3720 24 
3875 25 
4030 26 
4185 27 
4340 28 
4495 29 
4650 30 
4805 31 
4960 32 
5115 33 
5270 34 
5425 35 
5580 36 
5735 37 
5890 38 
6045 39 
6200 40 
6355 41 
6510 42 
6665 43 
6820 44 
6975 45 
7130 46 
7285 47 
7440 48 
7595 49 
7750 50 
7905 51 
8060 52 
8215 53 
8370 54 
8525 55 
8680 56 
8835 57 
8990 58 
9145 59 
9300 60 
9455 61 
9610 62 
9765 63 
9920 64 
10075 65 
10230 66 
10385 67 
10540 68 
10695 69 
10850 70 
11005 71 
11160 72 
11315 73 
11470 74 
11625 75 
11780 76 
11935 77 
12090 78 
12245 79 
12400 80 
12555 81 
12710 82 
12865 83 
13020 84 
13175 85 
13330 86 
13485 87 
13640 88 
13795 89 
13950 90 
14105 91 
14260 92 
14415 93 
14570 94 
14725 95 
14880 96 
15035 97 
15190 98 
15345 99 
15500 100 
15655 101 
15810 102 
15965 103 
16120 104 
16275 105 
16430 106 
16585 107 
16740 108 
16895 109 
17050 110 
17205 111 
17360 112 
17515 113 
17670 114 
17825 115 
17980 116 
18135 117 
18290 118 
18445 119 
18600 120 
18755 121 
18910 122 
19065 123 
19220 124 
19375 125 
19530 126 
19685 127 
19840 128 
19995 129 
20150 130 
20305 131 
20460 132 
20615 133 
20770 134 
20925 135 
21080 136 
21235 137 
21390 138 
21545 139 
21700 140 
21855 141 
22010 142 
22165 143 
22320 144 
22475 145 
22630 146 
22785 147 
22940 148 
23095 149 
23250 150 
23405 151 
23560 152 
23715 153 
23870 154 
24025 155 
