199 199
199 1 
398 2 
597 3 
796 4 
995 5 
1194 6 
1393 7 
1592 8 
1791 9 
1990 10 
2189 11 
2388 12 
2587 13 
2786 14 
2985 15 
3184 16 
3383 17 
3582 18 
3781 19 
3980 20 
4179 21 
4378 22 
4577 23 
4776 24 
4975 25 
5174 26 
5373 27 
5572 28 
5771 29 
5970 30 
6169 31 
6368 32 
6567 33 
6766 34 
6965 35 
7164 36 
7363 37 
7562 38 
7761 39 
7960 40 
8159 41 
8358 42 
8557 43 
8756 44 
8955 45 
9154 46 
9353 47 
9552 48 
9751 49 
9950 50 
10149 51 
10348 52 
10547 53 
10746 54 
10945 55 
11144 56 
11343 57 
11542 58 
11741 59 
11940 60 
12139 61 
12338 62 
12537 63 
12736 64 
12935 65 
13134 66 
13333 67 
13532 68 
13731 69 
13930 70 
14129 71 
14328 72 
14527 73 
14726 74 
14925 75 
15124 76 
15323 77 
15522 78 
15721 79 
15920 80 
16119 81 
16318 82 
16517 83 
16716 84 
16915 85 
17114 86 
17313 87 
17512 88 
17711 89 
17910 90 
18109 91 
18308 92 
18507 93 
18706 94 
18905 95 
19104 96 
19303 97 
19502 98 
19701 99 
19900 100 
20099 101 
20298 102 
20497 103 
20696 104 
20895 105 
21094 106 
21293 107 
21492 108 
21691 109 
21890 110 
22089 111 
22288 112 
22487 113 
22686 114 
22885 115 
23084 116 
23283 117 
23482 118 
23681 119 
23880 120 
24079 121 
24278 122 
24477 123 
24676 124 
24875 125 
25074 126 
25273 127 
25472 128 
25671 129 
25870 130 
26069 131 
26268 132 
26467 133 
26666 134 
26865 135 
27064 136 
27263 137 
27462 138 
27661 139 
27860 140 
28059 141 
28258 142 
28457 143 
28656 144 
28855 145 
29054 146 
29253 147 
29452 148 
29651 149 
29850 150 
30049 151 
30248 152 
30447 153 
30646 154 
30845 155 
31044 156 
31243 157 
31442 158 
31641 159 
31840 160 
32039 161 
32238 162 
32437 163 
32636 164 
32835 165 
33034 166 
33233 167 
33432 168 
33631 169 
33830 170 
34029 171 
34228 172 
34427 173 
34626 174 
34825 175 
35024 176 
35223 177 
35422 178 
35621 179 
35820 180 
36019 181 
36218 182 
36417 183 
36616 184 
36815 185 
37014 186 
37213 187 
37412 188 
37611 189 
37810 190 
38009 191 
38208 192 
38407 193 
38606 194 
38805 195 
39004 196 
39203 197 
39402 198 
39601 199 
