124 124
124 1 
248 2 
372 3 
496 4 
620 5 
744 6 
868 7 
992 8 
1116 9 
1240 10 
1364 11 
1488 12 
1612 13 
1736 14 
1860 15 
1984 16 
2108 17 
2232 18 
2356 19 
2480 20 
2604 21 
2728 22 
2852 23 
2976 24 
3100 25 
3224 26 
3348 27 
3472 28 
3596 29 
3720 30 
3844 31 
3968 32 
4092 33 
4216 34 
4340 35 
4464 36 
4588 37 
4712 38 
4836 39 
4960 40 
5084 41 
5208 42 
5332 43 
5456 44 
5580 45 
5704 46 
5828 47 
5952 48 
6076 49 
6200 50 
6324 51 
6448 52 
6572 53 
6696 54 
6820 55 
6944 56 
7068 57 
7192 58 
7316 59 
7440 60 
7564 61 
7688 62 
7812 63 
7936 64 
8060 65 
8184 66 
8308 67 
8432 68 
8556 69 
8680 70 
8804 71 
8928 72 
9052 73 
9176 74 
9300 75 
9424 76 
9548 77 
9672 78 
9796 79 
9920 80 
10044 81 
10168 82 
10292 83 
10416 84 
10540 85 
10664 86 
10788 87 
10912 88 
11036 89 
11160 90 
11284 91 
11408 92 
11532 93 
11656 94 
11780 95 
11904 96 
12028 97 
12152 98 
12276 99 
12400 100 
12524 101 
12648 102 
12772 103 
12896 104 
13020 105 
13144 106 
13268 107 
13392 108 
13516 109 
13640 110 
13764 111 
13888 112 
14012 113 
14136 114 
14260 115 
14384 116 
14508 117 
14632 118 
14756 119 
14880 120 
15004 121 
15128 122 
15252 123 
15376 124 
