129 129
129 1 
258 2 
387 3 
516 4 
645 5 
774 6 
903 7 
1032 8 
1161 9 
1290 10 
1419 11 
1548 12 
1677 13 
1806 14 
1935 15 
2064 16 
2193 17 
2322 18 
2451 19 
2580 20 
2709 21 
2838 22 
2967 23 
3096 24 
3225 25 
3354 26 
3483 27 
3612 28 
3741 29 
3870 30 
3999 31 
4128 32 
4257 33 
4386 34 
4515 35 
4644 36 
4773 37 
4902 38 
5031 39 
5160 40 
5289 41 
5418 42 
5547 43 
5676 44 
5805 45 
5934 46 
6063 47 
6192 48 
6321 49 
6450 50 
6579 51 
6708 52 
6837 53 
6966 54 
7095 55 
7224 56 
7353 57 
7482 58 
7611 59 
7740 60 
7869 61 
7998 62 
8127 63 
8256 64 
8385 65 
8514 66 
8643 67 
8772 68 
8901 69 
9030 70 
9159 71 
9288 72 
9417 73 
9546 74 
9675 75 
9804 76 
9933 77 
10062 78 
10191 79 
10320 80 
10449 81 
10578 82 
10707 83 
10836 84 
10965 85 
11094 86 
11223 87 
11352 88 
11481 89 
11610 90 
11739 91 
11868 92 
11997 93 
12126 94 
12255 95 
12384 96 
12513 97 
12642 98 
12771 99 
12900 100 
13029 101 
13158 102 
13287 103 
13416 104 
13545 105 
13674 106 
13803 107 
13932 108 
14061 109 
14190 110 
14319 111 
14448 112 
14577 113 
14706 114 
14835 115 
14964 116 
15093 117 
15222 118 
15351 119 
15480 120 
15609 121 
15738 122 
15867 123 
15996 124 
16125 125 
16254 126 
16383 127 
16512 128 
16641 129 
