132 132
132 1 
264 2 
396 3 
528 4 
660 5 
792 6 
924 7 
1056 8 
1188 9 
1320 10 
1452 11 
1584 12 
1716 13 
1848 14 
1980 15 
2112 16 
2244 17 
2376 18 
2508 19 
2640 20 
2772 21 
2904 22 
3036 23 
3168 24 
3300 25 
3432 26 
3564 27 
3696 28 
3828 29 
3960 30 
4092 31 
4224 32 
4356 33 
4488 34 
4620 35 
4752 36 
4884 37 
5016 38 
5148 39 
5280 40 
5412 41 
5544 42 
5676 43 
5808 44 
5940 45 
6072 46 
6204 47 
6336 48 
6468 49 
6600 50 
6732 51 
6864 52 
6996 53 
7128 54 
7260 55 
7392 56 
7524 57 
7656 58 
7788 59 
7920 60 
8052 61 
8184 62 
8316 63 
8448 64 
8580 65 
8712 66 
8844 67 
8976 68 
9108 69 
9240 70 
9372 71 
9504 72 
9636 73 
9768 74 
9900 75 
10032 76 
10164 77 
10296 78 
10428 79 
10560 80 
10692 81 
10824 82 
10956 83 
11088 84 
11220 85 
11352 86 
11484 87 
11616 88 
11748 89 
11880 90 
12012 91 
12144 92 
12276 93 
12408 94 
12540 95 
12672 96 
12804 97 
12936 98 
13068 99 
13200 100 
13332 101 
13464 102 
13596 103 
13728 104 
13860 105 
13992 106 
14124 107 
14256 108 
14388 109 
14520 110 
14652 111 
14784 112 
14916 113 
15048 114 
15180 115 
15312 116 
15444 117 
15576 118 
15708 119 
15840 120 
15972 121 
16104 122 
16236 123 
16368 124 
16500 125 
16632 126 
16764 127 
16896 128 
17028 129 
17160 130 
17292 131 
17424 132 
