62 62
62 1 
124 2 
186 3 
248 4 
310 5 
372 6 
434 7 
496 8 
558 9 
620 10 
682 11 
744 12 
806 13 
868 14 
930 15 
992 16 
1054 17 
1116 18 
1178 19 
1240 20 
1302 21 
1364 22 
1426 23 
1488 24 
1550 25 
1612 26 
1674 27 
1736 28 
1798 29 
1860 30 
1922 31 
1984 32 
2046 33 
2108 34 
2170 35 
2232 36 
2294 37 
2356 38 
2418 39 
2480 40 
2542 41 
2604 42 
2666 43 
2728 44 
2790 45 
2852 46 
2914 47 
2976 48 
3038 49 
3100 50 
3162 51 
3224 52 
3286 53 
3348 54 
3410 55 
3472 56 
3534 57 
3596 58 
3658 59 
3720 60 
3782 61 
3844 62 
