61 61
61 1 
122 2 
183 3 
244 4 
305 5 
366 6 
427 7 
488 8 
549 9 
610 10 
671 11 
732 12 
793 13 
854 14 
915 15 
976 16 
1037 17 
1098 18 
1159 19 
1220 20 
1281 21 
1342 22 
1403 23 
1464 24 
1525 25 
1586 26 
1647 27 
1708 28 
1769 29 
1830 30 
1891 31 
1952 32 
2013 33 
2074 34 
2135 35 
2196 36 
2257 37 
2318 38 
2379 39 
2440 40 
2501 41 
2562 42 
2623 43 
2684 44 
2745 45 
2806 46 
2867 47 
2928 48 
2989 49 
3050 50 
3111 51 
3172 52 
3233 53 
3294 54 
3355 55 
3416 56 
3477 57 
3538 58 
3599 59 
3660 60 
3721 61 
