126 126
126 1 
252 2 
378 3 
504 4 
630 5 
756 6 
882 7 
1008 8 
1134 9 
1260 10 
1386 11 
1512 12 
1638 13 
1764 14 
1890 15 
2016 16 
2142 17 
2268 18 
2394 19 
2520 20 
2646 21 
2772 22 
2898 23 
3024 24 
3150 25 
3276 26 
3402 27 
3528 28 
3654 29 
3780 30 
3906 31 
4032 32 
4158 33 
4284 34 
4410 35 
4536 36 
4662 37 
4788 38 
4914 39 
5040 40 
5166 41 
5292 42 
5418 43 
5544 44 
5670 45 
5796 46 
5922 47 
6048 48 
6174 49 
6300 50 
6426 51 
6552 52 
6678 53 
6804 54 
6930 55 
7056 56 
7182 57 
7308 58 
7434 59 
7560 60 
7686 61 
7812 62 
7938 63 
8064 64 
8190 65 
8316 66 
8442 67 
8568 68 
8694 69 
8820 70 
8946 71 
9072 72 
9198 73 
9324 74 
9450 75 
9576 76 
9702 77 
9828 78 
9954 79 
10080 80 
10206 81 
10332 82 
10458 83 
10584 84 
10710 85 
10836 86 
10962 87 
11088 88 
11214 89 
11340 90 
11466 91 
11592 92 
11718 93 
11844 94 
11970 95 
12096 96 
12222 97 
12348 98 
12474 99 
12600 100 
12726 101 
12852 102 
12978 103 
13104 104 
13230 105 
13356 106 
13482 107 
13608 108 
13734 109 
13860 110 
13986 111 
14112 112 
14238 113 
14364 114 
14490 115 
14616 116 
14742 117 
14868 118 
14994 119 
15120 120 
15246 121 
15372 122 
15498 123 
15624 124 
15750 125 
15876 126 
