139 139
139 1 
278 2 
417 3 
556 4 
695 5 
834 6 
973 7 
1112 8 
1251 9 
1390 10 
1529 11 
1668 12 
1807 13 
1946 14 
2085 15 
2224 16 
2363 17 
2502 18 
2641 19 
2780 20 
2919 21 
3058 22 
3197 23 
3336 24 
3475 25 
3614 26 
3753 27 
3892 28 
4031 29 
4170 30 
4309 31 
4448 32 
4587 33 
4726 34 
4865 35 
5004 36 
5143 37 
5282 38 
5421 39 
5560 40 
5699 41 
5838 42 
5977 43 
6116 44 
6255 45 
6394 46 
6533 47 
6672 48 
6811 49 
6950 50 
7089 51 
7228 52 
7367 53 
7506 54 
7645 55 
7784 56 
7923 57 
8062 58 
8201 59 
8340 60 
8479 61 
8618 62 
8757 63 
8896 64 
9035 65 
9174 66 
9313 67 
9452 68 
9591 69 
9730 70 
9869 71 
10008 72 
10147 73 
10286 74 
10425 75 
10564 76 
10703 77 
10842 78 
10981 79 
11120 80 
11259 81 
11398 82 
11537 83 
11676 84 
11815 85 
11954 86 
12093 87 
12232 88 
12371 89 
12510 90 
12649 91 
12788 92 
12927 93 
13066 94 
13205 95 
13344 96 
13483 97 
13622 98 
13761 99 
13900 100 
14039 101 
14178 102 
14317 103 
14456 104 
14595 105 
14734 106 
14873 107 
15012 108 
15151 109 
15290 110 
15429 111 
15568 112 
15707 113 
15846 114 
15985 115 
16124 116 
16263 117 
16402 118 
16541 119 
16680 120 
16819 121 
16958 122 
17097 123 
17236 124 
17375 125 
17514 126 
17653 127 
17792 128 
17931 129 
18070 130 
18209 131 
18348 132 
18487 133 
18626 134 
18765 135 
18904 136 
19043 137 
19182 138 
19321 139 
