78 78
78 1 
156 2 
234 3 
312 4 
390 5 
468 6 
546 7 
624 8 
702 9 
780 10 
858 11 
936 12 
1014 13 
1092 14 
1170 15 
1248 16 
1326 17 
1404 18 
1482 19 
1560 20 
1638 21 
1716 22 
1794 23 
1872 24 
1950 25 
2028 26 
2106 27 
2184 28 
2262 29 
2340 30 
2418 31 
2496 32 
2574 33 
2652 34 
2730 35 
2808 36 
2886 37 
2964 38 
3042 39 
3120 40 
3198 41 
3276 42 
3354 43 
3432 44 
3510 45 
3588 46 
3666 47 
3744 48 
3822 49 
3900 50 
3978 51 
4056 52 
4134 53 
4212 54 
4290 55 
4368 56 
4446 57 
4524 58 
4602 59 
4680 60 
4758 61 
4836 62 
4914 63 
4992 64 
5070 65 
5148 66 
5226 67 
5304 68 
5382 69 
5460 70 
5538 71 
5616 72 
5694 73 
5772 74 
5850 75 
5928 76 
6006 77 
6084 78 
