143 143
143 1 
286 2 
429 3 
572 4 
715 5 
858 6 
1001 7 
1144 8 
1287 9 
1430 10 
1573 11 
1716 12 
1859 13 
2002 14 
2145 15 
2288 16 
2431 17 
2574 18 
2717 19 
2860 20 
3003 21 
3146 22 
3289 23 
3432 24 
3575 25 
3718 26 
3861 27 
4004 28 
4147 29 
4290 30 
4433 31 
4576 32 
4719 33 
4862 34 
5005 35 
5148 36 
5291 37 
5434 38 
5577 39 
5720 40 
5863 41 
6006 42 
6149 43 
6292 44 
6435 45 
6578 46 
6721 47 
6864 48 
7007 49 
7150 50 
7293 51 
7436 52 
7579 53 
7722 54 
7865 55 
8008 56 
8151 57 
8294 58 
8437 59 
8580 60 
8723 61 
8866 62 
9009 63 
9152 64 
9295 65 
9438 66 
9581 67 
9724 68 
9867 69 
10010 70 
10153 71 
10296 72 
10439 73 
10582 74 
10725 75 
10868 76 
11011 77 
11154 78 
11297 79 
11440 80 
11583 81 
11726 82 
11869 83 
12012 84 
12155 85 
12298 86 
12441 87 
12584 88 
12727 89 
12870 90 
13013 91 
13156 92 
13299 93 
13442 94 
13585 95 
13728 96 
13871 97 
14014 98 
14157 99 
14300 100 
14443 101 
14586 102 
14729 103 
14872 104 
15015 105 
15158 106 
15301 107 
15444 108 
15587 109 
15730 110 
15873 111 
16016 112 
16159 113 
16302 114 
16445 115 
16588 116 
16731 117 
16874 118 
17017 119 
17160 120 
17303 121 
17446 122 
17589 123 
17732 124 
17875 125 
18018 126 
18161 127 
18304 128 
18447 129 
18590 130 
18733 131 
18876 132 
19019 133 
19162 134 
19305 135 
19448 136 
19591 137 
19734 138 
19877 139 
20020 140 
20163 141 
20306 142 
20449 143 
