110 110
110 1 
220 2 
330 3 
440 4 
550 5 
660 6 
770 7 
880 8 
990 9 
1100 10 
1210 11 
1320 12 
1430 13 
1540 14 
1650 15 
1760 16 
1870 17 
1980 18 
2090 19 
2200 20 
2310 21 
2420 22 
2530 23 
2640 24 
2750 25 
2860 26 
2970 27 
3080 28 
3190 29 
3300 30 
3410 31 
3520 32 
3630 33 
3740 34 
3850 35 
3960 36 
4070 37 
4180 38 
4290 39 
4400 40 
4510 41 
4620 42 
4730 43 
4840 44 
4950 45 
5060 46 
5170 47 
5280 48 
5390 49 
5500 50 
5610 51 
5720 52 
5830 53 
5940 54 
6050 55 
6160 56 
6270 57 
6380 58 
6490 59 
6600 60 
6710 61 
6820 62 
6930 63 
7040 64 
7150 65 
7260 66 
7370 67 
7480 68 
7590 69 
7700 70 
7810 71 
7920 72 
8030 73 
8140 74 
8250 75 
8360 76 
8470 77 
8580 78 
8690 79 
8800 80 
8910 81 
9020 82 
9130 83 
9240 84 
9350 85 
9460 86 
9570 87 
9680 88 
9790 89 
9900 90 
10010 91 
10120 92 
10230 93 
10340 94 
10450 95 
10560 96 
10670 97 
10780 98 
10890 99 
11000 100 
11110 101 
11220 102 
11330 103 
11440 104 
11550 105 
11660 106 
11770 107 
11880 108 
11990 109 
12100 110 
