148 148
148 1 
296 2 
444 3 
592 4 
740 5 
888 6 
1036 7 
1184 8 
1332 9 
1480 10 
1628 11 
1776 12 
1924 13 
2072 14 
2220 15 
2368 16 
2516 17 
2664 18 
2812 19 
2960 20 
3108 21 
3256 22 
3404 23 
3552 24 
3700 25 
3848 26 
3996 27 
4144 28 
4292 29 
4440 30 
4588 31 
4736 32 
4884 33 
5032 34 
5180 35 
5328 36 
5476 37 
5624 38 
5772 39 
5920 40 
6068 41 
6216 42 
6364 43 
6512 44 
6660 45 
6808 46 
6956 47 
7104 48 
7252 49 
7400 50 
7548 51 
7696 52 
7844 53 
7992 54 
8140 55 
8288 56 
8436 57 
8584 58 
8732 59 
8880 60 
9028 61 
9176 62 
9324 63 
9472 64 
9620 65 
9768 66 
9916 67 
10064 68 
10212 69 
10360 70 
10508 71 
10656 72 
10804 73 
10952 74 
11100 75 
11248 76 
11396 77 
11544 78 
11692 79 
11840 80 
11988 81 
12136 82 
12284 83 
12432 84 
12580 85 
12728 86 
12876 87 
13024 88 
13172 89 
13320 90 
13468 91 
13616 92 
13764 93 
13912 94 
14060 95 
14208 96 
14356 97 
14504 98 
14652 99 
14800 100 
14948 101 
15096 102 
15244 103 
15392 104 
15540 105 
15688 106 
15836 107 
15984 108 
16132 109 
16280 110 
16428 111 
16576 112 
16724 113 
16872 114 
17020 115 
17168 116 
17316 117 
17464 118 
17612 119 
17760 120 
17908 121 
18056 122 
18204 123 
18352 124 
18500 125 
18648 126 
18796 127 
18944 128 
19092 129 
19240 130 
19388 131 
19536 132 
19684 133 
19832 134 
19980 135 
20128 136 
20276 137 
20424 138 
20572 139 
20720 140 
20868 141 
21016 142 
21164 143 
21312 144 
21460 145 
21608 146 
21756 147 
21904 148 
