79 79
79 1 
158 2 
237 3 
316 4 
395 5 
474 6 
553 7 
632 8 
711 9 
790 10 
869 11 
948 12 
1027 13 
1106 14 
1185 15 
1264 16 
1343 17 
1422 18 
1501 19 
1580 20 
1659 21 
1738 22 
1817 23 
1896 24 
1975 25 
2054 26 
2133 27 
2212 28 
2291 29 
2370 30 
2449 31 
2528 32 
2607 33 
2686 34 
2765 35 
2844 36 
2923 37 
3002 38 
3081 39 
3160 40 
3239 41 
3318 42 
3397 43 
3476 44 
3555 45 
3634 46 
3713 47 
3792 48 
3871 49 
3950 50 
4029 51 
4108 52 
4187 53 
4266 54 
4345 55 
4424 56 
4503 57 
4582 58 
4661 59 
4740 60 
4819 61 
4898 62 
4977 63 
5056 64 
5135 65 
5214 66 
5293 67 
5372 68 
5451 69 
5530 70 
5609 71 
5688 72 
5767 73 
5846 74 
5925 75 
6004 76 
6083 77 
6162 78 
6241 79 
