169 169
169 1 
338 2 
507 3 
676 4 
845 5 
1014 6 
1183 7 
1352 8 
1521 9 
1690 10 
1859 11 
2028 12 
2197 13 
2366 14 
2535 15 
2704 16 
2873 17 
3042 18 
3211 19 
3380 20 
3549 21 
3718 22 
3887 23 
4056 24 
4225 25 
4394 26 
4563 27 
4732 28 
4901 29 
5070 30 
5239 31 
5408 32 
5577 33 
5746 34 
5915 35 
6084 36 
6253 37 
6422 38 
6591 39 
6760 40 
6929 41 
7098 42 
7267 43 
7436 44 
7605 45 
7774 46 
7943 47 
8112 48 
8281 49 
8450 50 
8619 51 
8788 52 
8957 53 
9126 54 
9295 55 
9464 56 
9633 57 
9802 58 
9971 59 
10140 60 
10309 61 
10478 62 
10647 63 
10816 64 
10985 65 
11154 66 
11323 67 
11492 68 
11661 69 
11830 70 
11999 71 
12168 72 
12337 73 
12506 74 
12675 75 
12844 76 
13013 77 
13182 78 
13351 79 
13520 80 
13689 81 
13858 82 
14027 83 
14196 84 
14365 85 
14534 86 
14703 87 
14872 88 
15041 89 
15210 90 
15379 91 
15548 92 
15717 93 
15886 94 
16055 95 
16224 96 
16393 97 
16562 98 
16731 99 
16900 100 
17069 101 
17238 102 
17407 103 
17576 104 
17745 105 
17914 106 
18083 107 
18252 108 
18421 109 
18590 110 
18759 111 
18928 112 
19097 113 
19266 114 
19435 115 
19604 116 
19773 117 
19942 118 
20111 119 
20280 120 
20449 121 
20618 122 
20787 123 
20956 124 
21125 125 
21294 126 
21463 127 
21632 128 
21801 129 
21970 130 
22139 131 
22308 132 
22477 133 
22646 134 
22815 135 
22984 136 
23153 137 
23322 138 
23491 139 
23660 140 
23829 141 
23998 142 
24167 143 
24336 144 
24505 145 
24674 146 
24843 147 
25012 148 
25181 149 
25350 150 
25519 151 
25688 152 
25857 153 
26026 154 
26195 155 
26364 156 
26533 157 
26702 158 
26871 159 
27040 160 
27209 161 
27378 162 
27547 163 
27716 164 
27885 165 
28054 166 
28223 167 
28392 168 
28561 169 
