99 99
99 1 
198 2 
297 3 
396 4 
495 5 
594 6 
693 7 
792 8 
891 9 
990 10 
1089 11 
1188 12 
1287 13 
1386 14 
1485 15 
1584 16 
1683 17 
1782 18 
1881 19 
1980 20 
2079 21 
2178 22 
2277 23 
2376 24 
2475 25 
2574 26 
2673 27 
2772 28 
2871 29 
2970 30 
3069 31 
3168 32 
3267 33 
3366 34 
3465 35 
3564 36 
3663 37 
3762 38 
3861 39 
3960 40 
4059 41 
4158 42 
4257 43 
4356 44 
4455 45 
4554 46 
4653 47 
4752 48 
4851 49 
4950 50 
5049 51 
5148 52 
5247 53 
5346 54 
5445 55 
5544 56 
5643 57 
5742 58 
5841 59 
5940 60 
6039 61 
6138 62 
6237 63 
6336 64 
6435 65 
6534 66 
6633 67 
6732 68 
6831 69 
6930 70 
7029 71 
7128 72 
7227 73 
7326 74 
7425 75 
7524 76 
7623 77 
7722 78 
7821 79 
7920 80 
8019 81 
8118 82 
8217 83 
8316 84 
8415 85 
8514 86 
8613 87 
8712 88 
8811 89 
8910 90 
9009 91 
9108 92 
9207 93 
9306 94 
9405 95 
9504 96 
9603 97 
9702 98 
9801 99 
