133 133
133 1 
266 2 
399 3 
532 4 
665 5 
798 6 
931 7 
1064 8 
1197 9 
1330 10 
1463 11 
1596 12 
1729 13 
1862 14 
1995 15 
2128 16 
2261 17 
2394 18 
2527 19 
2660 20 
2793 21 
2926 22 
3059 23 
3192 24 
3325 25 
3458 26 
3591 27 
3724 28 
3857 29 
3990 30 
4123 31 
4256 32 
4389 33 
4522 34 
4655 35 
4788 36 
4921 37 
5054 38 
5187 39 
5320 40 
5453 41 
5586 42 
5719 43 
5852 44 
5985 45 
6118 46 
6251 47 
6384 48 
6517 49 
6650 50 
6783 51 
6916 52 
7049 53 
7182 54 
7315 55 
7448 56 
7581 57 
7714 58 
7847 59 
7980 60 
8113 61 
8246 62 
8379 63 
8512 64 
8645 65 
8778 66 
8911 67 
9044 68 
9177 69 
9310 70 
9443 71 
9576 72 
9709 73 
9842 74 
9975 75 
10108 76 
10241 77 
10374 78 
10507 79 
10640 80 
10773 81 
10906 82 
11039 83 
11172 84 
11305 85 
11438 86 
11571 87 
11704 88 
11837 89 
11970 90 
12103 91 
12236 92 
12369 93 
12502 94 
12635 95 
12768 96 
12901 97 
13034 98 
13167 99 
13300 100 
13433 101 
13566 102 
13699 103 
13832 104 
13965 105 
14098 106 
14231 107 
14364 108 
14497 109 
14630 110 
14763 111 
14896 112 
15029 113 
15162 114 
15295 115 
15428 116 
15561 117 
15694 118 
15827 119 
15960 120 
16093 121 
16226 122 
16359 123 
16492 124 
16625 125 
16758 126 
16891 127 
17024 128 
17157 129 
17290 130 
17423 131 
17556 132 
17689 133 
