130 130
130 1 
260 2 
390 3 
520 4 
650 5 
780 6 
910 7 
1040 8 
1170 9 
1300 10 
1430 11 
1560 12 
1690 13 
1820 14 
1950 15 
2080 16 
2210 17 
2340 18 
2470 19 
2600 20 
2730 21 
2860 22 
2990 23 
3120 24 
3250 25 
3380 26 
3510 27 
3640 28 
3770 29 
3900 30 
4030 31 
4160 32 
4290 33 
4420 34 
4550 35 
4680 36 
4810 37 
4940 38 
5070 39 
5200 40 
5330 41 
5460 42 
5590 43 
5720 44 
5850 45 
5980 46 
6110 47 
6240 48 
6370 49 
6500 50 
6630 51 
6760 52 
6890 53 
7020 54 
7150 55 
7280 56 
7410 57 
7540 58 
7670 59 
7800 60 
7930 61 
8060 62 
8190 63 
8320 64 
8450 65 
8580 66 
8710 67 
8840 68 
8970 69 
9100 70 
9230 71 
9360 72 
9490 73 
9620 74 
9750 75 
9880 76 
10010 77 
10140 78 
10270 79 
10400 80 
10530 81 
10660 82 
10790 83 
10920 84 
11050 85 
11180 86 
11310 87 
11440 88 
11570 89 
11700 90 
11830 91 
11960 92 
12090 93 
12220 94 
12350 95 
12480 96 
12610 97 
12740 98 
12870 99 
13000 100 
13130 101 
13260 102 
13390 103 
13520 104 
13650 105 
13780 106 
13910 107 
14040 108 
14170 109 
14300 110 
14430 111 
14560 112 
14690 113 
14820 114 
14950 115 
15080 116 
15210 117 
15340 118 
15470 119 
15600 120 
15730 121 
15860 122 
15990 123 
16120 124 
16250 125 
16380 126 
16510 127 
16640 128 
16770 129 
16900 130 
