114 114
114 1 
228 2 
342 3 
456 4 
570 5 
684 6 
798 7 
912 8 
1026 9 
1140 10 
1254 11 
1368 12 
1482 13 
1596 14 
1710 15 
1824 16 
1938 17 
2052 18 
2166 19 
2280 20 
2394 21 
2508 22 
2622 23 
2736 24 
2850 25 
2964 26 
3078 27 
3192 28 
3306 29 
3420 30 
3534 31 
3648 32 
3762 33 
3876 34 
3990 35 
4104 36 
4218 37 
4332 38 
4446 39 
4560 40 
4674 41 
4788 42 
4902 43 
5016 44 
5130 45 
5244 46 
5358 47 
5472 48 
5586 49 
5700 50 
5814 51 
5928 52 
6042 53 
6156 54 
6270 55 
6384 56 
6498 57 
6612 58 
6726 59 
6840 60 
6954 61 
7068 62 
7182 63 
7296 64 
7410 65 
7524 66 
7638 67 
7752 68 
7866 69 
7980 70 
8094 71 
8208 72 
8322 73 
8436 74 
8550 75 
8664 76 
8778 77 
8892 78 
9006 79 
9120 80 
9234 81 
9348 82 
9462 83 
9576 84 
9690 85 
9804 86 
9918 87 
10032 88 
10146 89 
10260 90 
10374 91 
10488 92 
10602 93 
10716 94 
10830 95 
10944 96 
11058 97 
11172 98 
11286 99 
11400 100 
11514 101 
11628 102 
11742 103 
11856 104 
11970 105 
12084 106 
12198 107 
12312 108 
12426 109 
12540 110 
12654 111 
12768 112 
12882 113 
12996 114 
