179 179
179 1 
358 2 
537 3 
716 4 
895 5 
1074 6 
1253 7 
1432 8 
1611 9 
1790 10 
1969 11 
2148 12 
2327 13 
2506 14 
2685 15 
2864 16 
3043 17 
3222 18 
3401 19 
3580 20 
3759 21 
3938 22 
4117 23 
4296 24 
4475 25 
4654 26 
4833 27 
5012 28 
5191 29 
5370 30 
5549 31 
5728 32 
5907 33 
6086 34 
6265 35 
6444 36 
6623 37 
6802 38 
6981 39 
7160 40 
7339 41 
7518 42 
7697 43 
7876 44 
8055 45 
8234 46 
8413 47 
8592 48 
8771 49 
8950 50 
9129 51 
9308 52 
9487 53 
9666 54 
9845 55 
10024 56 
10203 57 
10382 58 
10561 59 
10740 60 
10919 61 
11098 62 
11277 63 
11456 64 
11635 65 
11814 66 
11993 67 
12172 68 
12351 69 
12530 70 
12709 71 
12888 72 
13067 73 
13246 74 
13425 75 
13604 76 
13783 77 
13962 78 
14141 79 
14320 80 
14499 81 
14678 82 
14857 83 
15036 84 
15215 85 
15394 86 
15573 87 
15752 88 
15931 89 
16110 90 
16289 91 
16468 92 
16647 93 
16826 94 
17005 95 
17184 96 
17363 97 
17542 98 
17721 99 
17900 100 
18079 101 
18258 102 
18437 103 
18616 104 
18795 105 
18974 106 
19153 107 
19332 108 
19511 109 
19690 110 
19869 111 
20048 112 
20227 113 
20406 114 
20585 115 
20764 116 
20943 117 
21122 118 
21301 119 
21480 120 
21659 121 
21838 122 
22017 123 
22196 124 
22375 125 
22554 126 
22733 127 
22912 128 
23091 129 
23270 130 
23449 131 
23628 132 
23807 133 
23986 134 
24165 135 
24344 136 
24523 137 
24702 138 
24881 139 
25060 140 
25239 141 
25418 142 
25597 143 
25776 144 
25955 145 
26134 146 
26313 147 
26492 148 
26671 149 
26850 150 
27029 151 
27208 152 
27387 153 
27566 154 
27745 155 
27924 156 
28103 157 
28282 158 
28461 159 
28640 160 
28819 161 
28998 162 
29177 163 
29356 164 
29535 165 
29714 166 
29893 167 
30072 168 
30251 169 
30430 170 
30609 171 
30788 172 
30967 173 
31146 174 
31325 175 
31504 176 
31683 177 
31862 178 
32041 179 
