94 94
94 1 
188 2 
282 3 
376 4 
470 5 
564 6 
658 7 
752 8 
846 9 
940 10 
1034 11 
1128 12 
1222 13 
1316 14 
1410 15 
1504 16 
1598 17 
1692 18 
1786 19 
1880 20 
1974 21 
2068 22 
2162 23 
2256 24 
2350 25 
2444 26 
2538 27 
2632 28 
2726 29 
2820 30 
2914 31 
3008 32 
3102 33 
3196 34 
3290 35 
3384 36 
3478 37 
3572 38 
3666 39 
3760 40 
3854 41 
3948 42 
4042 43 
4136 44 
4230 45 
4324 46 
4418 47 
4512 48 
4606 49 
4700 50 
4794 51 
4888 52 
4982 53 
5076 54 
5170 55 
5264 56 
5358 57 
5452 58 
5546 59 
5640 60 
5734 61 
5828 62 
5922 63 
6016 64 
6110 65 
6204 66 
6298 67 
6392 68 
6486 69 
6580 70 
6674 71 
6768 72 
6862 73 
6956 74 
7050 75 
7144 76 
7238 77 
7332 78 
7426 79 
7520 80 
7614 81 
7708 82 
7802 83 
7896 84 
7990 85 
8084 86 
8178 87 
8272 88 
8366 89 
8460 90 
8554 91 
8648 92 
8742 93 
8836 94 
