200 200
200 1 
400 2 
600 3 
800 4 
1000 5 
1200 6 
1400 7 
1600 8 
1800 9 
2000 10 
2200 11 
2400 12 
2600 13 
2800 14 
3000 15 
3200 16 
3400 17 
3600 18 
3800 19 
4000 20 
4200 21 
4400 22 
4600 23 
4800 24 
5000 25 
5200 26 
5400 27 
5600 28 
5800 29 
6000 30 
6200 31 
6400 32 
6600 33 
6800 34 
7000 35 
7200 36 
7400 37 
7600 38 
7800 39 
8000 40 
8200 41 
8400 42 
8600 43 
8800 44 
9000 45 
9200 46 
9400 47 
9600 48 
9800 49 
10000 50 
10200 51 
10400 52 
10600 53 
10800 54 
11000 55 
11200 56 
11400 57 
11600 58 
11800 59 
12000 60 
12200 61 
12400 62 
12600 63 
12800 64 
13000 65 
13200 66 
13400 67 
13600 68 
13800 69 
14000 70 
14200 71 
14400 72 
14600 73 
14800 74 
15000 75 
15200 76 
15400 77 
15600 78 
15800 79 
16000 80 
16200 81 
16400 82 
16600 83 
16800 84 
17000 85 
17200 86 
17400 87 
17600 88 
17800 89 
18000 90 
18200 91 
18400 92 
18600 93 
18800 94 
19000 95 
19200 96 
19400 97 
19600 98 
19800 99 
20000 100 
20200 101 
20400 102 
20600 103 
20800 104 
21000 105 
21200 106 
21400 107 
21600 108 
21800 109 
22000 110 
22200 111 
22400 112 
22600 113 
22800 114 
23000 115 
23200 116 
23400 117 
23600 118 
23800 119 
24000 120 
24200 121 
24400 122 
24600 123 
24800 124 
25000 125 
25200 126 
25400 127 
25600 128 
25800 129 
26000 130 
26200 131 
26400 132 
26600 133 
26800 134 
27000 135 
27200 136 
27400 137 
27600 138 
27800 139 
28000 140 
28200 141 
28400 142 
28600 143 
28800 144 
29000 145 
29200 146 
29400 147 
29600 148 
29800 149 
30000 150 
30200 151 
30400 152 
30600 153 
30800 154 
31000 155 
31200 156 
31400 157 
31600 158 
31800 159 
32000 160 
32200 161 
32400 162 
32600 163 
32800 164 
33000 165 
33200 166 
33400 167 
33600 168 
33800 169 
34000 170 
34200 171 
34400 172 
34600 173 
34800 174 
35000 175 
35200 176 
35400 177 
35600 178 
35800 179 
36000 180 
36200 181 
36400 182 
36600 183 
36800 184 
37000 185 
37200 186 
37400 187 
37600 188 
37800 189 
38000 190 
38200 191 
38400 192 
38600 193 
38800 194 
39000 195 
39200 196 
39400 197 
39600 198 
39800 199 
40000 200 
