127 127
127 1 
254 2 
381 3 
508 4 
635 5 
762 6 
889 7 
1016 8 
1143 9 
1270 10 
1397 11 
1524 12 
1651 13 
1778 14 
1905 15 
2032 16 
2159 17 
2286 18 
2413 19 
2540 20 
2667 21 
2794 22 
2921 23 
3048 24 
3175 25 
3302 26 
3429 27 
3556 28 
3683 29 
3810 30 
3937 31 
4064 32 
4191 33 
4318 34 
4445 35 
4572 36 
4699 37 
4826 38 
4953 39 
5080 40 
5207 41 
5334 42 
5461 43 
5588 44 
5715 45 
5842 46 
5969 47 
6096 48 
6223 49 
6350 50 
6477 51 
6604 52 
6731 53 
6858 54 
6985 55 
7112 56 
7239 57 
7366 58 
7493 59 
7620 60 
7747 61 
7874 62 
8001 63 
8128 64 
8255 65 
8382 66 
8509 67 
8636 68 
8763 69 
8890 70 
9017 71 
9144 72 
9271 73 
9398 74 
9525 75 
9652 76 
9779 77 
9906 78 
10033 79 
10160 80 
10287 81 
10414 82 
10541 83 
10668 84 
10795 85 
10922 86 
11049 87 
11176 88 
11303 89 
11430 90 
11557 91 
11684 92 
11811 93 
11938 94 
12065 95 
12192 96 
12319 97 
12446 98 
12573 99 
12700 100 
12827 101 
12954 102 
13081 103 
13208 104 
13335 105 
13462 106 
13589 107 
13716 108 
13843 109 
13970 110 
14097 111 
14224 112 
14351 113 
14478 114 
14605 115 
14732 116 
14859 117 
14986 118 
15113 119 
15240 120 
15367 121 
15494 122 
15621 123 
15748 124 
15875 125 
16002 126 
16129 127 
