119 119
119 1 
238 2 
357 3 
476 4 
595 5 
714 6 
833 7 
952 8 
1071 9 
1190 10 
1309 11 
1428 12 
1547 13 
1666 14 
1785 15 
1904 16 
2023 17 
2142 18 
2261 19 
2380 20 
2499 21 
2618 22 
2737 23 
2856 24 
2975 25 
3094 26 
3213 27 
3332 28 
3451 29 
3570 30 
3689 31 
3808 32 
3927 33 
4046 34 
4165 35 
4284 36 
4403 37 
4522 38 
4641 39 
4760 40 
4879 41 
4998 42 
5117 43 
5236 44 
5355 45 
5474 46 
5593 47 
5712 48 
5831 49 
5950 50 
6069 51 
6188 52 
6307 53 
6426 54 
6545 55 
6664 56 
6783 57 
6902 58 
7021 59 
7140 60 
7259 61 
7378 62 
7497 63 
7616 64 
7735 65 
7854 66 
7973 67 
8092 68 
8211 69 
8330 70 
8449 71 
8568 72 
8687 73 
8806 74 
8925 75 
9044 76 
9163 77 
9282 78 
9401 79 
9520 80 
9639 81 
9758 82 
9877 83 
9996 84 
10115 85 
10234 86 
10353 87 
10472 88 
10591 89 
10710 90 
10829 91 
10948 92 
11067 93 
11186 94 
11305 95 
11424 96 
11543 97 
11662 98 
11781 99 
11900 100 
12019 101 
12138 102 
12257 103 
12376 104 
12495 105 
12614 106 
12733 107 
12852 108 
12971 109 
13090 110 
13209 111 
13328 112 
13447 113 
13566 114 
13685 115 
13804 116 
13923 117 
14042 118 
14161 119 
