108 108
108 1 
216 2 
324 3 
432 4 
540 5 
648 6 
756 7 
864 8 
972 9 
1080 10 
1188 11 
1296 12 
1404 13 
1512 14 
1620 15 
1728 16 
1836 17 
1944 18 
2052 19 
2160 20 
2268 21 
2376 22 
2484 23 
2592 24 
2700 25 
2808 26 
2916 27 
3024 28 
3132 29 
3240 30 
3348 31 
3456 32 
3564 33 
3672 34 
3780 35 
3888 36 
3996 37 
4104 38 
4212 39 
4320 40 
4428 41 
4536 42 
4644 43 
4752 44 
4860 45 
4968 46 
5076 47 
5184 48 
5292 49 
5400 50 
5508 51 
5616 52 
5724 53 
5832 54 
5940 55 
6048 56 
6156 57 
6264 58 
6372 59 
6480 60 
6588 61 
6696 62 
6804 63 
6912 64 
7020 65 
7128 66 
7236 67 
7344 68 
7452 69 
7560 70 
7668 71 
7776 72 
7884 73 
7992 74 
8100 75 
8208 76 
8316 77 
8424 78 
8532 79 
8640 80 
8748 81 
8856 82 
8964 83 
9072 84 
9180 85 
9288 86 
9396 87 
9504 88 
9612 89 
9720 90 
9828 91 
9936 92 
10044 93 
10152 94 
10260 95 
10368 96 
10476 97 
10584 98 
10692 99 
10800 100 
10908 101 
11016 102 
11124 103 
11232 104 
11340 105 
11448 106 
11556 107 
11664 108 
