98 98
98 1 
196 2 
294 3 
392 4 
490 5 
588 6 
686 7 
784 8 
882 9 
980 10 
1078 11 
1176 12 
1274 13 
1372 14 
1470 15 
1568 16 
1666 17 
1764 18 
1862 19 
1960 20 
2058 21 
2156 22 
2254 23 
2352 24 
2450 25 
2548 26 
2646 27 
2744 28 
2842 29 
2940 30 
3038 31 
3136 32 
3234 33 
3332 34 
3430 35 
3528 36 
3626 37 
3724 38 
3822 39 
3920 40 
4018 41 
4116 42 
4214 43 
4312 44 
4410 45 
4508 46 
4606 47 
4704 48 
4802 49 
4900 50 
4998 51 
5096 52 
5194 53 
5292 54 
5390 55 
5488 56 
5586 57 
5684 58 
5782 59 
5880 60 
5978 61 
6076 62 
6174 63 
6272 64 
6370 65 
6468 66 
6566 67 
6664 68 
6762 69 
6860 70 
6958 71 
7056 72 
7154 73 
7252 74 
7350 75 
7448 76 
7546 77 
7644 78 
7742 79 
7840 80 
7938 81 
8036 82 
8134 83 
8232 84 
8330 85 
8428 86 
8526 87 
8624 88 
8722 89 
8820 90 
8918 91 
9016 92 
9114 93 
9212 94 
9310 95 
9408 96 
9506 97 
9604 98 
