149 149
149 1 
298 2 
447 3 
596 4 
745 5 
894 6 
1043 7 
1192 8 
1341 9 
1490 10 
1639 11 
1788 12 
1937 13 
2086 14 
2235 15 
2384 16 
2533 17 
2682 18 
2831 19 
2980 20 
3129 21 
3278 22 
3427 23 
3576 24 
3725 25 
3874 26 
4023 27 
4172 28 
4321 29 
4470 30 
4619 31 
4768 32 
4917 33 
5066 34 
5215 35 
5364 36 
5513 37 
5662 38 
5811 39 
5960 40 
6109 41 
6258 42 
6407 43 
6556 44 
6705 45 
6854 46 
7003 47 
7152 48 
7301 49 
7450 50 
7599 51 
7748 52 
7897 53 
8046 54 
8195 55 
8344 56 
8493 57 
8642 58 
8791 59 
8940 60 
9089 61 
9238 62 
9387 63 
9536 64 
9685 65 
9834 66 
9983 67 
10132 68 
10281 69 
10430 70 
10579 71 
10728 72 
10877 73 
11026 74 
11175 75 
11324 76 
11473 77 
11622 78 
11771 79 
11920 80 
12069 81 
12218 82 
12367 83 
12516 84 
12665 85 
12814 86 
12963 87 
13112 88 
13261 89 
13410 90 
13559 91 
13708 92 
13857 93 
14006 94 
14155 95 
14304 96 
14453 97 
14602 98 
14751 99 
14900 100 
15049 101 
15198 102 
15347 103 
15496 104 
15645 105 
15794 106 
15943 107 
16092 108 
16241 109 
16390 110 
16539 111 
16688 112 
16837 113 
16986 114 
17135 115 
17284 116 
17433 117 
17582 118 
17731 119 
17880 120 
18029 121 
18178 122 
18327 123 
18476 124 
18625 125 
18774 126 
18923 127 
19072 128 
19221 129 
19370 130 
19519 131 
19668 132 
19817 133 
19966 134 
20115 135 
20264 136 
20413 137 
20562 138 
20711 139 
20860 140 
21009 141 
21158 142 
21307 143 
21456 144 
21605 145 
21754 146 
21903 147 
22052 148 
22201 149 
