122 122
122 1 
244 2 
366 3 
488 4 
610 5 
732 6 
854 7 
976 8 
1098 9 
1220 10 
1342 11 
1464 12 
1586 13 
1708 14 
1830 15 
1952 16 
2074 17 
2196 18 
2318 19 
2440 20 
2562 21 
2684 22 
2806 23 
2928 24 
3050 25 
3172 26 
3294 27 
3416 28 
3538 29 
3660 30 
3782 31 
3904 32 
4026 33 
4148 34 
4270 35 
4392 36 
4514 37 
4636 38 
4758 39 
4880 40 
5002 41 
5124 42 
5246 43 
5368 44 
5490 45 
5612 46 
5734 47 
5856 48 
5978 49 
6100 50 
6222 51 
6344 52 
6466 53 
6588 54 
6710 55 
6832 56 
6954 57 
7076 58 
7198 59 
7320 60 
7442 61 
7564 62 
7686 63 
7808 64 
7930 65 
8052 66 
8174 67 
8296 68 
8418 69 
8540 70 
8662 71 
8784 72 
8906 73 
9028 74 
9150 75 
9272 76 
9394 77 
9516 78 
9638 79 
9760 80 
9882 81 
10004 82 
10126 83 
10248 84 
10370 85 
10492 86 
10614 87 
10736 88 
10858 89 
10980 90 
11102 91 
11224 92 
11346 93 
11468 94 
11590 95 
11712 96 
11834 97 
11956 98 
12078 99 
12200 100 
12322 101 
12444 102 
12566 103 
12688 104 
12810 105 
12932 106 
13054 107 
13176 108 
13298 109 
13420 110 
13542 111 
13664 112 
13786 113 
13908 114 
14030 115 
14152 116 
14274 117 
14396 118 
14518 119 
14640 120 
14762 121 
14884 122 
