66 66
66 1 
132 2 
198 3 
264 4 
330 5 
396 6 
462 7 
528 8 
594 9 
660 10 
726 11 
792 12 
858 13 
924 14 
990 15 
1056 16 
1122 17 
1188 18 
1254 19 
1320 20 
1386 21 
1452 22 
1518 23 
1584 24 
1650 25 
1716 26 
1782 27 
1848 28 
1914 29 
1980 30 
2046 31 
2112 32 
2178 33 
2244 34 
2310 35 
2376 36 
2442 37 
2508 38 
2574 39 
2640 40 
2706 41 
2772 42 
2838 43 
2904 44 
2970 45 
3036 46 
3102 47 
3168 48 
3234 49 
3300 50 
3366 51 
3432 52 
3498 53 
3564 54 
3630 55 
3696 56 
3762 57 
3828 58 
3894 59 
3960 60 
4026 61 
4092 62 
4158 63 
4224 64 
4290 65 
4356 66 
