63 63
63 1 
126 2 
189 3 
252 4 
315 5 
378 6 
441 7 
504 8 
567 9 
630 10 
693 11 
756 12 
819 13 
882 14 
945 15 
1008 16 
1071 17 
1134 18 
1197 19 
1260 20 
1323 21 
1386 22 
1449 23 
1512 24 
1575 25 
1638 26 
1701 27 
1764 28 
1827 29 
1890 30 
1953 31 
2016 32 
2079 33 
2142 34 
2205 35 
2268 36 
2331 37 
2394 38 
2457 39 
2520 40 
2583 41 
2646 42 
2709 43 
2772 44 
2835 45 
2898 46 
2961 47 
3024 48 
3087 49 
3150 50 
3213 51 
3276 52 
3339 53 
3402 54 
3465 55 
3528 56 
3591 57 
3654 58 
3717 59 
3780 60 
3843 61 
3906 62 
3969 63 
