125 125
125 1 
250 2 
375 3 
500 4 
625 5 
750 6 
875 7 
1000 8 
1125 9 
1250 10 
1375 11 
1500 12 
1625 13 
1750 14 
1875 15 
2000 16 
2125 17 
2250 18 
2375 19 
2500 20 
2625 21 
2750 22 
2875 23 
3000 24 
3125 25 
3250 26 
3375 27 
3500 28 
3625 29 
3750 30 
3875 31 
4000 32 
4125 33 
4250 34 
4375 35 
4500 36 
4625 37 
4750 38 
4875 39 
5000 40 
5125 41 
5250 42 
5375 43 
5500 44 
5625 45 
5750 46 
5875 47 
6000 48 
6125 49 
6250 50 
6375 51 
6500 52 
6625 53 
6750 54 
6875 55 
7000 56 
7125 57 
7250 58 
7375 59 
7500 60 
7625 61 
7750 62 
7875 63 
8000 64 
8125 65 
8250 66 
8375 67 
8500 68 
8625 69 
8750 70 
8875 71 
9000 72 
9125 73 
9250 74 
9375 75 
9500 76 
9625 77 
9750 78 
9875 79 
10000 80 
10125 81 
10250 82 
10375 83 
10500 84 
10625 85 
10750 86 
10875 87 
11000 88 
11125 89 
11250 90 
11375 91 
11500 92 
11625 93 
11750 94 
11875 95 
12000 96 
12125 97 
12250 98 
12375 99 
12500 100 
12625 101 
12750 102 
12875 103 
13000 104 
13125 105 
13250 106 
13375 107 
13500 108 
13625 109 
13750 110 
13875 111 
14000 112 
14125 113 
14250 114 
14375 115 
14500 116 
14625 117 
14750 118 
14875 119 
15000 120 
15125 121 
15250 122 
15375 123 
15500 124 
15625 125 
