177 177
177 1 
354 2 
531 3 
708 4 
885 5 
1062 6 
1239 7 
1416 8 
1593 9 
1770 10 
1947 11 
2124 12 
2301 13 
2478 14 
2655 15 
2832 16 
3009 17 
3186 18 
3363 19 
3540 20 
3717 21 
3894 22 
4071 23 
4248 24 
4425 25 
4602 26 
4779 27 
4956 28 
5133 29 
5310 30 
5487 31 
5664 32 
5841 33 
6018 34 
6195 35 
6372 36 
6549 37 
6726 38 
6903 39 
7080 40 
7257 41 
7434 42 
7611 43 
7788 44 
7965 45 
8142 46 
8319 47 
8496 48 
8673 49 
8850 50 
9027 51 
9204 52 
9381 53 
9558 54 
9735 55 
9912 56 
10089 57 
10266 58 
10443 59 
10620 60 
10797 61 
10974 62 
11151 63 
11328 64 
11505 65 
11682 66 
11859 67 
12036 68 
12213 69 
12390 70 
12567 71 
12744 72 
12921 73 
13098 74 
13275 75 
13452 76 
13629 77 
13806 78 
13983 79 
14160 80 
14337 81 
14514 82 
14691 83 
14868 84 
15045 85 
15222 86 
15399 87 
15576 88 
15753 89 
15930 90 
16107 91 
16284 92 
16461 93 
16638 94 
16815 95 
16992 96 
17169 97 
17346 98 
17523 99 
17700 100 
17877 101 
18054 102 
18231 103 
18408 104 
18585 105 
18762 106 
18939 107 
19116 108 
19293 109 
19470 110 
19647 111 
19824 112 
20001 113 
20178 114 
20355 115 
20532 116 
20709 117 
20886 118 
21063 119 
21240 120 
21417 121 
21594 122 
21771 123 
21948 124 
22125 125 
22302 126 
22479 127 
22656 128 
22833 129 
23010 130 
23187 131 
23364 132 
23541 133 
23718 134 
23895 135 
24072 136 
24249 137 
24426 138 
24603 139 
24780 140 
24957 141 
25134 142 
25311 143 
25488 144 
25665 145 
25842 146 
26019 147 
26196 148 
26373 149 
26550 150 
26727 151 
26904 152 
27081 153 
27258 154 
27435 155 
27612 156 
27789 157 
27966 158 
28143 159 
28320 160 
28497 161 
28674 162 
28851 163 
29028 164 
29205 165 
29382 166 
29559 167 
29736 168 
29913 169 
30090 170 
30267 171 
30444 172 
30621 173 
30798 174 
30975 175 
31152 176 
31329 177 
