102 102
102 1 
204 2 
306 3 
408 4 
510 5 
612 6 
714 7 
816 8 
918 9 
1020 10 
1122 11 
1224 12 
1326 13 
1428 14 
1530 15 
1632 16 
1734 17 
1836 18 
1938 19 
2040 20 
2142 21 
2244 22 
2346 23 
2448 24 
2550 25 
2652 26 
2754 27 
2856 28 
2958 29 
3060 30 
3162 31 
3264 32 
3366 33 
3468 34 
3570 35 
3672 36 
3774 37 
3876 38 
3978 39 
4080 40 
4182 41 
4284 42 
4386 43 
4488 44 
4590 45 
4692 46 
4794 47 
4896 48 
4998 49 
5100 50 
5202 51 
5304 52 
5406 53 
5508 54 
5610 55 
5712 56 
5814 57 
5916 58 
6018 59 
6120 60 
6222 61 
6324 62 
6426 63 
6528 64 
6630 65 
6732 66 
6834 67 
6936 68 
7038 69 
7140 70 
7242 71 
7344 72 
7446 73 
7548 74 
7650 75 
7752 76 
7854 77 
7956 78 
8058 79 
8160 80 
8262 81 
8364 82 
8466 83 
8568 84 
8670 85 
8772 86 
8874 87 
8976 88 
9078 89 
9180 90 
9282 91 
9384 92 
9486 93 
9588 94 
9690 95 
9792 96 
9894 97 
9996 98 
10098 99 
10200 100 
10302 101 
10404 102 
