135 135
135 1 
270 2 
405 3 
540 4 
675 5 
810 6 
945 7 
1080 8 
1215 9 
1350 10 
1485 11 
1620 12 
1755 13 
1890 14 
2025 15 
2160 16 
2295 17 
2430 18 
2565 19 
2700 20 
2835 21 
2970 22 
3105 23 
3240 24 
3375 25 
3510 26 
3645 27 
3780 28 
3915 29 
4050 30 
4185 31 
4320 32 
4455 33 
4590 34 
4725 35 
4860 36 
4995 37 
5130 38 
5265 39 
5400 40 
5535 41 
5670 42 
5805 43 
5940 44 
6075 45 
6210 46 
6345 47 
6480 48 
6615 49 
6750 50 
6885 51 
7020 52 
7155 53 
7290 54 
7425 55 
7560 56 
7695 57 
7830 58 
7965 59 
8100 60 
8235 61 
8370 62 
8505 63 
8640 64 
8775 65 
8910 66 
9045 67 
9180 68 
9315 69 
9450 70 
9585 71 
9720 72 
9855 73 
9990 74 
10125 75 
10260 76 
10395 77 
10530 78 
10665 79 
10800 80 
10935 81 
11070 82 
11205 83 
11340 84 
11475 85 
11610 86 
11745 87 
11880 88 
12015 89 
12150 90 
12285 91 
12420 92 
12555 93 
12690 94 
12825 95 
12960 96 
13095 97 
13230 98 
13365 99 
13500 100 
13635 101 
13770 102 
13905 103 
14040 104 
14175 105 
14310 106 
14445 107 
14580 108 
14715 109 
14850 110 
14985 111 
15120 112 
15255 113 
15390 114 
15525 115 
15660 116 
15795 117 
15930 118 
16065 119 
16200 120 
16335 121 
16470 122 
16605 123 
16740 124 
16875 125 
17010 126 
17145 127 
17280 128 
17415 129 
17550 130 
17685 131 
17820 132 
17955 133 
18090 134 
18225 135 
