180 180
180 1 
360 2 
540 3 
720 4 
900 5 
1080 6 
1260 7 
1440 8 
1620 9 
1800 10 
1980 11 
2160 12 
2340 13 
2520 14 
2700 15 
2880 16 
3060 17 
3240 18 
3420 19 
3600 20 
3780 21 
3960 22 
4140 23 
4320 24 
4500 25 
4680 26 
4860 27 
5040 28 
5220 29 
5400 30 
5580 31 
5760 32 
5940 33 
6120 34 
6300 35 
6480 36 
6660 37 
6840 38 
7020 39 
7200 40 
7380 41 
7560 42 
7740 43 
7920 44 
8100 45 
8280 46 
8460 47 
8640 48 
8820 49 
9000 50 
9180 51 
9360 52 
9540 53 
9720 54 
9900 55 
10080 56 
10260 57 
10440 58 
10620 59 
10800 60 
10980 61 
11160 62 
11340 63 
11520 64 
11700 65 
11880 66 
12060 67 
12240 68 
12420 69 
12600 70 
12780 71 
12960 72 
13140 73 
13320 74 
13500 75 
13680 76 
13860 77 
14040 78 
14220 79 
14400 80 
14580 81 
14760 82 
14940 83 
15120 84 
15300 85 
15480 86 
15660 87 
15840 88 
16020 89 
16200 90 
16380 91 
16560 92 
16740 93 
16920 94 
17100 95 
17280 96 
17460 97 
17640 98 
17820 99 
18000 100 
18180 101 
18360 102 
18540 103 
18720 104 
18900 105 
19080 106 
19260 107 
19440 108 
19620 109 
19800 110 
19980 111 
20160 112 
20340 113 
20520 114 
20700 115 
20880 116 
21060 117 
21240 118 
21420 119 
21600 120 
21780 121 
21960 122 
22140 123 
22320 124 
22500 125 
22680 126 
22860 127 
23040 128 
23220 129 
23400 130 
23580 131 
23760 132 
23940 133 
24120 134 
24300 135 
24480 136 
24660 137 
24840 138 
25020 139 
25200 140 
25380 141 
25560 142 
25740 143 
25920 144 
26100 145 
26280 146 
26460 147 
26640 148 
26820 149 
27000 150 
27180 151 
27360 152 
27540 153 
27720 154 
27900 155 
28080 156 
28260 157 
28440 158 
28620 159 
28800 160 
28980 161 
29160 162 
29340 163 
29520 164 
29700 165 
29880 166 
30060 167 
30240 168 
30420 169 
30600 170 
30780 171 
30960 172 
31140 173 
31320 174 
31500 175 
31680 176 
31860 177 
32040 178 
32220 179 
32400 180 
