59 59
59 1 
118 2 
177 3 
236 4 
295 5 
354 6 
413 7 
472 8 
531 9 
590 10 
649 11 
708 12 
767 13 
826 14 
885 15 
944 16 
1003 17 
1062 18 
1121 19 
1180 20 
1239 21 
1298 22 
1357 23 
1416 24 
1475 25 
1534 26 
1593 27 
1652 28 
1711 29 
1770 30 
1829 31 
1888 32 
1947 33 
2006 34 
2065 35 
2124 36 
2183 37 
2242 38 
2301 39 
2360 40 
2419 41 
2478 42 
2537 43 
2596 44 
2655 45 
2714 46 
2773 47 
2832 48 
2891 49 
2950 50 
3009 51 
3068 52 
3127 53 
3186 54 
3245 55 
3304 56 
3363 57 
3422 58 
3481 59 
