77 77
77 1 
154 2 
231 3 
308 4 
385 5 
462 6 
539 7 
616 8 
693 9 
770 10 
847 11 
924 12 
1001 13 
1078 14 
1155 15 
1232 16 
1309 17 
1386 18 
1463 19 
1540 20 
1617 21 
1694 22 
1771 23 
1848 24 
1925 25 
2002 26 
2079 27 
2156 28 
2233 29 
2310 30 
2387 31 
2464 32 
2541 33 
2618 34 
2695 35 
2772 36 
2849 37 
2926 38 
3003 39 
3080 40 
3157 41 
3234 42 
3311 43 
3388 44 
3465 45 
3542 46 
3619 47 
3696 48 
3773 49 
3850 50 
3927 51 
4004 52 
4081 53 
4158 54 
4235 55 
4312 56 
4389 57 
4466 58 
4543 59 
4620 60 
4697 61 
4774 62 
4851 63 
4928 64 
5005 65 
5082 66 
5159 67 
5236 68 
5313 69 
5390 70 
5467 71 
5544 72 
5621 73 
5698 74 
5775 75 
5852 76 
5929 77 
