153 153
153 1 
306 2 
459 3 
612 4 
765 5 
918 6 
1071 7 
1224 8 
1377 9 
1530 10 
1683 11 
1836 12 
1989 13 
2142 14 
2295 15 
2448 16 
2601 17 
2754 18 
2907 19 
3060 20 
3213 21 
3366 22 
3519 23 
3672 24 
3825 25 
3978 26 
4131 27 
4284 28 
4437 29 
4590 30 
4743 31 
4896 32 
5049 33 
5202 34 
5355 35 
5508 36 
5661 37 
5814 38 
5967 39 
6120 40 
6273 41 
6426 42 
6579 43 
6732 44 
6885 45 
7038 46 
7191 47 
7344 48 
7497 49 
7650 50 
7803 51 
7956 52 
8109 53 
8262 54 
8415 55 
8568 56 
8721 57 
8874 58 
9027 59 
9180 60 
9333 61 
9486 62 
9639 63 
9792 64 
9945 65 
10098 66 
10251 67 
10404 68 
10557 69 
10710 70 
10863 71 
11016 72 
11169 73 
11322 74 
11475 75 
11628 76 
11781 77 
11934 78 
12087 79 
12240 80 
12393 81 
12546 82 
12699 83 
12852 84 
13005 85 
13158 86 
13311 87 
13464 88 
13617 89 
13770 90 
13923 91 
14076 92 
14229 93 
14382 94 
14535 95 
14688 96 
14841 97 
14994 98 
15147 99 
15300 100 
15453 101 
15606 102 
15759 103 
15912 104 
16065 105 
16218 106 
16371 107 
16524 108 
16677 109 
16830 110 
16983 111 
17136 112 
17289 113 
17442 114 
17595 115 
17748 116 
17901 117 
18054 118 
18207 119 
18360 120 
18513 121 
18666 122 
18819 123 
18972 124 
19125 125 
19278 126 
19431 127 
19584 128 
19737 129 
19890 130 
20043 131 
20196 132 
20349 133 
20502 134 
20655 135 
20808 136 
20961 137 
21114 138 
21267 139 
21420 140 
21573 141 
21726 142 
21879 143 
22032 144 
22185 145 
22338 146 
22491 147 
22644 148 
22797 149 
22950 150 
23103 151 
23256 152 
23409 153 
