91 91
91 1 
182 2 
273 3 
364 4 
455 5 
546 6 
637 7 
728 8 
819 9 
910 10 
1001 11 
1092 12 
1183 13 
1274 14 
1365 15 
1456 16 
1547 17 
1638 18 
1729 19 
1820 20 
1911 21 
2002 22 
2093 23 
2184 24 
2275 25 
2366 26 
2457 27 
2548 28 
2639 29 
2730 30 
2821 31 
2912 32 
3003 33 
3094 34 
3185 35 
3276 36 
3367 37 
3458 38 
3549 39 
3640 40 
3731 41 
3822 42 
3913 43 
4004 44 
4095 45 
4186 46 
4277 47 
4368 48 
4459 49 
4550 50 
4641 51 
4732 52 
4823 53 
4914 54 
5005 55 
5096 56 
5187 57 
5278 58 
5369 59 
5460 60 
5551 61 
5642 62 
5733 63 
5824 64 
5915 65 
6006 66 
6097 67 
6188 68 
6279 69 
6370 70 
6461 71 
6552 72 
6643 73 
6734 74 
6825 75 
6916 76 
7007 77 
7098 78 
7189 79 
7280 80 
7371 81 
7462 82 
7553 83 
7644 84 
7735 85 
7826 86 
7917 87 
8008 88 
8099 89 
8190 90 
8281 91 
