109 109
109 1 
218 2 
327 3 
436 4 
545 5 
654 6 
763 7 
872 8 
981 9 
1090 10 
1199 11 
1308 12 
1417 13 
1526 14 
1635 15 
1744 16 
1853 17 
1962 18 
2071 19 
2180 20 
2289 21 
2398 22 
2507 23 
2616 24 
2725 25 
2834 26 
2943 27 
3052 28 
3161 29 
3270 30 
3379 31 
3488 32 
3597 33 
3706 34 
3815 35 
3924 36 
4033 37 
4142 38 
4251 39 
4360 40 
4469 41 
4578 42 
4687 43 
4796 44 
4905 45 
5014 46 
5123 47 
5232 48 
5341 49 
5450 50 
5559 51 
5668 52 
5777 53 
5886 54 
5995 55 
6104 56 
6213 57 
6322 58 
6431 59 
6540 60 
6649 61 
6758 62 
6867 63 
6976 64 
7085 65 
7194 66 
7303 67 
7412 68 
7521 69 
7630 70 
7739 71 
7848 72 
7957 73 
8066 74 
8175 75 
8284 76 
8393 77 
8502 78 
8611 79 
8720 80 
8829 81 
8938 82 
9047 83 
9156 84 
9265 85 
9374 86 
9483 87 
9592 88 
9701 89 
9810 90 
9919 91 
10028 92 
10137 93 
10246 94 
10355 95 
10464 96 
10573 97 
10682 98 
10791 99 
10900 100 
11009 101 
11118 102 
11227 103 
11336 104 
11445 105 
11554 106 
11663 107 
11772 108 
11881 109 
