181 181
181 1 
362 2 
543 3 
724 4 
905 5 
1086 6 
1267 7 
1448 8 
1629 9 
1810 10 
1991 11 
2172 12 
2353 13 
2534 14 
2715 15 
2896 16 
3077 17 
3258 18 
3439 19 
3620 20 
3801 21 
3982 22 
4163 23 
4344 24 
4525 25 
4706 26 
4887 27 
5068 28 
5249 29 
5430 30 
5611 31 
5792 32 
5973 33 
6154 34 
6335 35 
6516 36 
6697 37 
6878 38 
7059 39 
7240 40 
7421 41 
7602 42 
7783 43 
7964 44 
8145 45 
8326 46 
8507 47 
8688 48 
8869 49 
9050 50 
9231 51 
9412 52 
9593 53 
9774 54 
9955 55 
10136 56 
10317 57 
10498 58 
10679 59 
10860 60 
11041 61 
11222 62 
11403 63 
11584 64 
11765 65 
11946 66 
12127 67 
12308 68 
12489 69 
12670 70 
12851 71 
13032 72 
13213 73 
13394 74 
13575 75 
13756 76 
13937 77 
14118 78 
14299 79 
14480 80 
14661 81 
14842 82 
15023 83 
15204 84 
15385 85 
15566 86 
15747 87 
15928 88 
16109 89 
16290 90 
16471 91 
16652 92 
16833 93 
17014 94 
17195 95 
17376 96 
17557 97 
17738 98 
17919 99 
18100 100 
18281 101 
18462 102 
18643 103 
18824 104 
19005 105 
19186 106 
19367 107 
19548 108 
19729 109 
19910 110 
20091 111 
20272 112 
20453 113 
20634 114 
20815 115 
20996 116 
21177 117 
21358 118 
21539 119 
21720 120 
21901 121 
22082 122 
22263 123 
22444 124 
22625 125 
22806 126 
22987 127 
23168 128 
23349 129 
23530 130 
23711 131 
23892 132 
24073 133 
24254 134 
24435 135 
24616 136 
24797 137 
24978 138 
25159 139 
25340 140 
25521 141 
25702 142 
25883 143 
26064 144 
26245 145 
26426 146 
26607 147 
26788 148 
26969 149 
27150 150 
27331 151 
27512 152 
27693 153 
27874 154 
28055 155 
28236 156 
28417 157 
28598 158 
28779 159 
28960 160 
29141 161 
29322 162 
29503 163 
29684 164 
29865 165 
30046 166 
30227 167 
30408 168 
30589 169 
30770 170 
30951 171 
31132 172 
31313 173 
31494 174 
31675 175 
31856 176 
32037 177 
32218 178 
32399 179 
32580 180 
32761 181 
