105 105
105 1 
210 2 
315 3 
420 4 
525 5 
630 6 
735 7 
840 8 
945 9 
1050 10 
1155 11 
1260 12 
1365 13 
1470 14 
1575 15 
1680 16 
1785 17 
1890 18 
1995 19 
2100 20 
2205 21 
2310 22 
2415 23 
2520 24 
2625 25 
2730 26 
2835 27 
2940 28 
3045 29 
3150 30 
3255 31 
3360 32 
3465 33 
3570 34 
3675 35 
3780 36 
3885 37 
3990 38 
4095 39 
4200 40 
4305 41 
4410 42 
4515 43 
4620 44 
4725 45 
4830 46 
4935 47 
5040 48 
5145 49 
5250 50 
5355 51 
5460 52 
5565 53 
5670 54 
5775 55 
5880 56 
5985 57 
6090 58 
6195 59 
6300 60 
6405 61 
6510 62 
6615 63 
6720 64 
6825 65 
6930 66 
7035 67 
7140 68 
7245 69 
7350 70 
7455 71 
7560 72 
7665 73 
7770 74 
7875 75 
7980 76 
8085 77 
8190 78 
8295 79 
8400 80 
8505 81 
8610 82 
8715 83 
8820 84 
8925 85 
9030 86 
9135 87 
9240 88 
9345 89 
9450 90 
9555 91 
9660 92 
9765 93 
9870 94 
9975 95 
10080 96 
10185 97 
10290 98 
10395 99 
10500 100 
10605 101 
10710 102 
10815 103 
10920 104 
11025 105 
