190 190
190 1 
380 2 
570 3 
760 4 
950 5 
1140 6 
1330 7 
1520 8 
1710 9 
1900 10 
2090 11 
2280 12 
2470 13 
2660 14 
2850 15 
3040 16 
3230 17 
3420 18 
3610 19 
3800 20 
3990 21 
4180 22 
4370 23 
4560 24 
4750 25 
4940 26 
5130 27 
5320 28 
5510 29 
5700 30 
5890 31 
6080 32 
6270 33 
6460 34 
6650 35 
6840 36 
7030 37 
7220 38 
7410 39 
7600 40 
7790 41 
7980 42 
8170 43 
8360 44 
8550 45 
8740 46 
8930 47 
9120 48 
9310 49 
9500 50 
9690 51 
9880 52 
10070 53 
10260 54 
10450 55 
10640 56 
10830 57 
11020 58 
11210 59 
11400 60 
11590 61 
11780 62 
11970 63 
12160 64 
12350 65 
12540 66 
12730 67 
12920 68 
13110 69 
13300 70 
13490 71 
13680 72 
13870 73 
14060 74 
14250 75 
14440 76 
14630 77 
14820 78 
15010 79 
15200 80 
15390 81 
15580 82 
15770 83 
15960 84 
16150 85 
16340 86 
16530 87 
16720 88 
16910 89 
17100 90 
17290 91 
17480 92 
17670 93 
17860 94 
18050 95 
18240 96 
18430 97 
18620 98 
18810 99 
19000 100 
19190 101 
19380 102 
19570 103 
19760 104 
19950 105 
20140 106 
20330 107 
20520 108 
20710 109 
20900 110 
21090 111 
21280 112 
21470 113 
21660 114 
21850 115 
22040 116 
22230 117 
22420 118 
22610 119 
22800 120 
22990 121 
23180 122 
23370 123 
23560 124 
23750 125 
23940 126 
24130 127 
24320 128 
24510 129 
24700 130 
24890 131 
25080 132 
25270 133 
25460 134 
25650 135 
25840 136 
26030 137 
26220 138 
26410 139 
26600 140 
26790 141 
26980 142 
27170 143 
27360 144 
27550 145 
27740 146 
27930 147 
28120 148 
28310 149 
28500 150 
28690 151 
28880 152 
29070 153 
29260 154 
29450 155 
29640 156 
29830 157 
30020 158 
30210 159 
30400 160 
30590 161 
30780 162 
30970 163 
31160 164 
31350 165 
31540 166 
31730 167 
31920 168 
32110 169 
32300 170 
32490 171 
32680 172 
32870 173 
33060 174 
33250 175 
33440 176 
33630 177 
33820 178 
34010 179 
34200 180 
34390 181 
34580 182 
34770 183 
34960 184 
35150 185 
35340 186 
35530 187 
35720 188 
35910 189 
36100 190 
