121 121
121 1 
242 2 
363 3 
484 4 
605 5 
726 6 
847 7 
968 8 
1089 9 
1210 10 
1331 11 
1452 12 
1573 13 
1694 14 
1815 15 
1936 16 
2057 17 
2178 18 
2299 19 
2420 20 
2541 21 
2662 22 
2783 23 
2904 24 
3025 25 
3146 26 
3267 27 
3388 28 
3509 29 
3630 30 
3751 31 
3872 32 
3993 33 
4114 34 
4235 35 
4356 36 
4477 37 
4598 38 
4719 39 
4840 40 
4961 41 
5082 42 
5203 43 
5324 44 
5445 45 
5566 46 
5687 47 
5808 48 
5929 49 
6050 50 
6171 51 
6292 52 
6413 53 
6534 54 
6655 55 
6776 56 
6897 57 
7018 58 
7139 59 
7260 60 
7381 61 
7502 62 
7623 63 
7744 64 
7865 65 
7986 66 
8107 67 
8228 68 
8349 69 
8470 70 
8591 71 
8712 72 
8833 73 
8954 74 
9075 75 
9196 76 
9317 77 
9438 78 
9559 79 
9680 80 
9801 81 
9922 82 
10043 83 
10164 84 
10285 85 
10406 86 
10527 87 
10648 88 
10769 89 
10890 90 
11011 91 
11132 92 
11253 93 
11374 94 
11495 95 
11616 96 
11737 97 
11858 98 
11979 99 
12100 100 
12221 101 
12342 102 
12463 103 
12584 104 
12705 105 
12826 106 
12947 107 
13068 108 
13189 109 
13310 110 
13431 111 
13552 112 
13673 113 
13794 114 
13915 115 
14036 116 
14157 117 
14278 118 
14399 119 
14520 120 
14641 121 
