95 95
95 1 
190 2 
285 3 
380 4 
475 5 
570 6 
665 7 
760 8 
855 9 
950 10 
1045 11 
1140 12 
1235 13 
1330 14 
1425 15 
1520 16 
1615 17 
1710 18 
1805 19 
1900 20 
1995 21 
2090 22 
2185 23 
2280 24 
2375 25 
2470 26 
2565 27 
2660 28 
2755 29 
2850 30 
2945 31 
3040 32 
3135 33 
3230 34 
3325 35 
3420 36 
3515 37 
3610 38 
3705 39 
3800 40 
3895 41 
3990 42 
4085 43 
4180 44 
4275 45 
4370 46 
4465 47 
4560 48 
4655 49 
4750 50 
4845 51 
4940 52 
5035 53 
5130 54 
5225 55 
5320 56 
5415 57 
5510 58 
5605 59 
5700 60 
5795 61 
5890 62 
5985 63 
6080 64 
6175 65 
6270 66 
6365 67 
6460 68 
6555 69 
6650 70 
6745 71 
6840 72 
6935 73 
7030 74 
7125 75 
7220 76 
7315 77 
7410 78 
7505 79 
7600 80 
7695 81 
7790 82 
7885 83 
7980 84 
8075 85 
8170 86 
8265 87 
8360 88 
8455 89 
8550 90 
8645 91 
8740 92 
8835 93 
8930 94 
9025 95 
