137 137
137 1 
274 2 
411 3 
548 4 
685 5 
822 6 
959 7 
1096 8 
1233 9 
1370 10 
1507 11 
1644 12 
1781 13 
1918 14 
2055 15 
2192 16 
2329 17 
2466 18 
2603 19 
2740 20 
2877 21 
3014 22 
3151 23 
3288 24 
3425 25 
3562 26 
3699 27 
3836 28 
3973 29 
4110 30 
4247 31 
4384 32 
4521 33 
4658 34 
4795 35 
4932 36 
5069 37 
5206 38 
5343 39 
5480 40 
5617 41 
5754 42 
5891 43 
6028 44 
6165 45 
6302 46 
6439 47 
6576 48 
6713 49 
6850 50 
6987 51 
7124 52 
7261 53 
7398 54 
7535 55 
7672 56 
7809 57 
7946 58 
8083 59 
8220 60 
8357 61 
8494 62 
8631 63 
8768 64 
8905 65 
9042 66 
9179 67 
9316 68 
9453 69 
9590 70 
9727 71 
9864 72 
10001 73 
10138 74 
10275 75 
10412 76 
10549 77 
10686 78 
10823 79 
10960 80 
11097 81 
11234 82 
11371 83 
11508 84 
11645 85 
11782 86 
11919 87 
12056 88 
12193 89 
12330 90 
12467 91 
12604 92 
12741 93 
12878 94 
13015 95 
13152 96 
13289 97 
13426 98 
13563 99 
13700 100 
13837 101 
13974 102 
14111 103 
14248 104 
14385 105 
14522 106 
14659 107 
14796 108 
14933 109 
15070 110 
15207 111 
15344 112 
15481 113 
15618 114 
15755 115 
15892 116 
16029 117 
16166 118 
16303 119 
16440 120 
16577 121 
16714 122 
16851 123 
16988 124 
17125 125 
17262 126 
17399 127 
17536 128 
17673 129 
17810 130 
17947 131 
18084 132 
18221 133 
18358 134 
18495 135 
18632 136 
18769 137 
