123 123
123 1 
246 2 
369 3 
492 4 
615 5 
738 6 
861 7 
984 8 
1107 9 
1230 10 
1353 11 
1476 12 
1599 13 
1722 14 
1845 15 
1968 16 
2091 17 
2214 18 
2337 19 
2460 20 
2583 21 
2706 22 
2829 23 
2952 24 
3075 25 
3198 26 
3321 27 
3444 28 
3567 29 
3690 30 
3813 31 
3936 32 
4059 33 
4182 34 
4305 35 
4428 36 
4551 37 
4674 38 
4797 39 
4920 40 
5043 41 
5166 42 
5289 43 
5412 44 
5535 45 
5658 46 
5781 47 
5904 48 
6027 49 
6150 50 
6273 51 
6396 52 
6519 53 
6642 54 
6765 55 
6888 56 
7011 57 
7134 58 
7257 59 
7380 60 
7503 61 
7626 62 
7749 63 
7872 64 
7995 65 
8118 66 
8241 67 
8364 68 
8487 69 
8610 70 
8733 71 
8856 72 
8979 73 
9102 74 
9225 75 
9348 76 
9471 77 
9594 78 
9717 79 
9840 80 
9963 81 
10086 82 
10209 83 
10332 84 
10455 85 
10578 86 
10701 87 
10824 88 
10947 89 
11070 90 
11193 91 
11316 92 
11439 93 
11562 94 
11685 95 
11808 96 
11931 97 
12054 98 
12177 99 
12300 100 
12423 101 
12546 102 
12669 103 
12792 104 
12915 105 
13038 106 
13161 107 
13284 108 
13407 109 
13530 110 
13653 111 
13776 112 
13899 113 
14022 114 
14145 115 
14268 116 
14391 117 
14514 118 
14637 119 
14760 120 
14883 121 
15006 122 
15129 123 
