178 178
178 1 
356 2 
534 3 
712 4 
890 5 
1068 6 
1246 7 
1424 8 
1602 9 
1780 10 
1958 11 
2136 12 
2314 13 
2492 14 
2670 15 
2848 16 
3026 17 
3204 18 
3382 19 
3560 20 
3738 21 
3916 22 
4094 23 
4272 24 
4450 25 
4628 26 
4806 27 
4984 28 
5162 29 
5340 30 
5518 31 
5696 32 
5874 33 
6052 34 
6230 35 
6408 36 
6586 37 
6764 38 
6942 39 
7120 40 
7298 41 
7476 42 
7654 43 
7832 44 
8010 45 
8188 46 
8366 47 
8544 48 
8722 49 
8900 50 
9078 51 
9256 52 
9434 53 
9612 54 
9790 55 
9968 56 
10146 57 
10324 58 
10502 59 
10680 60 
10858 61 
11036 62 
11214 63 
11392 64 
11570 65 
11748 66 
11926 67 
12104 68 
12282 69 
12460 70 
12638 71 
12816 72 
12994 73 
13172 74 
13350 75 
13528 76 
13706 77 
13884 78 
14062 79 
14240 80 
14418 81 
14596 82 
14774 83 
14952 84 
15130 85 
15308 86 
15486 87 
15664 88 
15842 89 
16020 90 
16198 91 
16376 92 
16554 93 
16732 94 
16910 95 
17088 96 
17266 97 
17444 98 
17622 99 
17800 100 
17978 101 
18156 102 
18334 103 
18512 104 
18690 105 
18868 106 
19046 107 
19224 108 
19402 109 
19580 110 
19758 111 
19936 112 
20114 113 
20292 114 
20470 115 
20648 116 
20826 117 
21004 118 
21182 119 
21360 120 
21538 121 
21716 122 
21894 123 
22072 124 
22250 125 
22428 126 
22606 127 
22784 128 
22962 129 
23140 130 
23318 131 
23496 132 
23674 133 
23852 134 
24030 135 
24208 136 
24386 137 
24564 138 
24742 139 
24920 140 
25098 141 
25276 142 
25454 143 
25632 144 
25810 145 
25988 146 
26166 147 
26344 148 
26522 149 
26700 150 
26878 151 
27056 152 
27234 153 
27412 154 
27590 155 
27768 156 
27946 157 
28124 158 
28302 159 
28480 160 
28658 161 
28836 162 
29014 163 
29192 164 
29370 165 
29548 166 
29726 167 
29904 168 
30082 169 
30260 170 
30438 171 
30616 172 
30794 173 
30972 174 
31150 175 
31328 176 
31506 177 
31684 178 
