104 104
104 1 
208 2 
312 3 
416 4 
520 5 
624 6 
728 7 
832 8 
936 9 
1040 10 
1144 11 
1248 12 
1352 13 
1456 14 
1560 15 
1664 16 
1768 17 
1872 18 
1976 19 
2080 20 
2184 21 
2288 22 
2392 23 
2496 24 
2600 25 
2704 26 
2808 27 
2912 28 
3016 29 
3120 30 
3224 31 
3328 32 
3432 33 
3536 34 
3640 35 
3744 36 
3848 37 
3952 38 
4056 39 
4160 40 
4264 41 
4368 42 
4472 43 
4576 44 
4680 45 
4784 46 
4888 47 
4992 48 
5096 49 
5200 50 
5304 51 
5408 52 
5512 53 
5616 54 
5720 55 
5824 56 
5928 57 
6032 58 
6136 59 
6240 60 
6344 61 
6448 62 
6552 63 
6656 64 
6760 65 
6864 66 
6968 67 
7072 68 
7176 69 
7280 70 
7384 71 
7488 72 
7592 73 
7696 74 
7800 75 
7904 76 
8008 77 
8112 78 
8216 79 
8320 80 
8424 81 
8528 82 
8632 83 
8736 84 
8840 85 
8944 86 
9048 87 
9152 88 
9256 89 
9360 90 
9464 91 
9568 92 
9672 93 
9776 94 
9880 95 
9984 96 
10088 97 
10192 98 
10296 99 
10400 100 
10504 101 
10608 102 
10712 103 
10816 104 
