113 113
113 1 
226 2 
339 3 
452 4 
565 5 
678 6 
791 7 
904 8 
1017 9 
1130 10 
1243 11 
1356 12 
1469 13 
1582 14 
1695 15 
1808 16 
1921 17 
2034 18 
2147 19 
2260 20 
2373 21 
2486 22 
2599 23 
2712 24 
2825 25 
2938 26 
3051 27 
3164 28 
3277 29 
3390 30 
3503 31 
3616 32 
3729 33 
3842 34 
3955 35 
4068 36 
4181 37 
4294 38 
4407 39 
4520 40 
4633 41 
4746 42 
4859 43 
4972 44 
5085 45 
5198 46 
5311 47 
5424 48 
5537 49 
5650 50 
5763 51 
5876 52 
5989 53 
6102 54 
6215 55 
6328 56 
6441 57 
6554 58 
6667 59 
6780 60 
6893 61 
7006 62 
7119 63 
7232 64 
7345 65 
7458 66 
7571 67 
7684 68 
7797 69 
7910 70 
8023 71 
8136 72 
8249 73 
8362 74 
8475 75 
8588 76 
8701 77 
8814 78 
8927 79 
9040 80 
9153 81 
9266 82 
9379 83 
9492 84 
9605 85 
9718 86 
9831 87 
9944 88 
10057 89 
10170 90 
10283 91 
10396 92 
10509 93 
10622 94 
10735 95 
10848 96 
10961 97 
11074 98 
11187 99 
11300 100 
11413 101 
11526 102 
11639 103 
11752 104 
11865 105 
11978 106 
12091 107 
12204 108 
12317 109 
12430 110 
12543 111 
12656 112 
12769 113 
