141 141
141 1 
282 2 
423 3 
564 4 
705 5 
846 6 
987 7 
1128 8 
1269 9 
1410 10 
1551 11 
1692 12 
1833 13 
1974 14 
2115 15 
2256 16 
2397 17 
2538 18 
2679 19 
2820 20 
2961 21 
3102 22 
3243 23 
3384 24 
3525 25 
3666 26 
3807 27 
3948 28 
4089 29 
4230 30 
4371 31 
4512 32 
4653 33 
4794 34 
4935 35 
5076 36 
5217 37 
5358 38 
5499 39 
5640 40 
5781 41 
5922 42 
6063 43 
6204 44 
6345 45 
6486 46 
6627 47 
6768 48 
6909 49 
7050 50 
7191 51 
7332 52 
7473 53 
7614 54 
7755 55 
7896 56 
8037 57 
8178 58 
8319 59 
8460 60 
8601 61 
8742 62 
8883 63 
9024 64 
9165 65 
9306 66 
9447 67 
9588 68 
9729 69 
9870 70 
10011 71 
10152 72 
10293 73 
10434 74 
10575 75 
10716 76 
10857 77 
10998 78 
11139 79 
11280 80 
11421 81 
11562 82 
11703 83 
11844 84 
11985 85 
12126 86 
12267 87 
12408 88 
12549 89 
12690 90 
12831 91 
12972 92 
13113 93 
13254 94 
13395 95 
13536 96 
13677 97 
13818 98 
13959 99 
14100 100 
14241 101 
14382 102 
14523 103 
14664 104 
14805 105 
14946 106 
15087 107 
15228 108 
15369 109 
15510 110 
15651 111 
15792 112 
15933 113 
16074 114 
16215 115 
16356 116 
16497 117 
16638 118 
16779 119 
16920 120 
17061 121 
17202 122 
17343 123 
17484 124 
17625 125 
17766 126 
17907 127 
18048 128 
18189 129 
18330 130 
18471 131 
18612 132 
18753 133 
18894 134 
19035 135 
19176 136 
19317 137 
19458 138 
19599 139 
19740 140 
19881 141 
