171 171
171 1 
342 2 
513 3 
684 4 
855 5 
1026 6 
1197 7 
1368 8 
1539 9 
1710 10 
1881 11 
2052 12 
2223 13 
2394 14 
2565 15 
2736 16 
2907 17 
3078 18 
3249 19 
3420 20 
3591 21 
3762 22 
3933 23 
4104 24 
4275 25 
4446 26 
4617 27 
4788 28 
4959 29 
5130 30 
5301 31 
5472 32 
5643 33 
5814 34 
5985 35 
6156 36 
6327 37 
6498 38 
6669 39 
6840 40 
7011 41 
7182 42 
7353 43 
7524 44 
7695 45 
7866 46 
8037 47 
8208 48 
8379 49 
8550 50 
8721 51 
8892 52 
9063 53 
9234 54 
9405 55 
9576 56 
9747 57 
9918 58 
10089 59 
10260 60 
10431 61 
10602 62 
10773 63 
10944 64 
11115 65 
11286 66 
11457 67 
11628 68 
11799 69 
11970 70 
12141 71 
12312 72 
12483 73 
12654 74 
12825 75 
12996 76 
13167 77 
13338 78 
13509 79 
13680 80 
13851 81 
14022 82 
14193 83 
14364 84 
14535 85 
14706 86 
14877 87 
15048 88 
15219 89 
15390 90 
15561 91 
15732 92 
15903 93 
16074 94 
16245 95 
16416 96 
16587 97 
16758 98 
16929 99 
17100 100 
17271 101 
17442 102 
17613 103 
17784 104 
17955 105 
18126 106 
18297 107 
18468 108 
18639 109 
18810 110 
18981 111 
19152 112 
19323 113 
19494 114 
19665 115 
19836 116 
20007 117 
20178 118 
20349 119 
20520 120 
20691 121 
20862 122 
21033 123 
21204 124 
21375 125 
21546 126 
21717 127 
21888 128 
22059 129 
22230 130 
22401 131 
22572 132 
22743 133 
22914 134 
23085 135 
23256 136 
23427 137 
23598 138 
23769 139 
23940 140 
24111 141 
24282 142 
24453 143 
24624 144 
24795 145 
24966 146 
25137 147 
25308 148 
25479 149 
25650 150 
25821 151 
25992 152 
26163 153 
26334 154 
26505 155 
26676 156 
26847 157 
27018 158 
27189 159 
27360 160 
27531 161 
27702 162 
27873 163 
28044 164 
28215 165 
28386 166 
28557 167 
28728 168 
28899 169 
29070 170 
29241 171 
