72 72
72 1 
144 2 
216 3 
288 4 
360 5 
432 6 
504 7 
576 8 
648 9 
720 10 
792 11 
864 12 
936 13 
1008 14 
1080 15 
1152 16 
1224 17 
1296 18 
1368 19 
1440 20 
1512 21 
1584 22 
1656 23 
1728 24 
1800 25 
1872 26 
1944 27 
2016 28 
2088 29 
2160 30 
2232 31 
2304 32 
2376 33 
2448 34 
2520 35 
2592 36 
2664 37 
2736 38 
2808 39 
2880 40 
2952 41 
3024 42 
3096 43 
3168 44 
3240 45 
3312 46 
3384 47 
3456 48 
3528 49 
3600 50 
3672 51 
3744 52 
3816 53 
3888 54 
3960 55 
4032 56 
4104 57 
4176 58 
4248 59 
4320 60 
4392 61 
4464 62 
4536 63 
4608 64 
4680 65 
4752 66 
4824 67 
4896 68 
4968 69 
5040 70 
5112 71 
5184 72 
