192 192
192 1 
384 2 
576 3 
768 4 
960 5 
1152 6 
1344 7 
1536 8 
1728 9 
1920 10 
2112 11 
2304 12 
2496 13 
2688 14 
2880 15 
3072 16 
3264 17 
3456 18 
3648 19 
3840 20 
4032 21 
4224 22 
4416 23 
4608 24 
4800 25 
4992 26 
5184 27 
5376 28 
5568 29 
5760 30 
5952 31 
6144 32 
6336 33 
6528 34 
6720 35 
6912 36 
7104 37 
7296 38 
7488 39 
7680 40 
7872 41 
8064 42 
8256 43 
8448 44 
8640 45 
8832 46 
9024 47 
9216 48 
9408 49 
9600 50 
9792 51 
9984 52 
10176 53 
10368 54 
10560 55 
10752 56 
10944 57 
11136 58 
11328 59 
11520 60 
11712 61 
11904 62 
12096 63 
12288 64 
12480 65 
12672 66 
12864 67 
13056 68 
13248 69 
13440 70 
13632 71 
13824 72 
14016 73 
14208 74 
14400 75 
14592 76 
14784 77 
14976 78 
15168 79 
15360 80 
15552 81 
15744 82 
15936 83 
16128 84 
16320 85 
16512 86 
16704 87 
16896 88 
17088 89 
17280 90 
17472 91 
17664 92 
17856 93 
18048 94 
18240 95 
18432 96 
18624 97 
18816 98 
19008 99 
19200 100 
19392 101 
19584 102 
19776 103 
19968 104 
20160 105 
20352 106 
20544 107 
20736 108 
20928 109 
21120 110 
21312 111 
21504 112 
21696 113 
21888 114 
22080 115 
22272 116 
22464 117 
22656 118 
22848 119 
23040 120 
23232 121 
23424 122 
23616 123 
23808 124 
24000 125 
24192 126 
24384 127 
24576 128 
24768 129 
24960 130 
25152 131 
25344 132 
25536 133 
25728 134 
25920 135 
26112 136 
26304 137 
26496 138 
26688 139 
26880 140 
27072 141 
27264 142 
27456 143 
27648 144 
27840 145 
28032 146 
28224 147 
28416 148 
28608 149 
28800 150 
28992 151 
29184 152 
29376 153 
29568 154 
29760 155 
29952 156 
30144 157 
30336 158 
30528 159 
30720 160 
30912 161 
31104 162 
31296 163 
31488 164 
31680 165 
31872 166 
32064 167 
32256 168 
32448 169 
32640 170 
32832 171 
33024 172 
33216 173 
33408 174 
33600 175 
33792 176 
33984 177 
34176 178 
34368 179 
34560 180 
34752 181 
34944 182 
35136 183 
35328 184 
35520 185 
35712 186 
35904 187 
36096 188 
36288 189 
36480 190 
36672 191 
36864 192 
