189 189
189 1 
378 2 
567 3 
756 4 
945 5 
1134 6 
1323 7 
1512 8 
1701 9 
1890 10 
2079 11 
2268 12 
2457 13 
2646 14 
2835 15 
3024 16 
3213 17 
3402 18 
3591 19 
3780 20 
3969 21 
4158 22 
4347 23 
4536 24 
4725 25 
4914 26 
5103 27 
5292 28 
5481 29 
5670 30 
5859 31 
6048 32 
6237 33 
6426 34 
6615 35 
6804 36 
6993 37 
7182 38 
7371 39 
7560 40 
7749 41 
7938 42 
8127 43 
8316 44 
8505 45 
8694 46 
8883 47 
9072 48 
9261 49 
9450 50 
9639 51 
9828 52 
10017 53 
10206 54 
10395 55 
10584 56 
10773 57 
10962 58 
11151 59 
11340 60 
11529 61 
11718 62 
11907 63 
12096 64 
12285 65 
12474 66 
12663 67 
12852 68 
13041 69 
13230 70 
13419 71 
13608 72 
13797 73 
13986 74 
14175 75 
14364 76 
14553 77 
14742 78 
14931 79 
15120 80 
15309 81 
15498 82 
15687 83 
15876 84 
16065 85 
16254 86 
16443 87 
16632 88 
16821 89 
17010 90 
17199 91 
17388 92 
17577 93 
17766 94 
17955 95 
18144 96 
18333 97 
18522 98 
18711 99 
18900 100 
19089 101 
19278 102 
19467 103 
19656 104 
19845 105 
20034 106 
20223 107 
20412 108 
20601 109 
20790 110 
20979 111 
21168 112 
21357 113 
21546 114 
21735 115 
21924 116 
22113 117 
22302 118 
22491 119 
22680 120 
22869 121 
23058 122 
23247 123 
23436 124 
23625 125 
23814 126 
24003 127 
24192 128 
24381 129 
24570 130 
24759 131 
24948 132 
25137 133 
25326 134 
25515 135 
25704 136 
25893 137 
26082 138 
26271 139 
26460 140 
26649 141 
26838 142 
27027 143 
27216 144 
27405 145 
27594 146 
27783 147 
27972 148 
28161 149 
28350 150 
28539 151 
28728 152 
28917 153 
29106 154 
29295 155 
29484 156 
29673 157 
29862 158 
30051 159 
30240 160 
30429 161 
30618 162 
30807 163 
30996 164 
31185 165 
31374 166 
31563 167 
31752 168 
31941 169 
32130 170 
32319 171 
32508 172 
32697 173 
32886 174 
33075 175 
33264 176 
33453 177 
33642 178 
33831 179 
34020 180 
34209 181 
34398 182 
34587 183 
34776 184 
34965 185 
35154 186 
35343 187 
35532 188 
35721 189 
