183 183
183 1 
366 2 
549 3 
732 4 
915 5 
1098 6 
1281 7 
1464 8 
1647 9 
1830 10 
2013 11 
2196 12 
2379 13 
2562 14 
2745 15 
2928 16 
3111 17 
3294 18 
3477 19 
3660 20 
3843 21 
4026 22 
4209 23 
4392 24 
4575 25 
4758 26 
4941 27 
5124 28 
5307 29 
5490 30 
5673 31 
5856 32 
6039 33 
6222 34 
6405 35 
6588 36 
6771 37 
6954 38 
7137 39 
7320 40 
7503 41 
7686 42 
7869 43 
8052 44 
8235 45 
8418 46 
8601 47 
8784 48 
8967 49 
9150 50 
9333 51 
9516 52 
9699 53 
9882 54 
10065 55 
10248 56 
10431 57 
10614 58 
10797 59 
10980 60 
11163 61 
11346 62 
11529 63 
11712 64 
11895 65 
12078 66 
12261 67 
12444 68 
12627 69 
12810 70 
12993 71 
13176 72 
13359 73 
13542 74 
13725 75 
13908 76 
14091 77 
14274 78 
14457 79 
14640 80 
14823 81 
15006 82 
15189 83 
15372 84 
15555 85 
15738 86 
15921 87 
16104 88 
16287 89 
16470 90 
16653 91 
16836 92 
17019 93 
17202 94 
17385 95 
17568 96 
17751 97 
17934 98 
18117 99 
18300 100 
18483 101 
18666 102 
18849 103 
19032 104 
19215 105 
19398 106 
19581 107 
19764 108 
19947 109 
20130 110 
20313 111 
20496 112 
20679 113 
20862 114 
21045 115 
21228 116 
21411 117 
21594 118 
21777 119 
21960 120 
22143 121 
22326 122 
22509 123 
22692 124 
22875 125 
23058 126 
23241 127 
23424 128 
23607 129 
23790 130 
23973 131 
24156 132 
24339 133 
24522 134 
24705 135 
24888 136 
25071 137 
25254 138 
25437 139 
25620 140 
25803 141 
25986 142 
26169 143 
26352 144 
26535 145 
26718 146 
26901 147 
27084 148 
27267 149 
27450 150 
27633 151 
27816 152 
27999 153 
28182 154 
28365 155 
28548 156 
28731 157 
28914 158 
29097 159 
29280 160 
29463 161 
29646 162 
29829 163 
30012 164 
30195 165 
30378 166 
30561 167 
30744 168 
30927 169 
31110 170 
31293 171 
31476 172 
31659 173 
31842 174 
32025 175 
32208 176 
32391 177 
32574 178 
32757 179 
32940 180 
33123 181 
33306 182 
33489 183 
