67 67
67 1 
134 2 
201 3 
268 4 
335 5 
402 6 
469 7 
536 8 
603 9 
670 10 
737 11 
804 12 
871 13 
938 14 
1005 15 
1072 16 
1139 17 
1206 18 
1273 19 
1340 20 
1407 21 
1474 22 
1541 23 
1608 24 
1675 25 
1742 26 
1809 27 
1876 28 
1943 29 
2010 30 
2077 31 
2144 32 
2211 33 
2278 34 
2345 35 
2412 36 
2479 37 
2546 38 
2613 39 
2680 40 
2747 41 
2814 42 
2881 43 
2948 44 
3015 45 
3082 46 
3149 47 
3216 48 
3283 49 
3350 50 
3417 51 
3484 52 
3551 53 
3618 54 
3685 55 
3752 56 
3819 57 
3886 58 
3953 59 
4020 60 
4087 61 
4154 62 
4221 63 
4288 64 
4355 65 
4422 66 
4489 67 
