195 195
195 1 
390 2 
585 3 
780 4 
975 5 
1170 6 
1365 7 
1560 8 
1755 9 
1950 10 
2145 11 
2340 12 
2535 13 
2730 14 
2925 15 
3120 16 
3315 17 
3510 18 
3705 19 
3900 20 
4095 21 
4290 22 
4485 23 
4680 24 
4875 25 
5070 26 
5265 27 
5460 28 
5655 29 
5850 30 
6045 31 
6240 32 
6435 33 
6630 34 
6825 35 
7020 36 
7215 37 
7410 38 
7605 39 
7800 40 
7995 41 
8190 42 
8385 43 
8580 44 
8775 45 
8970 46 
9165 47 
9360 48 
9555 49 
9750 50 
9945 51 
10140 52 
10335 53 
10530 54 
10725 55 
10920 56 
11115 57 
11310 58 
11505 59 
11700 60 
11895 61 
12090 62 
12285 63 
12480 64 
12675 65 
12870 66 
13065 67 
13260 68 
13455 69 
13650 70 
13845 71 
14040 72 
14235 73 
14430 74 
14625 75 
14820 76 
15015 77 
15210 78 
15405 79 
15600 80 
15795 81 
15990 82 
16185 83 
16380 84 
16575 85 
16770 86 
16965 87 
17160 88 
17355 89 
17550 90 
17745 91 
17940 92 
18135 93 
18330 94 
18525 95 
18720 96 
18915 97 
19110 98 
19305 99 
19500 100 
19695 101 
19890 102 
20085 103 
20280 104 
20475 105 
20670 106 
20865 107 
21060 108 
21255 109 
21450 110 
21645 111 
21840 112 
22035 113 
22230 114 
22425 115 
22620 116 
22815 117 
23010 118 
23205 119 
23400 120 
23595 121 
23790 122 
23985 123 
24180 124 
24375 125 
24570 126 
24765 127 
24960 128 
25155 129 
25350 130 
25545 131 
25740 132 
25935 133 
26130 134 
26325 135 
26520 136 
26715 137 
26910 138 
27105 139 
27300 140 
27495 141 
27690 142 
27885 143 
28080 144 
28275 145 
28470 146 
28665 147 
28860 148 
29055 149 
29250 150 
29445 151 
29640 152 
29835 153 
30030 154 
30225 155 
30420 156 
30615 157 
30810 158 
31005 159 
31200 160 
31395 161 
31590 162 
31785 163 
31980 164 
32175 165 
32370 166 
32565 167 
32760 168 
32955 169 
33150 170 
33345 171 
33540 172 
33735 173 
33930 174 
34125 175 
34320 176 
34515 177 
34710 178 
34905 179 
35100 180 
35295 181 
35490 182 
35685 183 
35880 184 
36075 185 
36270 186 
36465 187 
36660 188 
36855 189 
37050 190 
37245 191 
37440 192 
37635 193 
37830 194 
38025 195 
