157 157
157 1 
314 2 
471 3 
628 4 
785 5 
942 6 
1099 7 
1256 8 
1413 9 
1570 10 
1727 11 
1884 12 
2041 13 
2198 14 
2355 15 
2512 16 
2669 17 
2826 18 
2983 19 
3140 20 
3297 21 
3454 22 
3611 23 
3768 24 
3925 25 
4082 26 
4239 27 
4396 28 
4553 29 
4710 30 
4867 31 
5024 32 
5181 33 
5338 34 
5495 35 
5652 36 
5809 37 
5966 38 
6123 39 
6280 40 
6437 41 
6594 42 
6751 43 
6908 44 
7065 45 
7222 46 
7379 47 
7536 48 
7693 49 
7850 50 
8007 51 
8164 52 
8321 53 
8478 54 
8635 55 
8792 56 
8949 57 
9106 58 
9263 59 
9420 60 
9577 61 
9734 62 
9891 63 
10048 64 
10205 65 
10362 66 
10519 67 
10676 68 
10833 69 
10990 70 
11147 71 
11304 72 
11461 73 
11618 74 
11775 75 
11932 76 
12089 77 
12246 78 
12403 79 
12560 80 
12717 81 
12874 82 
13031 83 
13188 84 
13345 85 
13502 86 
13659 87 
13816 88 
13973 89 
14130 90 
14287 91 
14444 92 
14601 93 
14758 94 
14915 95 
15072 96 
15229 97 
15386 98 
15543 99 
15700 100 
15857 101 
16014 102 
16171 103 
16328 104 
16485 105 
16642 106 
16799 107 
16956 108 
17113 109 
17270 110 
17427 111 
17584 112 
17741 113 
17898 114 
18055 115 
18212 116 
18369 117 
18526 118 
18683 119 
18840 120 
18997 121 
19154 122 
19311 123 
19468 124 
19625 125 
19782 126 
19939 127 
20096 128 
20253 129 
20410 130 
20567 131 
20724 132 
20881 133 
21038 134 
21195 135 
21352 136 
21509 137 
21666 138 
21823 139 
21980 140 
22137 141 
22294 142 
22451 143 
22608 144 
22765 145 
22922 146 
23079 147 
23236 148 
23393 149 
23550 150 
23707 151 
23864 152 
24021 153 
24178 154 
24335 155 
24492 156 
24649 157 
