65 65
65 1 
130 2 
195 3 
260 4 
325 5 
390 6 
455 7 
520 8 
585 9 
650 10 
715 11 
780 12 
845 13 
910 14 
975 15 
1040 16 
1105 17 
1170 18 
1235 19 
1300 20 
1365 21 
1430 22 
1495 23 
1560 24 
1625 25 
1690 26 
1755 27 
1820 28 
1885 29 
1950 30 
2015 31 
2080 32 
2145 33 
2210 34 
2275 35 
2340 36 
2405 37 
2470 38 
2535 39 
2600 40 
2665 41 
2730 42 
2795 43 
2860 44 
2925 45 
2990 46 
3055 47 
3120 48 
3185 49 
3250 50 
3315 51 
3380 52 
3445 53 
3510 54 
3575 55 
3640 56 
3705 57 
3770 58 
3835 59 
3900 60 
3965 61 
4030 62 
4095 63 
4160 64 
4225 65 
