158 158
158 1 
316 2 
474 3 
632 4 
790 5 
948 6 
1106 7 
1264 8 
1422 9 
1580 10 
1738 11 
1896 12 
2054 13 
2212 14 
2370 15 
2528 16 
2686 17 
2844 18 
3002 19 
3160 20 
3318 21 
3476 22 
3634 23 
3792 24 
3950 25 
4108 26 
4266 27 
4424 28 
4582 29 
4740 30 
4898 31 
5056 32 
5214 33 
5372 34 
5530 35 
5688 36 
5846 37 
6004 38 
6162 39 
6320 40 
6478 41 
6636 42 
6794 43 
6952 44 
7110 45 
7268 46 
7426 47 
7584 48 
7742 49 
7900 50 
8058 51 
8216 52 
8374 53 
8532 54 
8690 55 
8848 56 
9006 57 
9164 58 
9322 59 
9480 60 
9638 61 
9796 62 
9954 63 
10112 64 
10270 65 
10428 66 
10586 67 
10744 68 
10902 69 
11060 70 
11218 71 
11376 72 
11534 73 
11692 74 
11850 75 
12008 76 
12166 77 
12324 78 
12482 79 
12640 80 
12798 81 
12956 82 
13114 83 
13272 84 
13430 85 
13588 86 
13746 87 
13904 88 
14062 89 
14220 90 
14378 91 
14536 92 
14694 93 
14852 94 
15010 95 
15168 96 
15326 97 
15484 98 
15642 99 
15800 100 
15958 101 
16116 102 
16274 103 
16432 104 
16590 105 
16748 106 
16906 107 
17064 108 
17222 109 
17380 110 
17538 111 
17696 112 
17854 113 
18012 114 
18170 115 
18328 116 
18486 117 
18644 118 
18802 119 
18960 120 
19118 121 
19276 122 
19434 123 
19592 124 
19750 125 
19908 126 
20066 127 
20224 128 
20382 129 
20540 130 
20698 131 
20856 132 
21014 133 
21172 134 
21330 135 
21488 136 
21646 137 
21804 138 
21962 139 
22120 140 
22278 141 
22436 142 
22594 143 
22752 144 
22910 145 
23068 146 
23226 147 
23384 148 
23542 149 
23700 150 
23858 151 
24016 152 
24174 153 
24332 154 
24490 155 
24648 156 
24806 157 
24964 158 
