144 144
144 1 
288 2 
432 3 
576 4 
720 5 
864 6 
1008 7 
1152 8 
1296 9 
1440 10 
1584 11 
1728 12 
1872 13 
2016 14 
2160 15 
2304 16 
2448 17 
2592 18 
2736 19 
2880 20 
3024 21 
3168 22 
3312 23 
3456 24 
3600 25 
3744 26 
3888 27 
4032 28 
4176 29 
4320 30 
4464 31 
4608 32 
4752 33 
4896 34 
5040 35 
5184 36 
5328 37 
5472 38 
5616 39 
5760 40 
5904 41 
6048 42 
6192 43 
6336 44 
6480 45 
6624 46 
6768 47 
6912 48 
7056 49 
7200 50 
7344 51 
7488 52 
7632 53 
7776 54 
7920 55 
8064 56 
8208 57 
8352 58 
8496 59 
8640 60 
8784 61 
8928 62 
9072 63 
9216 64 
9360 65 
9504 66 
9648 67 
9792 68 
9936 69 
10080 70 
10224 71 
10368 72 
10512 73 
10656 74 
10800 75 
10944 76 
11088 77 
11232 78 
11376 79 
11520 80 
11664 81 
11808 82 
11952 83 
12096 84 
12240 85 
12384 86 
12528 87 
12672 88 
12816 89 
12960 90 
13104 91 
13248 92 
13392 93 
13536 94 
13680 95 
13824 96 
13968 97 
14112 98 
14256 99 
14400 100 
14544 101 
14688 102 
14832 103 
14976 104 
15120 105 
15264 106 
15408 107 
15552 108 
15696 109 
15840 110 
15984 111 
16128 112 
16272 113 
16416 114 
16560 115 
16704 116 
16848 117 
16992 118 
17136 119 
17280 120 
17424 121 
17568 122 
17712 123 
17856 124 
18000 125 
18144 126 
18288 127 
18432 128 
18576 129 
18720 130 
18864 131 
19008 132 
19152 133 
19296 134 
19440 135 
19584 136 
19728 137 
19872 138 
20016 139 
20160 140 
20304 141 
20448 142 
20592 143 
20736 144 
