147 147
147 1 
294 2 
441 3 
588 4 
735 5 
882 6 
1029 7 
1176 8 
1323 9 
1470 10 
1617 11 
1764 12 
1911 13 
2058 14 
2205 15 
2352 16 
2499 17 
2646 18 
2793 19 
2940 20 
3087 21 
3234 22 
3381 23 
3528 24 
3675 25 
3822 26 
3969 27 
4116 28 
4263 29 
4410 30 
4557 31 
4704 32 
4851 33 
4998 34 
5145 35 
5292 36 
5439 37 
5586 38 
5733 39 
5880 40 
6027 41 
6174 42 
6321 43 
6468 44 
6615 45 
6762 46 
6909 47 
7056 48 
7203 49 
7350 50 
7497 51 
7644 52 
7791 53 
7938 54 
8085 55 
8232 56 
8379 57 
8526 58 
8673 59 
8820 60 
8967 61 
9114 62 
9261 63 
9408 64 
9555 65 
9702 66 
9849 67 
9996 68 
10143 69 
10290 70 
10437 71 
10584 72 
10731 73 
10878 74 
11025 75 
11172 76 
11319 77 
11466 78 
11613 79 
11760 80 
11907 81 
12054 82 
12201 83 
12348 84 
12495 85 
12642 86 
12789 87 
12936 88 
13083 89 
13230 90 
13377 91 
13524 92 
13671 93 
13818 94 
13965 95 
14112 96 
14259 97 
14406 98 
14553 99 
14700 100 
14847 101 
14994 102 
15141 103 
15288 104 
15435 105 
15582 106 
15729 107 
15876 108 
16023 109 
16170 110 
16317 111 
16464 112 
16611 113 
16758 114 
16905 115 
17052 116 
17199 117 
17346 118 
17493 119 
17640 120 
17787 121 
17934 122 
18081 123 
18228 124 
18375 125 
18522 126 
18669 127 
18816 128 
18963 129 
19110 130 
19257 131 
19404 132 
19551 133 
19698 134 
19845 135 
19992 136 
20139 137 
20286 138 
20433 139 
20580 140 
20727 141 
20874 142 
21021 143 
21168 144 
21315 145 
21462 146 
21609 147 
