166 166
166 1 
332 2 
498 3 
664 4 
830 5 
996 6 
1162 7 
1328 8 
1494 9 
1660 10 
1826 11 
1992 12 
2158 13 
2324 14 
2490 15 
2656 16 
2822 17 
2988 18 
3154 19 
3320 20 
3486 21 
3652 22 
3818 23 
3984 24 
4150 25 
4316 26 
4482 27 
4648 28 
4814 29 
4980 30 
5146 31 
5312 32 
5478 33 
5644 34 
5810 35 
5976 36 
6142 37 
6308 38 
6474 39 
6640 40 
6806 41 
6972 42 
7138 43 
7304 44 
7470 45 
7636 46 
7802 47 
7968 48 
8134 49 
8300 50 
8466 51 
8632 52 
8798 53 
8964 54 
9130 55 
9296 56 
9462 57 
9628 58 
9794 59 
9960 60 
10126 61 
10292 62 
10458 63 
10624 64 
10790 65 
10956 66 
11122 67 
11288 68 
11454 69 
11620 70 
11786 71 
11952 72 
12118 73 
12284 74 
12450 75 
12616 76 
12782 77 
12948 78 
13114 79 
13280 80 
13446 81 
13612 82 
13778 83 
13944 84 
14110 85 
14276 86 
14442 87 
14608 88 
14774 89 
14940 90 
15106 91 
15272 92 
15438 93 
15604 94 
15770 95 
15936 96 
16102 97 
16268 98 
16434 99 
16600 100 
16766 101 
16932 102 
17098 103 
17264 104 
17430 105 
17596 106 
17762 107 
17928 108 
18094 109 
18260 110 
18426 111 
18592 112 
18758 113 
18924 114 
19090 115 
19256 116 
19422 117 
19588 118 
19754 119 
19920 120 
20086 121 
20252 122 
20418 123 
20584 124 
20750 125 
20916 126 
21082 127 
21248 128 
21414 129 
21580 130 
21746 131 
21912 132 
22078 133 
22244 134 
22410 135 
22576 136 
22742 137 
22908 138 
23074 139 
23240 140 
23406 141 
23572 142 
23738 143 
23904 144 
24070 145 
24236 146 
24402 147 
24568 148 
24734 149 
24900 150 
25066 151 
25232 152 
25398 153 
25564 154 
25730 155 
25896 156 
26062 157 
26228 158 
26394 159 
26560 160 
26726 161 
26892 162 
27058 163 
27224 164 
27390 165 
27556 166 
