184 184
184 1 
368 2 
552 3 
736 4 
920 5 
1104 6 
1288 7 
1472 8 
1656 9 
1840 10 
2024 11 
2208 12 
2392 13 
2576 14 
2760 15 
2944 16 
3128 17 
3312 18 
3496 19 
3680 20 
3864 21 
4048 22 
4232 23 
4416 24 
4600 25 
4784 26 
4968 27 
5152 28 
5336 29 
5520 30 
5704 31 
5888 32 
6072 33 
6256 34 
6440 35 
6624 36 
6808 37 
6992 38 
7176 39 
7360 40 
7544 41 
7728 42 
7912 43 
8096 44 
8280 45 
8464 46 
8648 47 
8832 48 
9016 49 
9200 50 
9384 51 
9568 52 
9752 53 
9936 54 
10120 55 
10304 56 
10488 57 
10672 58 
10856 59 
11040 60 
11224 61 
11408 62 
11592 63 
11776 64 
11960 65 
12144 66 
12328 67 
12512 68 
12696 69 
12880 70 
13064 71 
13248 72 
13432 73 
13616 74 
13800 75 
13984 76 
14168 77 
14352 78 
14536 79 
14720 80 
14904 81 
15088 82 
15272 83 
15456 84 
15640 85 
15824 86 
16008 87 
16192 88 
16376 89 
16560 90 
16744 91 
16928 92 
17112 93 
17296 94 
17480 95 
17664 96 
17848 97 
18032 98 
18216 99 
18400 100 
18584 101 
18768 102 
18952 103 
19136 104 
19320 105 
19504 106 
19688 107 
19872 108 
20056 109 
20240 110 
20424 111 
20608 112 
20792 113 
20976 114 
21160 115 
21344 116 
21528 117 
21712 118 
21896 119 
22080 120 
22264 121 
22448 122 
22632 123 
22816 124 
23000 125 
23184 126 
23368 127 
23552 128 
23736 129 
23920 130 
24104 131 
24288 132 
24472 133 
24656 134 
24840 135 
25024 136 
25208 137 
25392 138 
25576 139 
25760 140 
25944 141 
26128 142 
26312 143 
26496 144 
26680 145 
26864 146 
27048 147 
27232 148 
27416 149 
27600 150 
27784 151 
27968 152 
28152 153 
28336 154 
28520 155 
28704 156 
28888 157 
29072 158 
29256 159 
29440 160 
29624 161 
29808 162 
29992 163 
30176 164 
30360 165 
30544 166 
30728 167 
30912 168 
31096 169 
31280 170 
31464 171 
31648 172 
31832 173 
32016 174 
32200 175 
32384 176 
32568 177 
32752 178 
32936 179 
33120 180 
33304 181 
33488 182 
33672 183 
33856 184 
