103 103
103 1 
206 2 
309 3 
412 4 
515 5 
618 6 
721 7 
824 8 
927 9 
1030 10 
1133 11 
1236 12 
1339 13 
1442 14 
1545 15 
1648 16 
1751 17 
1854 18 
1957 19 
2060 20 
2163 21 
2266 22 
2369 23 
2472 24 
2575 25 
2678 26 
2781 27 
2884 28 
2987 29 
3090 30 
3193 31 
3296 32 
3399 33 
3502 34 
3605 35 
3708 36 
3811 37 
3914 38 
4017 39 
4120 40 
4223 41 
4326 42 
4429 43 
4532 44 
4635 45 
4738 46 
4841 47 
4944 48 
5047 49 
5150 50 
5253 51 
5356 52 
5459 53 
5562 54 
5665 55 
5768 56 
5871 57 
5974 58 
6077 59 
6180 60 
6283 61 
6386 62 
6489 63 
6592 64 
6695 65 
6798 66 
6901 67 
7004 68 
7107 69 
7210 70 
7313 71 
7416 72 
7519 73 
7622 74 
7725 75 
7828 76 
7931 77 
8034 78 
8137 79 
8240 80 
8343 81 
8446 82 
8549 83 
8652 84 
8755 85 
8858 86 
8961 87 
9064 88 
9167 89 
9270 90 
9373 91 
9476 92 
9579 93 
9682 94 
9785 95 
9888 96 
9991 97 
10094 98 
10197 99 
10300 100 
10403 101 
10506 102 
10609 103 
