101 101
101 1 
202 2 
303 3 
404 4 
505 5 
606 6 
707 7 
808 8 
909 9 
1010 10 
1111 11 
1212 12 
1313 13 
1414 14 
1515 15 
1616 16 
1717 17 
1818 18 
1919 19 
2020 20 
2121 21 
2222 22 
2323 23 
2424 24 
2525 25 
2626 26 
2727 27 
2828 28 
2929 29 
3030 30 
3131 31 
3232 32 
3333 33 
3434 34 
3535 35 
3636 36 
3737 37 
3838 38 
3939 39 
4040 40 
4141 41 
4242 42 
4343 43 
4444 44 
4545 45 
4646 46 
4747 47 
4848 48 
4949 49 
5050 50 
5151 51 
5252 52 
5353 53 
5454 54 
5555 55 
5656 56 
5757 57 
5858 58 
5959 59 
6060 60 
6161 61 
6262 62 
6363 63 
6464 64 
6565 65 
6666 66 
6767 67 
6868 68 
6969 69 
7070 70 
7171 71 
7272 72 
7373 73 
7474 74 
7575 75 
7676 76 
7777 77 
7878 78 
7979 79 
8080 80 
8181 81 
8282 82 
8383 83 
8484 84 
8585 85 
8686 86 
8787 87 
8888 88 
8989 89 
9090 90 
9191 91 
9292 92 
9393 93 
9494 94 
9595 95 
9696 96 
9797 97 
9898 98 
9999 99 
10100 100 
10201 101 
