185 185
185 1 
370 2 
555 3 
740 4 
925 5 
1110 6 
1295 7 
1480 8 
1665 9 
1850 10 
2035 11 
2220 12 
2405 13 
2590 14 
2775 15 
2960 16 
3145 17 
3330 18 
3515 19 
3700 20 
3885 21 
4070 22 
4255 23 
4440 24 
4625 25 
4810 26 
4995 27 
5180 28 
5365 29 
5550 30 
5735 31 
5920 32 
6105 33 
6290 34 
6475 35 
6660 36 
6845 37 
7030 38 
7215 39 
7400 40 
7585 41 
7770 42 
7955 43 
8140 44 
8325 45 
8510 46 
8695 47 
8880 48 
9065 49 
9250 50 
9435 51 
9620 52 
9805 53 
9990 54 
10175 55 
10360 56 
10545 57 
10730 58 
10915 59 
11100 60 
11285 61 
11470 62 
11655 63 
11840 64 
12025 65 
12210 66 
12395 67 
12580 68 
12765 69 
12950 70 
13135 71 
13320 72 
13505 73 
13690 74 
13875 75 
14060 76 
14245 77 
14430 78 
14615 79 
14800 80 
14985 81 
15170 82 
15355 83 
15540 84 
15725 85 
15910 86 
16095 87 
16280 88 
16465 89 
16650 90 
16835 91 
17020 92 
17205 93 
17390 94 
17575 95 
17760 96 
17945 97 
18130 98 
18315 99 
18500 100 
18685 101 
18870 102 
19055 103 
19240 104 
19425 105 
19610 106 
19795 107 
19980 108 
20165 109 
20350 110 
20535 111 
20720 112 
20905 113 
21090 114 
21275 115 
21460 116 
21645 117 
21830 118 
22015 119 
22200 120 
22385 121 
22570 122 
22755 123 
22940 124 
23125 125 
23310 126 
23495 127 
23680 128 
23865 129 
24050 130 
24235 131 
24420 132 
24605 133 
24790 134 
24975 135 
25160 136 
25345 137 
25530 138 
25715 139 
25900 140 
26085 141 
26270 142 
26455 143 
26640 144 
26825 145 
27010 146 
27195 147 
27380 148 
27565 149 
27750 150 
27935 151 
28120 152 
28305 153 
28490 154 
28675 155 
28860 156 
29045 157 
29230 158 
29415 159 
29600 160 
29785 161 
29970 162 
30155 163 
30340 164 
30525 165 
30710 166 
30895 167 
31080 168 
31265 169 
31450 170 
31635 171 
31820 172 
32005 173 
32190 174 
32375 175 
32560 176 
32745 177 
32930 178 
33115 179 
33300 180 
33485 181 
33670 182 
33855 183 
34040 184 
34225 185 
