118 118
118 1 
236 2 
354 3 
472 4 
590 5 
708 6 
826 7 
944 8 
1062 9 
1180 10 
1298 11 
1416 12 
1534 13 
1652 14 
1770 15 
1888 16 
2006 17 
2124 18 
2242 19 
2360 20 
2478 21 
2596 22 
2714 23 
2832 24 
2950 25 
3068 26 
3186 27 
3304 28 
3422 29 
3540 30 
3658 31 
3776 32 
3894 33 
4012 34 
4130 35 
4248 36 
4366 37 
4484 38 
4602 39 
4720 40 
4838 41 
4956 42 
5074 43 
5192 44 
5310 45 
5428 46 
5546 47 
5664 48 
5782 49 
5900 50 
6018 51 
6136 52 
6254 53 
6372 54 
6490 55 
6608 56 
6726 57 
6844 58 
6962 59 
7080 60 
7198 61 
7316 62 
7434 63 
7552 64 
7670 65 
7788 66 
7906 67 
8024 68 
8142 69 
8260 70 
8378 71 
8496 72 
8614 73 
8732 74 
8850 75 
8968 76 
9086 77 
9204 78 
9322 79 
9440 80 
9558 81 
9676 82 
9794 83 
9912 84 
10030 85 
10148 86 
10266 87 
10384 88 
10502 89 
10620 90 
10738 91 
10856 92 
10974 93 
11092 94 
11210 95 
11328 96 
11446 97 
11564 98 
11682 99 
11800 100 
11918 101 
12036 102 
12154 103 
12272 104 
12390 105 
12508 106 
12626 107 
12744 108 
12862 109 
12980 110 
13098 111 
13216 112 
13334 113 
13452 114 
13570 115 
13688 116 
13806 117 
13924 118 
