96 96
96 1 
192 2 
288 3 
384 4 
480 5 
576 6 
672 7 
768 8 
864 9 
960 10 
1056 11 
1152 12 
1248 13 
1344 14 
1440 15 
1536 16 
1632 17 
1728 18 
1824 19 
1920 20 
2016 21 
2112 22 
2208 23 
2304 24 
2400 25 
2496 26 
2592 27 
2688 28 
2784 29 
2880 30 
2976 31 
3072 32 
3168 33 
3264 34 
3360 35 
3456 36 
3552 37 
3648 38 
3744 39 
3840 40 
3936 41 
4032 42 
4128 43 
4224 44 
4320 45 
4416 46 
4512 47 
4608 48 
4704 49 
4800 50 
4896 51 
4992 52 
5088 53 
5184 54 
5280 55 
5376 56 
5472 57 
5568 58 
5664 59 
5760 60 
5856 61 
5952 62 
6048 63 
6144 64 
6240 65 
6336 66 
6432 67 
6528 68 
6624 69 
6720 70 
6816 71 
6912 72 
7008 73 
7104 74 
7200 75 
7296 76 
7392 77 
7488 78 
7584 79 
7680 80 
7776 81 
7872 82 
7968 83 
8064 84 
8160 85 
8256 86 
8352 87 
8448 88 
8544 89 
8640 90 
8736 91 
8832 92 
8928 93 
9024 94 
9120 95 
9216 96 
