164 164
164 1 
328 2 
492 3 
656 4 
820 5 
984 6 
1148 7 
1312 8 
1476 9 
1640 10 
1804 11 
1968 12 
2132 13 
2296 14 
2460 15 
2624 16 
2788 17 
2952 18 
3116 19 
3280 20 
3444 21 
3608 22 
3772 23 
3936 24 
4100 25 
4264 26 
4428 27 
4592 28 
4756 29 
4920 30 
5084 31 
5248 32 
5412 33 
5576 34 
5740 35 
5904 36 
6068 37 
6232 38 
6396 39 
6560 40 
6724 41 
6888 42 
7052 43 
7216 44 
7380 45 
7544 46 
7708 47 
7872 48 
8036 49 
8200 50 
8364 51 
8528 52 
8692 53 
8856 54 
9020 55 
9184 56 
9348 57 
9512 58 
9676 59 
9840 60 
10004 61 
10168 62 
10332 63 
10496 64 
10660 65 
10824 66 
10988 67 
11152 68 
11316 69 
11480 70 
11644 71 
11808 72 
11972 73 
12136 74 
12300 75 
12464 76 
12628 77 
12792 78 
12956 79 
13120 80 
13284 81 
13448 82 
13612 83 
13776 84 
13940 85 
14104 86 
14268 87 
14432 88 
14596 89 
14760 90 
14924 91 
15088 92 
15252 93 
15416 94 
15580 95 
15744 96 
15908 97 
16072 98 
16236 99 
16400 100 
16564 101 
16728 102 
16892 103 
17056 104 
17220 105 
17384 106 
17548 107 
17712 108 
17876 109 
18040 110 
18204 111 
18368 112 
18532 113 
18696 114 
18860 115 
19024 116 
19188 117 
19352 118 
19516 119 
19680 120 
19844 121 
20008 122 
20172 123 
20336 124 
20500 125 
20664 126 
20828 127 
20992 128 
21156 129 
21320 130 
21484 131 
21648 132 
21812 133 
21976 134 
22140 135 
22304 136 
22468 137 
22632 138 
22796 139 
22960 140 
23124 141 
23288 142 
23452 143 
23616 144 
23780 145 
23944 146 
24108 147 
24272 148 
24436 149 
24600 150 
24764 151 
24928 152 
25092 153 
25256 154 
25420 155 
25584 156 
25748 157 
25912 158 
26076 159 
26240 160 
26404 161 
26568 162 
26732 163 
26896 164 
