88 88
88 1 
176 2 
264 3 
352 4 
440 5 
528 6 
616 7 
704 8 
792 9 
880 10 
968 11 
1056 12 
1144 13 
1232 14 
1320 15 
1408 16 
1496 17 
1584 18 
1672 19 
1760 20 
1848 21 
1936 22 
2024 23 
2112 24 
2200 25 
2288 26 
2376 27 
2464 28 
2552 29 
2640 30 
2728 31 
2816 32 
2904 33 
2992 34 
3080 35 
3168 36 
3256 37 
3344 38 
3432 39 
3520 40 
3608 41 
3696 42 
3784 43 
3872 44 
3960 45 
4048 46 
4136 47 
4224 48 
4312 49 
4400 50 
4488 51 
4576 52 
4664 53 
4752 54 
4840 55 
4928 56 
5016 57 
5104 58 
5192 59 
5280 60 
5368 61 
5456 62 
5544 63 
5632 64 
5720 65 
5808 66 
5896 67 
5984 68 
6072 69 
6160 70 
6248 71 
6336 72 
6424 73 
6512 74 
6600 75 
6688 76 
6776 77 
6864 78 
6952 79 
7040 80 
7128 81 
7216 82 
7304 83 
7392 84 
7480 85 
7568 86 
7656 87 
7744 88 
