145 145
145 1 
290 2 
435 3 
580 4 
725 5 
870 6 
1015 7 
1160 8 
1305 9 
1450 10 
1595 11 
1740 12 
1885 13 
2030 14 
2175 15 
2320 16 
2465 17 
2610 18 
2755 19 
2900 20 
3045 21 
3190 22 
3335 23 
3480 24 
3625 25 
3770 26 
3915 27 
4060 28 
4205 29 
4350 30 
4495 31 
4640 32 
4785 33 
4930 34 
5075 35 
5220 36 
5365 37 
5510 38 
5655 39 
5800 40 
5945 41 
6090 42 
6235 43 
6380 44 
6525 45 
6670 46 
6815 47 
6960 48 
7105 49 
7250 50 
7395 51 
7540 52 
7685 53 
7830 54 
7975 55 
8120 56 
8265 57 
8410 58 
8555 59 
8700 60 
8845 61 
8990 62 
9135 63 
9280 64 
9425 65 
9570 66 
9715 67 
9860 68 
10005 69 
10150 70 
10295 71 
10440 72 
10585 73 
10730 74 
10875 75 
11020 76 
11165 77 
11310 78 
11455 79 
11600 80 
11745 81 
11890 82 
12035 83 
12180 84 
12325 85 
12470 86 
12615 87 
12760 88 
12905 89 
13050 90 
13195 91 
13340 92 
13485 93 
13630 94 
13775 95 
13920 96 
14065 97 
14210 98 
14355 99 
14500 100 
14645 101 
14790 102 
14935 103 
15080 104 
15225 105 
15370 106 
15515 107 
15660 108 
15805 109 
15950 110 
16095 111 
16240 112 
16385 113 
16530 114 
16675 115 
16820 116 
16965 117 
17110 118 
17255 119 
17400 120 
17545 121 
17690 122 
17835 123 
17980 124 
18125 125 
18270 126 
18415 127 
18560 128 
18705 129 
18850 130 
18995 131 
19140 132 
19285 133 
19430 134 
19575 135 
19720 136 
19865 137 
20010 138 
20155 139 
20300 140 
20445 141 
20590 142 
20735 143 
20880 144 
21025 145 
