165 165
165 1 
330 2 
495 3 
660 4 
825 5 
990 6 
1155 7 
1320 8 
1485 9 
1650 10 
1815 11 
1980 12 
2145 13 
2310 14 
2475 15 
2640 16 
2805 17 
2970 18 
3135 19 
3300 20 
3465 21 
3630 22 
3795 23 
3960 24 
4125 25 
4290 26 
4455 27 
4620 28 
4785 29 
4950 30 
5115 31 
5280 32 
5445 33 
5610 34 
5775 35 
5940 36 
6105 37 
6270 38 
6435 39 
6600 40 
6765 41 
6930 42 
7095 43 
7260 44 
7425 45 
7590 46 
7755 47 
7920 48 
8085 49 
8250 50 
8415 51 
8580 52 
8745 53 
8910 54 
9075 55 
9240 56 
9405 57 
9570 58 
9735 59 
9900 60 
10065 61 
10230 62 
10395 63 
10560 64 
10725 65 
10890 66 
11055 67 
11220 68 
11385 69 
11550 70 
11715 71 
11880 72 
12045 73 
12210 74 
12375 75 
12540 76 
12705 77 
12870 78 
13035 79 
13200 80 
13365 81 
13530 82 
13695 83 
13860 84 
14025 85 
14190 86 
14355 87 
14520 88 
14685 89 
14850 90 
15015 91 
15180 92 
15345 93 
15510 94 
15675 95 
15840 96 
16005 97 
16170 98 
16335 99 
16500 100 
16665 101 
16830 102 
16995 103 
17160 104 
17325 105 
17490 106 
17655 107 
17820 108 
17985 109 
18150 110 
18315 111 
18480 112 
18645 113 
18810 114 
18975 115 
19140 116 
19305 117 
19470 118 
19635 119 
19800 120 
19965 121 
20130 122 
20295 123 
20460 124 
20625 125 
20790 126 
20955 127 
21120 128 
21285 129 
21450 130 
21615 131 
21780 132 
21945 133 
22110 134 
22275 135 
22440 136 
22605 137 
22770 138 
22935 139 
23100 140 
23265 141 
23430 142 
23595 143 
23760 144 
23925 145 
24090 146 
24255 147 
24420 148 
24585 149 
24750 150 
24915 151 
25080 152 
25245 153 
25410 154 
25575 155 
25740 156 
25905 157 
26070 158 
26235 159 
26400 160 
26565 161 
26730 162 
26895 163 
27060 164 
27225 165 
