174 174
174 1 
348 2 
522 3 
696 4 
870 5 
1044 6 
1218 7 
1392 8 
1566 9 
1740 10 
1914 11 
2088 12 
2262 13 
2436 14 
2610 15 
2784 16 
2958 17 
3132 18 
3306 19 
3480 20 
3654 21 
3828 22 
4002 23 
4176 24 
4350 25 
4524 26 
4698 27 
4872 28 
5046 29 
5220 30 
5394 31 
5568 32 
5742 33 
5916 34 
6090 35 
6264 36 
6438 37 
6612 38 
6786 39 
6960 40 
7134 41 
7308 42 
7482 43 
7656 44 
7830 45 
8004 46 
8178 47 
8352 48 
8526 49 
8700 50 
8874 51 
9048 52 
9222 53 
9396 54 
9570 55 
9744 56 
9918 57 
10092 58 
10266 59 
10440 60 
10614 61 
10788 62 
10962 63 
11136 64 
11310 65 
11484 66 
11658 67 
11832 68 
12006 69 
12180 70 
12354 71 
12528 72 
12702 73 
12876 74 
13050 75 
13224 76 
13398 77 
13572 78 
13746 79 
13920 80 
14094 81 
14268 82 
14442 83 
14616 84 
14790 85 
14964 86 
15138 87 
15312 88 
15486 89 
15660 90 
15834 91 
16008 92 
16182 93 
16356 94 
16530 95 
16704 96 
16878 97 
17052 98 
17226 99 
17400 100 
17574 101 
17748 102 
17922 103 
18096 104 
18270 105 
18444 106 
18618 107 
18792 108 
18966 109 
19140 110 
19314 111 
19488 112 
19662 113 
19836 114 
20010 115 
20184 116 
20358 117 
20532 118 
20706 119 
20880 120 
21054 121 
21228 122 
21402 123 
21576 124 
21750 125 
21924 126 
22098 127 
22272 128 
22446 129 
22620 130 
22794 131 
22968 132 
23142 133 
23316 134 
23490 135 
23664 136 
23838 137 
24012 138 
24186 139 
24360 140 
24534 141 
24708 142 
24882 143 
25056 144 
25230 145 
25404 146 
25578 147 
25752 148 
25926 149 
26100 150 
26274 151 
26448 152 
26622 153 
26796 154 
26970 155 
27144 156 
27318 157 
27492 158 
27666 159 
27840 160 
28014 161 
28188 162 
28362 163 
28536 164 
28710 165 
28884 166 
29058 167 
29232 168 
29406 169 
29580 170 
29754 171 
29928 172 
30102 173 
30276 174 
