150 150
150 1 
300 2 
450 3 
600 4 
750 5 
900 6 
1050 7 
1200 8 
1350 9 
1500 10 
1650 11 
1800 12 
1950 13 
2100 14 
2250 15 
2400 16 
2550 17 
2700 18 
2850 19 
3000 20 
3150 21 
3300 22 
3450 23 
3600 24 
3750 25 
3900 26 
4050 27 
4200 28 
4350 29 
4500 30 
4650 31 
4800 32 
4950 33 
5100 34 
5250 35 
5400 36 
5550 37 
5700 38 
5850 39 
6000 40 
6150 41 
6300 42 
6450 43 
6600 44 
6750 45 
6900 46 
7050 47 
7200 48 
7350 49 
7500 50 
7650 51 
7800 52 
7950 53 
8100 54 
8250 55 
8400 56 
8550 57 
8700 58 
8850 59 
9000 60 
9150 61 
9300 62 
9450 63 
9600 64 
9750 65 
9900 66 
10050 67 
10200 68 
10350 69 
10500 70 
10650 71 
10800 72 
10950 73 
11100 74 
11250 75 
11400 76 
11550 77 
11700 78 
11850 79 
12000 80 
12150 81 
12300 82 
12450 83 
12600 84 
12750 85 
12900 86 
13050 87 
13200 88 
13350 89 
13500 90 
13650 91 
13800 92 
13950 93 
14100 94 
14250 95 
14400 96 
14550 97 
14700 98 
14850 99 
15000 100 
15150 101 
15300 102 
15450 103 
15600 104 
15750 105 
15900 106 
16050 107 
16200 108 
16350 109 
16500 110 
16650 111 
16800 112 
16950 113 
17100 114 
17250 115 
17400 116 
17550 117 
17700 118 
17850 119 
18000 120 
18150 121 
18300 122 
18450 123 
18600 124 
18750 125 
18900 126 
19050 127 
19200 128 
19350 129 
19500 130 
19650 131 
19800 132 
19950 133 
20100 134 
20250 135 
20400 136 
20550 137 
20700 138 
20850 139 
21000 140 
21150 141 
21300 142 
21450 143 
21600 144 
21750 145 
21900 146 
22050 147 
22200 148 
22350 149 
22500 150 
