69 69
69 1 
138 2 
207 3 
276 4 
345 5 
414 6 
483 7 
552 8 
621 9 
690 10 
759 11 
828 12 
897 13 
966 14 
1035 15 
1104 16 
1173 17 
1242 18 
1311 19 
1380 20 
1449 21 
1518 22 
1587 23 
1656 24 
1725 25 
1794 26 
1863 27 
1932 28 
2001 29 
2070 30 
2139 31 
2208 32 
2277 33 
2346 34 
2415 35 
2484 36 
2553 37 
2622 38 
2691 39 
2760 40 
2829 41 
2898 42 
2967 43 
3036 44 
3105 45 
3174 46 
3243 47 
3312 48 
3381 49 
3450 50 
3519 51 
3588 52 
3657 53 
3726 54 
3795 55 
3864 56 
3933 57 
4002 58 
4071 59 
4140 60 
4209 61 
4278 62 
4347 63 
4416 64 
4485 65 
4554 66 
4623 67 
4692 68 
4761 69 
