76 76
76 1 
152 2 
228 3 
304 4 
380 5 
456 6 
532 7 
608 8 
684 9 
760 10 
836 11 
912 12 
988 13 
1064 14 
1140 15 
1216 16 
1292 17 
1368 18 
1444 19 
1520 20 
1596 21 
1672 22 
1748 23 
1824 24 
1900 25 
1976 26 
2052 27 
2128 28 
2204 29 
2280 30 
2356 31 
2432 32 
2508 33 
2584 34 
2660 35 
2736 36 
2812 37 
2888 38 
2964 39 
3040 40 
3116 41 
3192 42 
3268 43 
3344 44 
3420 45 
3496 46 
3572 47 
3648 48 
3724 49 
3800 50 
3876 51 
3952 52 
4028 53 
4104 54 
4180 55 
4256 56 
4332 57 
4408 58 
4484 59 
4560 60 
4636 61 
4712 62 
4788 63 
4864 64 
4940 65 
5016 66 
5092 67 
5168 68 
5244 69 
5320 70 
5396 71 
5472 72 
5548 73 
5624 74 
5700 75 
5776 76 
