97 97
97 1 
194 2 
291 3 
388 4 
485 5 
582 6 
679 7 
776 8 
873 9 
970 10 
1067 11 
1164 12 
1261 13 
1358 14 
1455 15 
1552 16 
1649 17 
1746 18 
1843 19 
1940 20 
2037 21 
2134 22 
2231 23 
2328 24 
2425 25 
2522 26 
2619 27 
2716 28 
2813 29 
2910 30 
3007 31 
3104 32 
3201 33 
3298 34 
3395 35 
3492 36 
3589 37 
3686 38 
3783 39 
3880 40 
3977 41 
4074 42 
4171 43 
4268 44 
4365 45 
4462 46 
4559 47 
4656 48 
4753 49 
4850 50 
4947 51 
5044 52 
5141 53 
5238 54 
5335 55 
5432 56 
5529 57 
5626 58 
5723 59 
5820 60 
5917 61 
6014 62 
6111 63 
6208 64 
6305 65 
6402 66 
6499 67 
6596 68 
6693 69 
6790 70 
6887 71 
6984 72 
7081 73 
7178 74 
7275 75 
7372 76 
7469 77 
7566 78 
7663 79 
7760 80 
7857 81 
7954 82 
8051 83 
8148 84 
8245 85 
8342 86 
8439 87 
8536 88 
8633 89 
8730 90 
8827 91 
8924 92 
9021 93 
9118 94 
9215 95 
9312 96 
9409 97 
