71 71
71 1 
142 2 
213 3 
284 4 
355 5 
426 6 
497 7 
568 8 
639 9 
710 10 
781 11 
852 12 
923 13 
994 14 
1065 15 
1136 16 
1207 17 
1278 18 
1349 19 
1420 20 
1491 21 
1562 22 
1633 23 
1704 24 
1775 25 
1846 26 
1917 27 
1988 28 
2059 29 
2130 30 
2201 31 
2272 32 
2343 33 
2414 34 
2485 35 
2556 36 
2627 37 
2698 38 
2769 39 
2840 40 
2911 41 
2982 42 
3053 43 
3124 44 
3195 45 
3266 46 
3337 47 
3408 48 
3479 49 
3550 50 
3621 51 
3692 52 
3763 53 
3834 54 
3905 55 
3976 56 
4047 57 
4118 58 
4189 59 
4260 60 
4331 61 
4402 62 
4473 63 
4544 64 
4615 65 
4686 66 
4757 67 
4828 68 
4899 69 
4970 70 
5041 71 
