82 82
82 1 
164 2 
246 3 
328 4 
410 5 
492 6 
574 7 
656 8 
738 9 
820 10 
902 11 
984 12 
1066 13 
1148 14 
1230 15 
1312 16 
1394 17 
1476 18 
1558 19 
1640 20 
1722 21 
1804 22 
1886 23 
1968 24 
2050 25 
2132 26 
2214 27 
2296 28 
2378 29 
2460 30 
2542 31 
2624 32 
2706 33 
2788 34 
2870 35 
2952 36 
3034 37 
3116 38 
3198 39 
3280 40 
3362 41 
3444 42 
3526 43 
3608 44 
3690 45 
3772 46 
3854 47 
3936 48 
4018 49 
4100 50 
4182 51 
4264 52 
4346 53 
4428 54 
4510 55 
4592 56 
4674 57 
4756 58 
4838 59 
4920 60 
5002 61 
5084 62 
5166 63 
5248 64 
5330 65 
5412 66 
5494 67 
5576 68 
5658 69 
5740 70 
5822 71 
5904 72 
5986 73 
6068 74 
6150 75 
6232 76 
6314 77 
6396 78 
6478 79 
6560 80 
6642 81 
6724 82 
