156 156
156 1 
312 2 
468 3 
624 4 
780 5 
936 6 
1092 7 
1248 8 
1404 9 
1560 10 
1716 11 
1872 12 
2028 13 
2184 14 
2340 15 
2496 16 
2652 17 
2808 18 
2964 19 
3120 20 
3276 21 
3432 22 
3588 23 
3744 24 
3900 25 
4056 26 
4212 27 
4368 28 
4524 29 
4680 30 
4836 31 
4992 32 
5148 33 
5304 34 
5460 35 
5616 36 
5772 37 
5928 38 
6084 39 
6240 40 
6396 41 
6552 42 
6708 43 
6864 44 
7020 45 
7176 46 
7332 47 
7488 48 
7644 49 
7800 50 
7956 51 
8112 52 
8268 53 
8424 54 
8580 55 
8736 56 
8892 57 
9048 58 
9204 59 
9360 60 
9516 61 
9672 62 
9828 63 
9984 64 
10140 65 
10296 66 
10452 67 
10608 68 
10764 69 
10920 70 
11076 71 
11232 72 
11388 73 
11544 74 
11700 75 
11856 76 
12012 77 
12168 78 
12324 79 
12480 80 
12636 81 
12792 82 
12948 83 
13104 84 
13260 85 
13416 86 
13572 87 
13728 88 
13884 89 
14040 90 
14196 91 
14352 92 
14508 93 
14664 94 
14820 95 
14976 96 
15132 97 
15288 98 
15444 99 
15600 100 
15756 101 
15912 102 
16068 103 
16224 104 
16380 105 
16536 106 
16692 107 
16848 108 
17004 109 
17160 110 
17316 111 
17472 112 
17628 113 
17784 114 
17940 115 
18096 116 
18252 117 
18408 118 
18564 119 
18720 120 
18876 121 
19032 122 
19188 123 
19344 124 
19500 125 
19656 126 
19812 127 
19968 128 
20124 129 
20280 130 
20436 131 
20592 132 
20748 133 
20904 134 
21060 135 
21216 136 
21372 137 
21528 138 
21684 139 
21840 140 
21996 141 
22152 142 
22308 143 
22464 144 
22620 145 
22776 146 
22932 147 
23088 148 
23244 149 
23400 150 
23556 151 
23712 152 
23868 153 
24024 154 
24180 155 
24336 156 
