196 196
196 1 
392 2 
588 3 
784 4 
980 5 
1176 6 
1372 7 
1568 8 
1764 9 
1960 10 
2156 11 
2352 12 
2548 13 
2744 14 
2940 15 
3136 16 
3332 17 
3528 18 
3724 19 
3920 20 
4116 21 
4312 22 
4508 23 
4704 24 
4900 25 
5096 26 
5292 27 
5488 28 
5684 29 
5880 30 
6076 31 
6272 32 
6468 33 
6664 34 
6860 35 
7056 36 
7252 37 
7448 38 
7644 39 
7840 40 
8036 41 
8232 42 
8428 43 
8624 44 
8820 45 
9016 46 
9212 47 
9408 48 
9604 49 
9800 50 
9996 51 
10192 52 
10388 53 
10584 54 
10780 55 
10976 56 
11172 57 
11368 58 
11564 59 
11760 60 
11956 61 
12152 62 
12348 63 
12544 64 
12740 65 
12936 66 
13132 67 
13328 68 
13524 69 
13720 70 
13916 71 
14112 72 
14308 73 
14504 74 
14700 75 
14896 76 
15092 77 
15288 78 
15484 79 
15680 80 
15876 81 
16072 82 
16268 83 
16464 84 
16660 85 
16856 86 
17052 87 
17248 88 
17444 89 
17640 90 
17836 91 
18032 92 
18228 93 
18424 94 
18620 95 
18816 96 
19012 97 
19208 98 
19404 99 
19600 100 
19796 101 
19992 102 
20188 103 
20384 104 
20580 105 
20776 106 
20972 107 
21168 108 
21364 109 
21560 110 
21756 111 
21952 112 
22148 113 
22344 114 
22540 115 
22736 116 
22932 117 
23128 118 
23324 119 
23520 120 
23716 121 
23912 122 
24108 123 
24304 124 
24500 125 
24696 126 
24892 127 
25088 128 
25284 129 
25480 130 
25676 131 
25872 132 
26068 133 
26264 134 
26460 135 
26656 136 
26852 137 
27048 138 
27244 139 
27440 140 
27636 141 
27832 142 
28028 143 
28224 144 
28420 145 
28616 146 
28812 147 
29008 148 
29204 149 
29400 150 
29596 151 
29792 152 
29988 153 
30184 154 
30380 155 
30576 156 
30772 157 
30968 158 
31164 159 
31360 160 
31556 161 
31752 162 
31948 163 
32144 164 
32340 165 
32536 166 
32732 167 
32928 168 
33124 169 
33320 170 
33516 171 
33712 172 
33908 173 
34104 174 
34300 175 
34496 176 
34692 177 
34888 178 
35084 179 
35280 180 
35476 181 
35672 182 
35868 183 
36064 184 
36260 185 
36456 186 
36652 187 
36848 188 
37044 189 
37240 190 
37436 191 
37632 192 
37828 193 
38024 194 
38220 195 
38416 196 
