83 83
83 1 
166 2 
249 3 
332 4 
415 5 
498 6 
581 7 
664 8 
747 9 
830 10 
913 11 
996 12 
1079 13 
1162 14 
1245 15 
1328 16 
1411 17 
1494 18 
1577 19 
1660 20 
1743 21 
1826 22 
1909 23 
1992 24 
2075 25 
2158 26 
2241 27 
2324 28 
2407 29 
2490 30 
2573 31 
2656 32 
2739 33 
2822 34 
2905 35 
2988 36 
3071 37 
3154 38 
3237 39 
3320 40 
3403 41 
3486 42 
3569 43 
3652 44 
3735 45 
3818 46 
3901 47 
3984 48 
4067 49 
4150 50 
4233 51 
4316 52 
4399 53 
4482 54 
4565 55 
4648 56 
4731 57 
4814 58 
4897 59 
4980 60 
5063 61 
5146 62 
5229 63 
5312 64 
5395 65 
5478 66 
5561 67 
5644 68 
5727 69 
5810 70 
5893 71 
5976 72 
6059 73 
6142 74 
6225 75 
6308 76 
6391 77 
6474 78 
6557 79 
6640 80 
6723 81 
6806 82 
6889 83 
