116 116
116 1 
232 2 
348 3 
464 4 
580 5 
696 6 
812 7 
928 8 
1044 9 
1160 10 
1276 11 
1392 12 
1508 13 
1624 14 
1740 15 
1856 16 
1972 17 
2088 18 
2204 19 
2320 20 
2436 21 
2552 22 
2668 23 
2784 24 
2900 25 
3016 26 
3132 27 
3248 28 
3364 29 
3480 30 
3596 31 
3712 32 
3828 33 
3944 34 
4060 35 
4176 36 
4292 37 
4408 38 
4524 39 
4640 40 
4756 41 
4872 42 
4988 43 
5104 44 
5220 45 
5336 46 
5452 47 
5568 48 
5684 49 
5800 50 
5916 51 
6032 52 
6148 53 
6264 54 
6380 55 
6496 56 
6612 57 
6728 58 
6844 59 
6960 60 
7076 61 
7192 62 
7308 63 
7424 64 
7540 65 
7656 66 
7772 67 
7888 68 
8004 69 
8120 70 
8236 71 
8352 72 
8468 73 
8584 74 
8700 75 
8816 76 
8932 77 
9048 78 
9164 79 
9280 80 
9396 81 
9512 82 
9628 83 
9744 84 
9860 85 
9976 86 
10092 87 
10208 88 
10324 89 
10440 90 
10556 91 
10672 92 
10788 93 
10904 94 
11020 95 
11136 96 
11252 97 
11368 98 
11484 99 
11600 100 
11716 101 
11832 102 
11948 103 
12064 104 
12180 105 
12296 106 
12412 107 
12528 108 
12644 109 
12760 110 
12876 111 
12992 112 
13108 113 
13224 114 
13340 115 
13456 116 
