170 170
170 1 
340 2 
510 3 
680 4 
850 5 
1020 6 
1190 7 
1360 8 
1530 9 
1700 10 
1870 11 
2040 12 
2210 13 
2380 14 
2550 15 
2720 16 
2890 17 
3060 18 
3230 19 
3400 20 
3570 21 
3740 22 
3910 23 
4080 24 
4250 25 
4420 26 
4590 27 
4760 28 
4930 29 
5100 30 
5270 31 
5440 32 
5610 33 
5780 34 
5950 35 
6120 36 
6290 37 
6460 38 
6630 39 
6800 40 
6970 41 
7140 42 
7310 43 
7480 44 
7650 45 
7820 46 
7990 47 
8160 48 
8330 49 
8500 50 
8670 51 
8840 52 
9010 53 
9180 54 
9350 55 
9520 56 
9690 57 
9860 58 
10030 59 
10200 60 
10370 61 
10540 62 
10710 63 
10880 64 
11050 65 
11220 66 
11390 67 
11560 68 
11730 69 
11900 70 
12070 71 
12240 72 
12410 73 
12580 74 
12750 75 
12920 76 
13090 77 
13260 78 
13430 79 
13600 80 
13770 81 
13940 82 
14110 83 
14280 84 
14450 85 
14620 86 
14790 87 
14960 88 
15130 89 
15300 90 
15470 91 
15640 92 
15810 93 
15980 94 
16150 95 
16320 96 
16490 97 
16660 98 
16830 99 
17000 100 
17170 101 
17340 102 
17510 103 
17680 104 
17850 105 
18020 106 
18190 107 
18360 108 
18530 109 
18700 110 
18870 111 
19040 112 
19210 113 
19380 114 
19550 115 
19720 116 
19890 117 
20060 118 
20230 119 
20400 120 
20570 121 
20740 122 
20910 123 
21080 124 
21250 125 
21420 126 
21590 127 
21760 128 
21930 129 
22100 130 
22270 131 
22440 132 
22610 133 
22780 134 
22950 135 
23120 136 
23290 137 
23460 138 
23630 139 
23800 140 
23970 141 
24140 142 
24310 143 
24480 144 
24650 145 
24820 146 
24990 147 
25160 148 
25330 149 
25500 150 
25670 151 
25840 152 
26010 153 
26180 154 
26350 155 
26520 156 
26690 157 
26860 158 
27030 159 
27200 160 
27370 161 
27540 162 
27710 163 
27880 164 
28050 165 
28220 166 
28390 167 
28560 168 
28730 169 
28900 170 
