159 159
159 1 
318 2 
477 3 
636 4 
795 5 
954 6 
1113 7 
1272 8 
1431 9 
1590 10 
1749 11 
1908 12 
2067 13 
2226 14 
2385 15 
2544 16 
2703 17 
2862 18 
3021 19 
3180 20 
3339 21 
3498 22 
3657 23 
3816 24 
3975 25 
4134 26 
4293 27 
4452 28 
4611 29 
4770 30 
4929 31 
5088 32 
5247 33 
5406 34 
5565 35 
5724 36 
5883 37 
6042 38 
6201 39 
6360 40 
6519 41 
6678 42 
6837 43 
6996 44 
7155 45 
7314 46 
7473 47 
7632 48 
7791 49 
7950 50 
8109 51 
8268 52 
8427 53 
8586 54 
8745 55 
8904 56 
9063 57 
9222 58 
9381 59 
9540 60 
9699 61 
9858 62 
10017 63 
10176 64 
10335 65 
10494 66 
10653 67 
10812 68 
10971 69 
11130 70 
11289 71 
11448 72 
11607 73 
11766 74 
11925 75 
12084 76 
12243 77 
12402 78 
12561 79 
12720 80 
12879 81 
13038 82 
13197 83 
13356 84 
13515 85 
13674 86 
13833 87 
13992 88 
14151 89 
14310 90 
14469 91 
14628 92 
14787 93 
14946 94 
15105 95 
15264 96 
15423 97 
15582 98 
15741 99 
15900 100 
16059 101 
16218 102 
16377 103 
16536 104 
16695 105 
16854 106 
17013 107 
17172 108 
17331 109 
17490 110 
17649 111 
17808 112 
17967 113 
18126 114 
18285 115 
18444 116 
18603 117 
18762 118 
18921 119 
19080 120 
19239 121 
19398 122 
19557 123 
19716 124 
19875 125 
20034 126 
20193 127 
20352 128 
20511 129 
20670 130 
20829 131 
20988 132 
21147 133 
21306 134 
21465 135 
21624 136 
21783 137 
21942 138 
22101 139 
22260 140 
22419 141 
22578 142 
22737 143 
22896 144 
23055 145 
23214 146 
23373 147 
23532 148 
23691 149 
23850 150 
24009 151 
24168 152 
24327 153 
24486 154 
24645 155 
24804 156 
24963 157 
25122 158 
25281 159 
