162 162
162 1 
324 2 
486 3 
648 4 
810 5 
972 6 
1134 7 
1296 8 
1458 9 
1620 10 
1782 11 
1944 12 
2106 13 
2268 14 
2430 15 
2592 16 
2754 17 
2916 18 
3078 19 
3240 20 
3402 21 
3564 22 
3726 23 
3888 24 
4050 25 
4212 26 
4374 27 
4536 28 
4698 29 
4860 30 
5022 31 
5184 32 
5346 33 
5508 34 
5670 35 
5832 36 
5994 37 
6156 38 
6318 39 
6480 40 
6642 41 
6804 42 
6966 43 
7128 44 
7290 45 
7452 46 
7614 47 
7776 48 
7938 49 
8100 50 
8262 51 
8424 52 
8586 53 
8748 54 
8910 55 
9072 56 
9234 57 
9396 58 
9558 59 
9720 60 
9882 61 
10044 62 
10206 63 
10368 64 
10530 65 
10692 66 
10854 67 
11016 68 
11178 69 
11340 70 
11502 71 
11664 72 
11826 73 
11988 74 
12150 75 
12312 76 
12474 77 
12636 78 
12798 79 
12960 80 
13122 81 
13284 82 
13446 83 
13608 84 
13770 85 
13932 86 
14094 87 
14256 88 
14418 89 
14580 90 
14742 91 
14904 92 
15066 93 
15228 94 
15390 95 
15552 96 
15714 97 
15876 98 
16038 99 
16200 100 
16362 101 
16524 102 
16686 103 
16848 104 
17010 105 
17172 106 
17334 107 
17496 108 
17658 109 
17820 110 
17982 111 
18144 112 
18306 113 
18468 114 
18630 115 
18792 116 
18954 117 
19116 118 
19278 119 
19440 120 
19602 121 
19764 122 
19926 123 
20088 124 
20250 125 
20412 126 
20574 127 
20736 128 
20898 129 
21060 130 
21222 131 
21384 132 
21546 133 
21708 134 
21870 135 
22032 136 
22194 137 
22356 138 
22518 139 
22680 140 
22842 141 
23004 142 
23166 143 
23328 144 
23490 145 
23652 146 
23814 147 
23976 148 
24138 149 
24300 150 
24462 151 
24624 152 
24786 153 
24948 154 
25110 155 
25272 156 
25434 157 
25596 158 
25758 159 
25920 160 
26082 161 
26244 162 
