117 117
117 1 
234 2 
351 3 
468 4 
585 5 
702 6 
819 7 
936 8 
1053 9 
1170 10 
1287 11 
1404 12 
1521 13 
1638 14 
1755 15 
1872 16 
1989 17 
2106 18 
2223 19 
2340 20 
2457 21 
2574 22 
2691 23 
2808 24 
2925 25 
3042 26 
3159 27 
3276 28 
3393 29 
3510 30 
3627 31 
3744 32 
3861 33 
3978 34 
4095 35 
4212 36 
4329 37 
4446 38 
4563 39 
4680 40 
4797 41 
4914 42 
5031 43 
5148 44 
5265 45 
5382 46 
5499 47 
5616 48 
5733 49 
5850 50 
5967 51 
6084 52 
6201 53 
6318 54 
6435 55 
6552 56 
6669 57 
6786 58 
6903 59 
7020 60 
7137 61 
7254 62 
7371 63 
7488 64 
7605 65 
7722 66 
7839 67 
7956 68 
8073 69 
8190 70 
8307 71 
8424 72 
8541 73 
8658 74 
8775 75 
8892 76 
9009 77 
9126 78 
9243 79 
9360 80 
9477 81 
9594 82 
9711 83 
9828 84 
9945 85 
10062 86 
10179 87 
10296 88 
10413 89 
10530 90 
10647 91 
10764 92 
10881 93 
10998 94 
11115 95 
11232 96 
11349 97 
11466 98 
11583 99 
11700 100 
11817 101 
11934 102 
12051 103 
12168 104 
12285 105 
12402 106 
12519 107 
12636 108 
12753 109 
12870 110 
12987 111 
13104 112 
13221 113 
13338 114 
13455 115 
13572 116 
13689 117 
