107 107
107 1 
214 2 
321 3 
428 4 
535 5 
642 6 
749 7 
856 8 
963 9 
1070 10 
1177 11 
1284 12 
1391 13 
1498 14 
1605 15 
1712 16 
1819 17 
1926 18 
2033 19 
2140 20 
2247 21 
2354 22 
2461 23 
2568 24 
2675 25 
2782 26 
2889 27 
2996 28 
3103 29 
3210 30 
3317 31 
3424 32 
3531 33 
3638 34 
3745 35 
3852 36 
3959 37 
4066 38 
4173 39 
4280 40 
4387 41 
4494 42 
4601 43 
4708 44 
4815 45 
4922 46 
5029 47 
5136 48 
5243 49 
5350 50 
5457 51 
5564 52 
5671 53 
5778 54 
5885 55 
5992 56 
6099 57 
6206 58 
6313 59 
6420 60 
6527 61 
6634 62 
6741 63 
6848 64 
6955 65 
7062 66 
7169 67 
7276 68 
7383 69 
7490 70 
7597 71 
7704 72 
7811 73 
7918 74 
8025 75 
8132 76 
8239 77 
8346 78 
8453 79 
8560 80 
8667 81 
8774 82 
8881 83 
8988 84 
9095 85 
9202 86 
9309 87 
9416 88 
9523 89 
9630 90 
9737 91 
9844 92 
9951 93 
10058 94 
10165 95 
10272 96 
10379 97 
10486 98 
10593 99 
10700 100 
10807 101 
10914 102 
11021 103 
11128 104 
11235 105 
11342 106 
11449 107 
