80 80
80 1 
160 2 
240 3 
320 4 
400 5 
480 6 
560 7 
640 8 
720 9 
800 10 
880 11 
960 12 
1040 13 
1120 14 
1200 15 
1280 16 
1360 17 
1440 18 
1520 19 
1600 20 
1680 21 
1760 22 
1840 23 
1920 24 
2000 25 
2080 26 
2160 27 
2240 28 
2320 29 
2400 30 
2480 31 
2560 32 
2640 33 
2720 34 
2800 35 
2880 36 
2960 37 
3040 38 
3120 39 
3200 40 
3280 41 
3360 42 
3440 43 
3520 44 
3600 45 
3680 46 
3760 47 
3840 48 
3920 49 
4000 50 
4080 51 
4160 52 
4240 53 
4320 54 
4400 55 
4480 56 
4560 57 
4640 58 
4720 59 
4800 60 
4880 61 
4960 62 
5040 63 
5120 64 
5200 65 
5280 66 
5360 67 
5440 68 
5520 69 
5600 70 
5680 71 
5760 72 
5840 73 
5920 74 
6000 75 
6080 76 
6160 77 
6240 78 
6320 79 
6400 80 
