89 89
89 1 
178 2 
267 3 
356 4 
445 5 
534 6 
623 7 
712 8 
801 9 
890 10 
979 11 
1068 12 
1157 13 
1246 14 
1335 15 
1424 16 
1513 17 
1602 18 
1691 19 
1780 20 
1869 21 
1958 22 
2047 23 
2136 24 
2225 25 
2314 26 
2403 27 
2492 28 
2581 29 
2670 30 
2759 31 
2848 32 
2937 33 
3026 34 
3115 35 
3204 36 
3293 37 
3382 38 
3471 39 
3560 40 
3649 41 
3738 42 
3827 43 
3916 44 
4005 45 
4094 46 
4183 47 
4272 48 
4361 49 
4450 50 
4539 51 
4628 52 
4717 53 
4806 54 
4895 55 
4984 56 
5073 57 
5162 58 
5251 59 
5340 60 
5429 61 
5518 62 
5607 63 
5696 64 
5785 65 
5874 66 
5963 67 
6052 68 
6141 69 
6230 70 
6319 71 
6408 72 
6497 73 
6586 74 
6675 75 
6764 76 
6853 77 
6942 78 
7031 79 
7120 80 
7209 81 
7298 82 
7387 83 
7476 84 
7565 85 
7654 86 
7743 87 
7832 88 
7921 89 
