151 151
151 1 
302 2 
453 3 
604 4 
755 5 
906 6 
1057 7 
1208 8 
1359 9 
1510 10 
1661 11 
1812 12 
1963 13 
2114 14 
2265 15 
2416 16 
2567 17 
2718 18 
2869 19 
3020 20 
3171 21 
3322 22 
3473 23 
3624 24 
3775 25 
3926 26 
4077 27 
4228 28 
4379 29 
4530 30 
4681 31 
4832 32 
4983 33 
5134 34 
5285 35 
5436 36 
5587 37 
5738 38 
5889 39 
6040 40 
6191 41 
6342 42 
6493 43 
6644 44 
6795 45 
6946 46 
7097 47 
7248 48 
7399 49 
7550 50 
7701 51 
7852 52 
8003 53 
8154 54 
8305 55 
8456 56 
8607 57 
8758 58 
8909 59 
9060 60 
9211 61 
9362 62 
9513 63 
9664 64 
9815 65 
9966 66 
10117 67 
10268 68 
10419 69 
10570 70 
10721 71 
10872 72 
11023 73 
11174 74 
11325 75 
11476 76 
11627 77 
11778 78 
11929 79 
12080 80 
12231 81 
12382 82 
12533 83 
12684 84 
12835 85 
12986 86 
13137 87 
13288 88 
13439 89 
13590 90 
13741 91 
13892 92 
14043 93 
14194 94 
14345 95 
14496 96 
14647 97 
14798 98 
14949 99 
15100 100 
15251 101 
15402 102 
15553 103 
15704 104 
15855 105 
16006 106 
16157 107 
16308 108 
16459 109 
16610 110 
16761 111 
16912 112 
17063 113 
17214 114 
17365 115 
17516 116 
17667 117 
17818 118 
17969 119 
18120 120 
18271 121 
18422 122 
18573 123 
18724 124 
18875 125 
19026 126 
19177 127 
19328 128 
19479 129 
19630 130 
19781 131 
19932 132 
20083 133 
20234 134 
20385 135 
20536 136 
20687 137 
20838 138 
20989 139 
21140 140 
21291 141 
21442 142 
21593 143 
21744 144 
21895 145 
22046 146 
22197 147 
22348 148 
22499 149 
22650 150 
22801 151 
