198 198
198 1 
396 2 
594 3 
792 4 
990 5 
1188 6 
1386 7 
1584 8 
1782 9 
1980 10 
2178 11 
2376 12 
2574 13 
2772 14 
2970 15 
3168 16 
3366 17 
3564 18 
3762 19 
3960 20 
4158 21 
4356 22 
4554 23 
4752 24 
4950 25 
5148 26 
5346 27 
5544 28 
5742 29 
5940 30 
6138 31 
6336 32 
6534 33 
6732 34 
6930 35 
7128 36 
7326 37 
7524 38 
7722 39 
7920 40 
8118 41 
8316 42 
8514 43 
8712 44 
8910 45 
9108 46 
9306 47 
9504 48 
9702 49 
9900 50 
10098 51 
10296 52 
10494 53 
10692 54 
10890 55 
11088 56 
11286 57 
11484 58 
11682 59 
11880 60 
12078 61 
12276 62 
12474 63 
12672 64 
12870 65 
13068 66 
13266 67 
13464 68 
13662 69 
13860 70 
14058 71 
14256 72 
14454 73 
14652 74 
14850 75 
15048 76 
15246 77 
15444 78 
15642 79 
15840 80 
16038 81 
16236 82 
16434 83 
16632 84 
16830 85 
17028 86 
17226 87 
17424 88 
17622 89 
17820 90 
18018 91 
18216 92 
18414 93 
18612 94 
18810 95 
19008 96 
19206 97 
19404 98 
19602 99 
19800 100 
19998 101 
20196 102 
20394 103 
20592 104 
20790 105 
20988 106 
21186 107 
21384 108 
21582 109 
21780 110 
21978 111 
22176 112 
22374 113 
22572 114 
22770 115 
22968 116 
23166 117 
23364 118 
23562 119 
23760 120 
23958 121 
24156 122 
24354 123 
24552 124 
24750 125 
24948 126 
25146 127 
25344 128 
25542 129 
25740 130 
25938 131 
26136 132 
26334 133 
26532 134 
26730 135 
26928 136 
27126 137 
27324 138 
27522 139 
27720 140 
27918 141 
28116 142 
28314 143 
28512 144 
28710 145 
28908 146 
29106 147 
29304 148 
29502 149 
29700 150 
29898 151 
30096 152 
30294 153 
30492 154 
30690 155 
30888 156 
31086 157 
31284 158 
31482 159 
31680 160 
31878 161 
32076 162 
32274 163 
32472 164 
32670 165 
32868 166 
33066 167 
33264 168 
33462 169 
33660 170 
33858 171 
34056 172 
34254 173 
34452 174 
34650 175 
34848 176 
35046 177 
35244 178 
35442 179 
35640 180 
35838 181 
36036 182 
36234 183 
36432 184 
36630 185 
36828 186 
37026 187 
37224 188 
37422 189 
37620 190 
37818 191 
38016 192 
38214 193 
38412 194 
38610 195 
38808 196 
39006 197 
39204 198 
