194 194
194 1 
388 2 
582 3 
776 4 
970 5 
1164 6 
1358 7 
1552 8 
1746 9 
1940 10 
2134 11 
2328 12 
2522 13 
2716 14 
2910 15 
3104 16 
3298 17 
3492 18 
3686 19 
3880 20 
4074 21 
4268 22 
4462 23 
4656 24 
4850 25 
5044 26 
5238 27 
5432 28 
5626 29 
5820 30 
6014 31 
6208 32 
6402 33 
6596 34 
6790 35 
6984 36 
7178 37 
7372 38 
7566 39 
7760 40 
7954 41 
8148 42 
8342 43 
8536 44 
8730 45 
8924 46 
9118 47 
9312 48 
9506 49 
9700 50 
9894 51 
10088 52 
10282 53 
10476 54 
10670 55 
10864 56 
11058 57 
11252 58 
11446 59 
11640 60 
11834 61 
12028 62 
12222 63 
12416 64 
12610 65 
12804 66 
12998 67 
13192 68 
13386 69 
13580 70 
13774 71 
13968 72 
14162 73 
14356 74 
14550 75 
14744 76 
14938 77 
15132 78 
15326 79 
15520 80 
15714 81 
15908 82 
16102 83 
16296 84 
16490 85 
16684 86 
16878 87 
17072 88 
17266 89 
17460 90 
17654 91 
17848 92 
18042 93 
18236 94 
18430 95 
18624 96 
18818 97 
19012 98 
19206 99 
19400 100 
19594 101 
19788 102 
19982 103 
20176 104 
20370 105 
20564 106 
20758 107 
20952 108 
21146 109 
21340 110 
21534 111 
21728 112 
21922 113 
22116 114 
22310 115 
22504 116 
22698 117 
22892 118 
23086 119 
23280 120 
23474 121 
23668 122 
23862 123 
24056 124 
24250 125 
24444 126 
24638 127 
24832 128 
25026 129 
25220 130 
25414 131 
25608 132 
25802 133 
25996 134 
26190 135 
26384 136 
26578 137 
26772 138 
26966 139 
27160 140 
27354 141 
27548 142 
27742 143 
27936 144 
28130 145 
28324 146 
28518 147 
28712 148 
28906 149 
29100 150 
29294 151 
29488 152 
29682 153 
29876 154 
30070 155 
30264 156 
30458 157 
30652 158 
30846 159 
31040 160 
31234 161 
31428 162 
31622 163 
31816 164 
32010 165 
32204 166 
32398 167 
32592 168 
32786 169 
32980 170 
33174 171 
33368 172 
33562 173 
33756 174 
33950 175 
34144 176 
34338 177 
34532 178 
34726 179 
34920 180 
35114 181 
35308 182 
35502 183 
35696 184 
35890 185 
36084 186 
36278 187 
36472 188 
36666 189 
36860 190 
37054 191 
37248 192 
37442 193 
37636 194 
