128 128
128 1 
256 2 
384 3 
512 4 
640 5 
768 6 
896 7 
1024 8 
1152 9 
1280 10 
1408 11 
1536 12 
1664 13 
1792 14 
1920 15 
2048 16 
2176 17 
2304 18 
2432 19 
2560 20 
2688 21 
2816 22 
2944 23 
3072 24 
3200 25 
3328 26 
3456 27 
3584 28 
3712 29 
3840 30 
3968 31 
4096 32 
4224 33 
4352 34 
4480 35 
4608 36 
4736 37 
4864 38 
4992 39 
5120 40 
5248 41 
5376 42 
5504 43 
5632 44 
5760 45 
5888 46 
6016 47 
6144 48 
6272 49 
6400 50 
6528 51 
6656 52 
6784 53 
6912 54 
7040 55 
7168 56 
7296 57 
7424 58 
7552 59 
7680 60 
7808 61 
7936 62 
8064 63 
8192 64 
8320 65 
8448 66 
8576 67 
8704 68 
8832 69 
8960 70 
9088 71 
9216 72 
9344 73 
9472 74 
9600 75 
9728 76 
9856 77 
9984 78 
10112 79 
10240 80 
10368 81 
10496 82 
10624 83 
10752 84 
10880 85 
11008 86 
11136 87 
11264 88 
11392 89 
11520 90 
11648 91 
11776 92 
11904 93 
12032 94 
12160 95 
12288 96 
12416 97 
12544 98 
12672 99 
12800 100 
12928 101 
13056 102 
13184 103 
13312 104 
13440 105 
13568 106 
13696 107 
13824 108 
13952 109 
14080 110 
14208 111 
14336 112 
14464 113 
14592 114 
14720 115 
14848 116 
14976 117 
15104 118 
15232 119 
15360 120 
15488 121 
15616 122 
15744 123 
15872 124 
16000 125 
16128 126 
16256 127 
16384 128 
