140 140
140 1 
280 2 
420 3 
560 4 
700 5 
840 6 
980 7 
1120 8 
1260 9 
1400 10 
1540 11 
1680 12 
1820 13 
1960 14 
2100 15 
2240 16 
2380 17 
2520 18 
2660 19 
2800 20 
2940 21 
3080 22 
3220 23 
3360 24 
3500 25 
3640 26 
3780 27 
3920 28 
4060 29 
4200 30 
4340 31 
4480 32 
4620 33 
4760 34 
4900 35 
5040 36 
5180 37 
5320 38 
5460 39 
5600 40 
5740 41 
5880 42 
6020 43 
6160 44 
6300 45 
6440 46 
6580 47 
6720 48 
6860 49 
7000 50 
7140 51 
7280 52 
7420 53 
7560 54 
7700 55 
7840 56 
7980 57 
8120 58 
8260 59 
8400 60 
8540 61 
8680 62 
8820 63 
8960 64 
9100 65 
9240 66 
9380 67 
9520 68 
9660 69 
9800 70 
9940 71 
10080 72 
10220 73 
10360 74 
10500 75 
10640 76 
10780 77 
10920 78 
11060 79 
11200 80 
11340 81 
11480 82 
11620 83 
11760 84 
11900 85 
12040 86 
12180 87 
12320 88 
12460 89 
12600 90 
12740 91 
12880 92 
13020 93 
13160 94 
13300 95 
13440 96 
13580 97 
13720 98 
13860 99 
14000 100 
14140 101 
14280 102 
14420 103 
14560 104 
14700 105 
14840 106 
14980 107 
15120 108 
15260 109 
15400 110 
15540 111 
15680 112 
15820 113 
15960 114 
16100 115 
16240 116 
16380 117 
16520 118 
16660 119 
16800 120 
16940 121 
17080 122 
17220 123 
17360 124 
17500 125 
17640 126 
17780 127 
17920 128 
18060 129 
18200 130 
18340 131 
18480 132 
18620 133 
18760 134 
18900 135 
19040 136 
19180 137 
19320 138 
19460 139 
19600 140 
