131 131
131 1 
262 2 
393 3 
524 4 
655 5 
786 6 
917 7 
1048 8 
1179 9 
1310 10 
1441 11 
1572 12 
1703 13 
1834 14 
1965 15 
2096 16 
2227 17 
2358 18 
2489 19 
2620 20 
2751 21 
2882 22 
3013 23 
3144 24 
3275 25 
3406 26 
3537 27 
3668 28 
3799 29 
3930 30 
4061 31 
4192 32 
4323 33 
4454 34 
4585 35 
4716 36 
4847 37 
4978 38 
5109 39 
5240 40 
5371 41 
5502 42 
5633 43 
5764 44 
5895 45 
6026 46 
6157 47 
6288 48 
6419 49 
6550 50 
6681 51 
6812 52 
6943 53 
7074 54 
7205 55 
7336 56 
7467 57 
7598 58 
7729 59 
7860 60 
7991 61 
8122 62 
8253 63 
8384 64 
8515 65 
8646 66 
8777 67 
8908 68 
9039 69 
9170 70 
9301 71 
9432 72 
9563 73 
9694 74 
9825 75 
9956 76 
10087 77 
10218 78 
10349 79 
10480 80 
10611 81 
10742 82 
10873 83 
11004 84 
11135 85 
11266 86 
11397 87 
11528 88 
11659 89 
11790 90 
11921 91 
12052 92 
12183 93 
12314 94 
12445 95 
12576 96 
12707 97 
12838 98 
12969 99 
13100 100 
13231 101 
13362 102 
13493 103 
13624 104 
13755 105 
13886 106 
14017 107 
14148 108 
14279 109 
14410 110 
14541 111 
14672 112 
14803 113 
14934 114 
15065 115 
15196 116 
15327 117 
15458 118 
15589 119 
15720 120 
15851 121 
15982 122 
16113 123 
16244 124 
16375 125 
16506 126 
16637 127 
16768 128 
16899 129 
17030 130 
17161 131 
