136 136
136 1 
272 2 
408 3 
544 4 
680 5 
816 6 
952 7 
1088 8 
1224 9 
1360 10 
1496 11 
1632 12 
1768 13 
1904 14 
2040 15 
2176 16 
2312 17 
2448 18 
2584 19 
2720 20 
2856 21 
2992 22 
3128 23 
3264 24 
3400 25 
3536 26 
3672 27 
3808 28 
3944 29 
4080 30 
4216 31 
4352 32 
4488 33 
4624 34 
4760 35 
4896 36 
5032 37 
5168 38 
5304 39 
5440 40 
5576 41 
5712 42 
5848 43 
5984 44 
6120 45 
6256 46 
6392 47 
6528 48 
6664 49 
6800 50 
6936 51 
7072 52 
7208 53 
7344 54 
7480 55 
7616 56 
7752 57 
7888 58 
8024 59 
8160 60 
8296 61 
8432 62 
8568 63 
8704 64 
8840 65 
8976 66 
9112 67 
9248 68 
9384 69 
9520 70 
9656 71 
9792 72 
9928 73 
10064 74 
10200 75 
10336 76 
10472 77 
10608 78 
10744 79 
10880 80 
11016 81 
11152 82 
11288 83 
11424 84 
11560 85 
11696 86 
11832 87 
11968 88 
12104 89 
12240 90 
12376 91 
12512 92 
12648 93 
12784 94 
12920 95 
13056 96 
13192 97 
13328 98 
13464 99 
13600 100 
13736 101 
13872 102 
14008 103 
14144 104 
14280 105 
14416 106 
14552 107 
14688 108 
14824 109 
14960 110 
15096 111 
15232 112 
15368 113 
15504 114 
15640 115 
15776 116 
15912 117 
16048 118 
16184 119 
16320 120 
16456 121 
16592 122 
16728 123 
16864 124 
17000 125 
17136 126 
17272 127 
17408 128 
17544 129 
17680 130 
17816 131 
17952 132 
18088 133 
18224 134 
18360 135 
18496 136 
