172 172
172 1 
344 2 
516 3 
688 4 
860 5 
1032 6 
1204 7 
1376 8 
1548 9 
1720 10 
1892 11 
2064 12 
2236 13 
2408 14 
2580 15 
2752 16 
2924 17 
3096 18 
3268 19 
3440 20 
3612 21 
3784 22 
3956 23 
4128 24 
4300 25 
4472 26 
4644 27 
4816 28 
4988 29 
5160 30 
5332 31 
5504 32 
5676 33 
5848 34 
6020 35 
6192 36 
6364 37 
6536 38 
6708 39 
6880 40 
7052 41 
7224 42 
7396 43 
7568 44 
7740 45 
7912 46 
8084 47 
8256 48 
8428 49 
8600 50 
8772 51 
8944 52 
9116 53 
9288 54 
9460 55 
9632 56 
9804 57 
9976 58 
10148 59 
10320 60 
10492 61 
10664 62 
10836 63 
11008 64 
11180 65 
11352 66 
11524 67 
11696 68 
11868 69 
12040 70 
12212 71 
12384 72 
12556 73 
12728 74 
12900 75 
13072 76 
13244 77 
13416 78 
13588 79 
13760 80 
13932 81 
14104 82 
14276 83 
14448 84 
14620 85 
14792 86 
14964 87 
15136 88 
15308 89 
15480 90 
15652 91 
15824 92 
15996 93 
16168 94 
16340 95 
16512 96 
16684 97 
16856 98 
17028 99 
17200 100 
17372 101 
17544 102 
17716 103 
17888 104 
18060 105 
18232 106 
18404 107 
18576 108 
18748 109 
18920 110 
19092 111 
19264 112 
19436 113 
19608 114 
19780 115 
19952 116 
20124 117 
20296 118 
20468 119 
20640 120 
20812 121 
20984 122 
21156 123 
21328 124 
21500 125 
21672 126 
21844 127 
22016 128 
22188 129 
22360 130 
22532 131 
22704 132 
22876 133 
23048 134 
23220 135 
23392 136 
23564 137 
23736 138 
23908 139 
24080 140 
24252 141 
24424 142 
24596 143 
24768 144 
24940 145 
25112 146 
25284 147 
25456 148 
25628 149 
25800 150 
25972 151 
26144 152 
26316 153 
26488 154 
26660 155 
26832 156 
27004 157 
27176 158 
27348 159 
27520 160 
27692 161 
27864 162 
28036 163 
28208 164 
28380 165 
28552 166 
28724 167 
28896 168 
29068 169 
29240 170 
29412 171 
29584 172 
