188 188
188 1 
376 2 
564 3 
752 4 
940 5 
1128 6 
1316 7 
1504 8 
1692 9 
1880 10 
2068 11 
2256 12 
2444 13 
2632 14 
2820 15 
3008 16 
3196 17 
3384 18 
3572 19 
3760 20 
3948 21 
4136 22 
4324 23 
4512 24 
4700 25 
4888 26 
5076 27 
5264 28 
5452 29 
5640 30 
5828 31 
6016 32 
6204 33 
6392 34 
6580 35 
6768 36 
6956 37 
7144 38 
7332 39 
7520 40 
7708 41 
7896 42 
8084 43 
8272 44 
8460 45 
8648 46 
8836 47 
9024 48 
9212 49 
9400 50 
9588 51 
9776 52 
9964 53 
10152 54 
10340 55 
10528 56 
10716 57 
10904 58 
11092 59 
11280 60 
11468 61 
11656 62 
11844 63 
12032 64 
12220 65 
12408 66 
12596 67 
12784 68 
12972 69 
13160 70 
13348 71 
13536 72 
13724 73 
13912 74 
14100 75 
14288 76 
14476 77 
14664 78 
14852 79 
15040 80 
15228 81 
15416 82 
15604 83 
15792 84 
15980 85 
16168 86 
16356 87 
16544 88 
16732 89 
16920 90 
17108 91 
17296 92 
17484 93 
17672 94 
17860 95 
18048 96 
18236 97 
18424 98 
18612 99 
18800 100 
18988 101 
19176 102 
19364 103 
19552 104 
19740 105 
19928 106 
20116 107 
20304 108 
20492 109 
20680 110 
20868 111 
21056 112 
21244 113 
21432 114 
21620 115 
21808 116 
21996 117 
22184 118 
22372 119 
22560 120 
22748 121 
22936 122 
23124 123 
23312 124 
23500 125 
23688 126 
23876 127 
24064 128 
24252 129 
24440 130 
24628 131 
24816 132 
25004 133 
25192 134 
25380 135 
25568 136 
25756 137 
25944 138 
26132 139 
26320 140 
26508 141 
26696 142 
26884 143 
27072 144 
27260 145 
27448 146 
27636 147 
27824 148 
28012 149 
28200 150 
28388 151 
28576 152 
28764 153 
28952 154 
29140 155 
29328 156 
29516 157 
29704 158 
29892 159 
30080 160 
30268 161 
30456 162 
30644 163 
30832 164 
31020 165 
31208 166 
31396 167 
31584 168 
31772 169 
31960 170 
32148 171 
32336 172 
32524 173 
32712 174 
32900 175 
33088 176 
33276 177 
33464 178 
33652 179 
33840 180 
34028 181 
34216 182 
34404 183 
34592 184 
34780 185 
34968 186 
35156 187 
35344 188 
