167 167
167 1 
334 2 
501 3 
668 4 
835 5 
1002 6 
1169 7 
1336 8 
1503 9 
1670 10 
1837 11 
2004 12 
2171 13 
2338 14 
2505 15 
2672 16 
2839 17 
3006 18 
3173 19 
3340 20 
3507 21 
3674 22 
3841 23 
4008 24 
4175 25 
4342 26 
4509 27 
4676 28 
4843 29 
5010 30 
5177 31 
5344 32 
5511 33 
5678 34 
5845 35 
6012 36 
6179 37 
6346 38 
6513 39 
6680 40 
6847 41 
7014 42 
7181 43 
7348 44 
7515 45 
7682 46 
7849 47 
8016 48 
8183 49 
8350 50 
8517 51 
8684 52 
8851 53 
9018 54 
9185 55 
9352 56 
9519 57 
9686 58 
9853 59 
10020 60 
10187 61 
10354 62 
10521 63 
10688 64 
10855 65 
11022 66 
11189 67 
11356 68 
11523 69 
11690 70 
11857 71 
12024 72 
12191 73 
12358 74 
12525 75 
12692 76 
12859 77 
13026 78 
13193 79 
13360 80 
13527 81 
13694 82 
13861 83 
14028 84 
14195 85 
14362 86 
14529 87 
14696 88 
14863 89 
15030 90 
15197 91 
15364 92 
15531 93 
15698 94 
15865 95 
16032 96 
16199 97 
16366 98 
16533 99 
16700 100 
16867 101 
17034 102 
17201 103 
17368 104 
17535 105 
17702 106 
17869 107 
18036 108 
18203 109 
18370 110 
18537 111 
18704 112 
18871 113 
19038 114 
19205 115 
19372 116 
19539 117 
19706 118 
19873 119 
20040 120 
20207 121 
20374 122 
20541 123 
20708 124 
20875 125 
21042 126 
21209 127 
21376 128 
21543 129 
21710 130 
21877 131 
22044 132 
22211 133 
22378 134 
22545 135 
22712 136 
22879 137 
23046 138 
23213 139 
23380 140 
23547 141 
23714 142 
23881 143 
24048 144 
24215 145 
24382 146 
24549 147 
24716 148 
24883 149 
25050 150 
25217 151 
25384 152 
25551 153 
25718 154 
25885 155 
26052 156 
26219 157 
26386 158 
26553 159 
26720 160 
26887 161 
27054 162 
27221 163 
27388 164 
27555 165 
27722 166 
27889 167 
