70 70
70 1 
140 2 
210 3 
280 4 
350 5 
420 6 
490 7 
560 8 
630 9 
700 10 
770 11 
840 12 
910 13 
980 14 
1050 15 
1120 16 
1190 17 
1260 18 
1330 19 
1400 20 
1470 21 
1540 22 
1610 23 
1680 24 
1750 25 
1820 26 
1890 27 
1960 28 
2030 29 
2100 30 
2170 31 
2240 32 
2310 33 
2380 34 
2450 35 
2520 36 
2590 37 
2660 38 
2730 39 
2800 40 
2870 41 
2940 42 
3010 43 
3080 44 
3150 45 
3220 46 
3290 47 
3360 48 
3430 49 
3500 50 
3570 51 
3640 52 
3710 53 
3780 54 
3850 55 
3920 56 
3990 57 
4060 58 
4130 59 
4200 60 
4270 61 
4340 62 
4410 63 
4480 64 
4550 65 
4620 66 
4690 67 
4760 68 
4830 69 
4900 70 
