85 85
85 1 
170 2 
255 3 
340 4 
425 5 
510 6 
595 7 
680 8 
765 9 
850 10 
935 11 
1020 12 
1105 13 
1190 14 
1275 15 
1360 16 
1445 17 
1530 18 
1615 19 
1700 20 
1785 21 
1870 22 
1955 23 
2040 24 
2125 25 
2210 26 
2295 27 
2380 28 
2465 29 
2550 30 
2635 31 
2720 32 
2805 33 
2890 34 
2975 35 
3060 36 
3145 37 
3230 38 
3315 39 
3400 40 
3485 41 
3570 42 
3655 43 
3740 44 
3825 45 
3910 46 
3995 47 
4080 48 
4165 49 
4250 50 
4335 51 
4420 52 
4505 53 
4590 54 
4675 55 
4760 56 
4845 57 
4930 58 
5015 59 
5100 60 
5185 61 
5270 62 
5355 63 
5440 64 
5525 65 
5610 66 
5695 67 
5780 68 
5865 69 
5950 70 
6035 71 
6120 72 
6205 73 
6290 74 
6375 75 
6460 76 
6545 77 
6630 78 
6715 79 
6800 80 
6885 81 
6970 82 
7055 83 
7140 84 
7225 85 
