74 74
74 1 
148 2 
222 3 
296 4 
370 5 
444 6 
518 7 
592 8 
666 9 
740 10 
814 11 
888 12 
962 13 
1036 14 
1110 15 
1184 16 
1258 17 
1332 18 
1406 19 
1480 20 
1554 21 
1628 22 
1702 23 
1776 24 
1850 25 
1924 26 
1998 27 
2072 28 
2146 29 
2220 30 
2294 31 
2368 32 
2442 33 
2516 34 
2590 35 
2664 36 
2738 37 
2812 38 
2886 39 
2960 40 
3034 41 
3108 42 
3182 43 
3256 44 
3330 45 
3404 46 
3478 47 
3552 48 
3626 49 
3700 50 
3774 51 
3848 52 
3922 53 
3996 54 
4070 55 
4144 56 
4218 57 
4292 58 
4366 59 
4440 60 
4514 61 
4588 62 
4662 63 
4736 64 
4810 65 
4884 66 
4958 67 
5032 68 
5106 69 
5180 70 
5254 71 
5328 72 
5402 73 
5476 74 
