146 146
146 1 
292 2 
438 3 
584 4 
730 5 
876 6 
1022 7 
1168 8 
1314 9 
1460 10 
1606 11 
1752 12 
1898 13 
2044 14 
2190 15 
2336 16 
2482 17 
2628 18 
2774 19 
2920 20 
3066 21 
3212 22 
3358 23 
3504 24 
3650 25 
3796 26 
3942 27 
4088 28 
4234 29 
4380 30 
4526 31 
4672 32 
4818 33 
4964 34 
5110 35 
5256 36 
5402 37 
5548 38 
5694 39 
5840 40 
5986 41 
6132 42 
6278 43 
6424 44 
6570 45 
6716 46 
6862 47 
7008 48 
7154 49 
7300 50 
7446 51 
7592 52 
7738 53 
7884 54 
8030 55 
8176 56 
8322 57 
8468 58 
8614 59 
8760 60 
8906 61 
9052 62 
9198 63 
9344 64 
9490 65 
9636 66 
9782 67 
9928 68 
10074 69 
10220 70 
10366 71 
10512 72 
10658 73 
10804 74 
10950 75 
11096 76 
11242 77 
11388 78 
11534 79 
11680 80 
11826 81 
11972 82 
12118 83 
12264 84 
12410 85 
12556 86 
12702 87 
12848 88 
12994 89 
13140 90 
13286 91 
13432 92 
13578 93 
13724 94 
13870 95 
14016 96 
14162 97 
14308 98 
14454 99 
14600 100 
14746 101 
14892 102 
15038 103 
15184 104 
15330 105 
15476 106 
15622 107 
15768 108 
15914 109 
16060 110 
16206 111 
16352 112 
16498 113 
16644 114 
16790 115 
16936 116 
17082 117 
17228 118 
17374 119 
17520 120 
17666 121 
17812 122 
17958 123 
18104 124 
18250 125 
18396 126 
18542 127 
18688 128 
18834 129 
18980 130 
19126 131 
19272 132 
19418 133 
19564 134 
19710 135 
19856 136 
20002 137 
20148 138 
20294 139 
20440 140 
20586 141 
20732 142 
20878 143 
21024 144 
21170 145 
21316 146 
