186 186
186 1 
372 2 
558 3 
744 4 
930 5 
1116 6 
1302 7 
1488 8 
1674 9 
1860 10 
2046 11 
2232 12 
2418 13 
2604 14 
2790 15 
2976 16 
3162 17 
3348 18 
3534 19 
3720 20 
3906 21 
4092 22 
4278 23 
4464 24 
4650 25 
4836 26 
5022 27 
5208 28 
5394 29 
5580 30 
5766 31 
5952 32 
6138 33 
6324 34 
6510 35 
6696 36 
6882 37 
7068 38 
7254 39 
7440 40 
7626 41 
7812 42 
7998 43 
8184 44 
8370 45 
8556 46 
8742 47 
8928 48 
9114 49 
9300 50 
9486 51 
9672 52 
9858 53 
10044 54 
10230 55 
10416 56 
10602 57 
10788 58 
10974 59 
11160 60 
11346 61 
11532 62 
11718 63 
11904 64 
12090 65 
12276 66 
12462 67 
12648 68 
12834 69 
13020 70 
13206 71 
13392 72 
13578 73 
13764 74 
13950 75 
14136 76 
14322 77 
14508 78 
14694 79 
14880 80 
15066 81 
15252 82 
15438 83 
15624 84 
15810 85 
15996 86 
16182 87 
16368 88 
16554 89 
16740 90 
16926 91 
17112 92 
17298 93 
17484 94 
17670 95 
17856 96 
18042 97 
18228 98 
18414 99 
18600 100 
18786 101 
18972 102 
19158 103 
19344 104 
19530 105 
19716 106 
19902 107 
20088 108 
20274 109 
20460 110 
20646 111 
20832 112 
21018 113 
21204 114 
21390 115 
21576 116 
21762 117 
21948 118 
22134 119 
22320 120 
22506 121 
22692 122 
22878 123 
23064 124 
23250 125 
23436 126 
23622 127 
23808 128 
23994 129 
24180 130 
24366 131 
24552 132 
24738 133 
24924 134 
25110 135 
25296 136 
25482 137 
25668 138 
25854 139 
26040 140 
26226 141 
26412 142 
26598 143 
26784 144 
26970 145 
27156 146 
27342 147 
27528 148 
27714 149 
27900 150 
28086 151 
28272 152 
28458 153 
28644 154 
28830 155 
29016 156 
29202 157 
29388 158 
29574 159 
29760 160 
29946 161 
30132 162 
30318 163 
30504 164 
30690 165 
30876 166 
31062 167 
31248 168 
31434 169 
31620 170 
31806 171 
31992 172 
32178 173 
32364 174 
32550 175 
32736 176 
32922 177 
33108 178 
33294 179 
33480 180 
33666 181 
33852 182 
34038 183 
34224 184 
34410 185 
34596 186 
