168 168
168 1 
336 2 
504 3 
672 4 
840 5 
1008 6 
1176 7 
1344 8 
1512 9 
1680 10 
1848 11 
2016 12 
2184 13 
2352 14 
2520 15 
2688 16 
2856 17 
3024 18 
3192 19 
3360 20 
3528 21 
3696 22 
3864 23 
4032 24 
4200 25 
4368 26 
4536 27 
4704 28 
4872 29 
5040 30 
5208 31 
5376 32 
5544 33 
5712 34 
5880 35 
6048 36 
6216 37 
6384 38 
6552 39 
6720 40 
6888 41 
7056 42 
7224 43 
7392 44 
7560 45 
7728 46 
7896 47 
8064 48 
8232 49 
8400 50 
8568 51 
8736 52 
8904 53 
9072 54 
9240 55 
9408 56 
9576 57 
9744 58 
9912 59 
10080 60 
10248 61 
10416 62 
10584 63 
10752 64 
10920 65 
11088 66 
11256 67 
11424 68 
11592 69 
11760 70 
11928 71 
12096 72 
12264 73 
12432 74 
12600 75 
12768 76 
12936 77 
13104 78 
13272 79 
13440 80 
13608 81 
13776 82 
13944 83 
14112 84 
14280 85 
14448 86 
14616 87 
14784 88 
14952 89 
15120 90 
15288 91 
15456 92 
15624 93 
15792 94 
15960 95 
16128 96 
16296 97 
16464 98 
16632 99 
16800 100 
16968 101 
17136 102 
17304 103 
17472 104 
17640 105 
17808 106 
17976 107 
18144 108 
18312 109 
18480 110 
18648 111 
18816 112 
18984 113 
19152 114 
19320 115 
19488 116 
19656 117 
19824 118 
19992 119 
20160 120 
20328 121 
20496 122 
20664 123 
20832 124 
21000 125 
21168 126 
21336 127 
21504 128 
21672 129 
21840 130 
22008 131 
22176 132 
22344 133 
22512 134 
22680 135 
22848 136 
23016 137 
23184 138 
23352 139 
23520 140 
23688 141 
23856 142 
24024 143 
24192 144 
24360 145 
24528 146 
24696 147 
24864 148 
25032 149 
25200 150 
25368 151 
25536 152 
25704 153 
25872 154 
26040 155 
26208 156 
26376 157 
26544 158 
26712 159 
26880 160 
27048 161 
27216 162 
27384 163 
27552 164 
27720 165 
27888 166 
28056 167 
28224 168 
