134 134
134 1 
268 2 
402 3 
536 4 
670 5 
804 6 
938 7 
1072 8 
1206 9 
1340 10 
1474 11 
1608 12 
1742 13 
1876 14 
2010 15 
2144 16 
2278 17 
2412 18 
2546 19 
2680 20 
2814 21 
2948 22 
3082 23 
3216 24 
3350 25 
3484 26 
3618 27 
3752 28 
3886 29 
4020 30 
4154 31 
4288 32 
4422 33 
4556 34 
4690 35 
4824 36 
4958 37 
5092 38 
5226 39 
5360 40 
5494 41 
5628 42 
5762 43 
5896 44 
6030 45 
6164 46 
6298 47 
6432 48 
6566 49 
6700 50 
6834 51 
6968 52 
7102 53 
7236 54 
7370 55 
7504 56 
7638 57 
7772 58 
7906 59 
8040 60 
8174 61 
8308 62 
8442 63 
8576 64 
8710 65 
8844 66 
8978 67 
9112 68 
9246 69 
9380 70 
9514 71 
9648 72 
9782 73 
9916 74 
10050 75 
10184 76 
10318 77 
10452 78 
10586 79 
10720 80 
10854 81 
10988 82 
11122 83 
11256 84 
11390 85 
11524 86 
11658 87 
11792 88 
11926 89 
12060 90 
12194 91 
12328 92 
12462 93 
12596 94 
12730 95 
12864 96 
12998 97 
13132 98 
13266 99 
13400 100 
13534 101 
13668 102 
13802 103 
13936 104 
14070 105 
14204 106 
14338 107 
14472 108 
14606 109 
14740 110 
14874 111 
15008 112 
15142 113 
15276 114 
15410 115 
15544 116 
15678 117 
15812 118 
15946 119 
16080 120 
16214 121 
16348 122 
16482 123 
16616 124 
16750 125 
16884 126 
17018 127 
17152 128 
17286 129 
17420 130 
17554 131 
17688 132 
17822 133 
17956 134 
