87 87
87 1 
174 2 
261 3 
348 4 
435 5 
522 6 
609 7 
696 8 
783 9 
870 10 
957 11 
1044 12 
1131 13 
1218 14 
1305 15 
1392 16 
1479 17 
1566 18 
1653 19 
1740 20 
1827 21 
1914 22 
2001 23 
2088 24 
2175 25 
2262 26 
2349 27 
2436 28 
2523 29 
2610 30 
2697 31 
2784 32 
2871 33 
2958 34 
3045 35 
3132 36 
3219 37 
3306 38 
3393 39 
3480 40 
3567 41 
3654 42 
3741 43 
3828 44 
3915 45 
4002 46 
4089 47 
4176 48 
4263 49 
4350 50 
4437 51 
4524 52 
4611 53 
4698 54 
4785 55 
4872 56 
4959 57 
5046 58 
5133 59 
5220 60 
5307 61 
5394 62 
5481 63 
5568 64 
5655 65 
5742 66 
5829 67 
5916 68 
6003 69 
6090 70 
6177 71 
6264 72 
6351 73 
6438 74 
6525 75 
6612 76 
6699 77 
6786 78 
6873 79 
6960 80 
7047 81 
7134 82 
7221 83 
7308 84 
7395 85 
7482 86 
7569 87 
