106 106
106 1 
212 2 
318 3 
424 4 
530 5 
636 6 
742 7 
848 8 
954 9 
1060 10 
1166 11 
1272 12 
1378 13 
1484 14 
1590 15 
1696 16 
1802 17 
1908 18 
2014 19 
2120 20 
2226 21 
2332 22 
2438 23 
2544 24 
2650 25 
2756 26 
2862 27 
2968 28 
3074 29 
3180 30 
3286 31 
3392 32 
3498 33 
3604 34 
3710 35 
3816 36 
3922 37 
4028 38 
4134 39 
4240 40 
4346 41 
4452 42 
4558 43 
4664 44 
4770 45 
4876 46 
4982 47 
5088 48 
5194 49 
5300 50 
5406 51 
5512 52 
5618 53 
5724 54 
5830 55 
5936 56 
6042 57 
6148 58 
6254 59 
6360 60 
6466 61 
6572 62 
6678 63 
6784 64 
6890 65 
6996 66 
7102 67 
7208 68 
7314 69 
7420 70 
7526 71 
7632 72 
7738 73 
7844 74 
7950 75 
8056 76 
8162 77 
8268 78 
8374 79 
8480 80 
8586 81 
8692 82 
8798 83 
8904 84 
9010 85 
9116 86 
9222 87 
9328 88 
9434 89 
9540 90 
9646 91 
9752 92 
9858 93 
9964 94 
10070 95 
10176 96 
10282 97 
10388 98 
10494 99 
10600 100 
10706 101 
10812 102 
10918 103 
11024 104 
11130 105 
11236 106 
