60 60
60 1 
120 2 
180 3 
240 4 
300 5 
360 6 
420 7 
480 8 
540 9 
600 10 
660 11 
720 12 
780 13 
840 14 
900 15 
960 16 
1020 17 
1080 18 
1140 19 
1200 20 
1260 21 
1320 22 
1380 23 
1440 24 
1500 25 
1560 26 
1620 27 
1680 28 
1740 29 
1800 30 
1860 31 
1920 32 
1980 33 
2040 34 
2100 35 
2160 36 
2220 37 
2280 38 
2340 39 
2400 40 
2460 41 
2520 42 
2580 43 
2640 44 
2700 45 
2760 46 
2820 47 
2880 48 
2940 49 
3000 50 
3060 51 
3120 52 
3180 53 
3240 54 
3300 55 
3360 56 
3420 57 
3480 58 
3540 59 
3600 60 
