191 191
191 1 
382 2 
573 3 
764 4 
955 5 
1146 6 
1337 7 
1528 8 
1719 9 
1910 10 
2101 11 
2292 12 
2483 13 
2674 14 
2865 15 
3056 16 
3247 17 
3438 18 
3629 19 
3820 20 
4011 21 
4202 22 
4393 23 
4584 24 
4775 25 
4966 26 
5157 27 
5348 28 
5539 29 
5730 30 
5921 31 
6112 32 
6303 33 
6494 34 
6685 35 
6876 36 
7067 37 
7258 38 
7449 39 
7640 40 
7831 41 
8022 42 
8213 43 
8404 44 
8595 45 
8786 46 
8977 47 
9168 48 
9359 49 
9550 50 
9741 51 
9932 52 
10123 53 
10314 54 
10505 55 
10696 56 
10887 57 
11078 58 
11269 59 
11460 60 
11651 61 
11842 62 
12033 63 
12224 64 
12415 65 
12606 66 
12797 67 
12988 68 
13179 69 
13370 70 
13561 71 
13752 72 
13943 73 
14134 74 
14325 75 
14516 76 
14707 77 
14898 78 
15089 79 
15280 80 
15471 81 
15662 82 
15853 83 
16044 84 
16235 85 
16426 86 
16617 87 
16808 88 
16999 89 
17190 90 
17381 91 
17572 92 
17763 93 
17954 94 
18145 95 
18336 96 
18527 97 
18718 98 
18909 99 
19100 100 
19291 101 
19482 102 
19673 103 
19864 104 
20055 105 
20246 106 
20437 107 
20628 108 
20819 109 
21010 110 
21201 111 
21392 112 
21583 113 
21774 114 
21965 115 
22156 116 
22347 117 
22538 118 
22729 119 
22920 120 
23111 121 
23302 122 
23493 123 
23684 124 
23875 125 
24066 126 
24257 127 
24448 128 
24639 129 
24830 130 
25021 131 
25212 132 
25403 133 
25594 134 
25785 135 
25976 136 
26167 137 
26358 138 
26549 139 
26740 140 
26931 141 
27122 142 
27313 143 
27504 144 
27695 145 
27886 146 
28077 147 
28268 148 
28459 149 
28650 150 
28841 151 
29032 152 
29223 153 
29414 154 
29605 155 
29796 156 
29987 157 
30178 158 
30369 159 
30560 160 
30751 161 
30942 162 
31133 163 
31324 164 
31515 165 
31706 166 
31897 167 
32088 168 
32279 169 
32470 170 
32661 171 
32852 172 
33043 173 
33234 174 
33425 175 
33616 176 
33807 177 
33998 178 
34189 179 
34380 180 
34571 181 
34762 182 
34953 183 
35144 184 
35335 185 
35526 186 
35717 187 
35908 188 
36099 189 
36290 190 
36481 191 
