81 81
81 1 
162 2 
243 3 
324 4 
405 5 
486 6 
567 7 
648 8 
729 9 
810 10 
891 11 
972 12 
1053 13 
1134 14 
1215 15 
1296 16 
1377 17 
1458 18 
1539 19 
1620 20 
1701 21 
1782 22 
1863 23 
1944 24 
2025 25 
2106 26 
2187 27 
2268 28 
2349 29 
2430 30 
2511 31 
2592 32 
2673 33 
2754 34 
2835 35 
2916 36 
2997 37 
3078 38 
3159 39 
3240 40 
3321 41 
3402 42 
3483 43 
3564 44 
3645 45 
3726 46 
3807 47 
3888 48 
3969 49 
4050 50 
4131 51 
4212 52 
4293 53 
4374 54 
4455 55 
4536 56 
4617 57 
4698 58 
4779 59 
4860 60 
4941 61 
5022 62 
5103 63 
5184 64 
5265 65 
5346 66 
5427 67 
5508 68 
5589 69 
5670 70 
5751 71 
5832 72 
5913 73 
5994 74 
6075 75 
6156 76 
6237 77 
6318 78 
6399 79 
6480 80 
6561 81 
