104 5460
64 64 
44 44 
69 69 
62 62 
77 77 
66 66 
101 101 
37 37 
93 93 
14 14 
65 65 
2 2 
86 86 
9 9 
81 81 
103 103 
25 25 
88 88 
68 68 
22 22 
75 75 
23 23 
17 17 
48 48 
43 43 
26 26 
10 10 
73 73 
51 51 
76 76 
8 8 
102 102 
89 89 
15 15 
70 70 
13 13 
11 11 
92 92 
5 5 
24 24 
12 12 
94 94 
45 45 
52 52 
97 97 
4 4 
96 96 
100 100 
6 6 
57 57 
56 56 
36 36 
34 34 
46 46 
31 31 
87 87 
49 49 
28 28 
30 30 
38 38 
60 60 
84 84 
40 40 
3 3 
90 90 
79 79 
71 71 
39 39 
80 80 
74 74 
29 29 
85 85 
19 19 
53 53 
67 67 
55 55 
16 16 
21 21 
82 82 
83 83 
35 35 
54 54 
63 63 
78 78 
32 32 
33 33 
50 50 
47 47 
99 99 
72 72 
91 91 
59 59 
42 42 
95 95 
20 20 
58 58 
61 61 
41 41 
104 104 
7 7 
27 27 
98 98 
1 1 
18 18 
