197 19503
93 93 
145 145 
110 110 
118 118 
168 168 
196 196 
170 170 
55 55 
19 19 
154 154 
173 173 
3 3 
75 75 
84 84 
30 30 
73 73 
109 109 
108 108 
32 32 
156 156 
14 14 
71 71 
117 117 
94 94 
68 68 
167 167 
175 175 
197 197 
47 47 
41 41 
138 138 
155 155 
78 78 
120 120 
115 115 
62 62 
26 26 
12 12 
191 191 
46 46 
131 131 
189 189 
83 83 
98 98 
190 190 
40 40 
141 141 
39 39 
70 70 
100 100 
146 146 
88 88 
104 104 
74 74 
121 121 
59 59 
149 149 
195 195 
182 182 
8 8 
157 157 
152 152 
107 107 
128 128 
69 69 
125 125 
99 99 
185 185 
151 151 
176 176 
64 64 
96 96 
153 153 
18 18 
76 76 
132 132 
106 106 
79 79 
77 77 
63 63 
60 60 
165 165 
53 53 
188 188 
144 144 
129 129 
89 89 
10 10 
150 150 
137 137 
134 134 
169 169 
31 31 
124 124 
65 65 
22 22 
158 158 
56 56 
113 113 
122 122 
2 2 
179 179 
36 36 
24 24 
183 183 
49 49 
35 35 
101 101 
142 142 
136 136 
20 20 
193 193 
6 6 
21 21 
161 161 
177 177 
38 38 
103 103 
16 16 
11 11 
7 7 
135 135 
102 102 
1 1 
48 48 
90 90 
130 130 
143 143 
186 186 
25 25 
50 50 
23 23 
184 184 
181 181 
114 114 
85 85 
67 67 
43 43 
147 147 
29 29 
105 105 
126 126 
148 148 
174 174 
166 166 
172 172 
33 33 
37 37 
91 91 
15 15 
111 111 
28 28 
112 112 
82 82 
123 123 
139 139 
5 5 
80 80 
119 119 
45 45 
160 160 
57 57 
54 54 
171 171 
61 61 
66 66 
178 178 
44 44 
72 72 
127 127 
4 4 
163 163 
133 133 
87 87 
52 52 
9 9 
187 187 
140 140 
17 17 
194 194 
13 13 
42 42 
97 97 
192 192 
92 92 
81 81 
34 34 
86 86 
95 95 
51 51 
159 159 
164 164 
58 58 
180 180 
162 162 
27 27 
116 116 
