172 14878
12 12 
75 75 
90 90 
48 48 
67 67 
64 64 
137 137 
73 73 
102 102 
138 138 
127 127 
131 131 
121 121 
172 172 
110 110 
170 170 
21 21 
167 167 
53 53 
147 147 
42 42 
34 34 
65 65 
30 30 
98 98 
144 144 
78 78 
66 66 
3 3 
135 135 
15 15 
124 124 
128 128 
106 106 
45 45 
111 111 
83 83 
20 20 
94 94 
122 122 
8 8 
49 49 
81 81 
50 50 
37 37 
154 154 
58 58 
114 114 
54 54 
28 28 
103 103 
153 153 
33 33 
150 150 
109 109 
59 59 
85 85 
161 161 
57 57 
23 23 
157 157 
141 141 
149 149 
32 32 
2 2 
96 96 
82 82 
4 4 
71 71 
125 125 
22 22 
162 162 
63 63 
146 146 
86 86 
112 112 
145 145 
60 60 
61 61 
80 80 
99 99 
104 104 
11 11 
169 169 
129 129 
88 88 
95 95 
136 136 
130 130 
93 93 
155 155 
62 62 
16 16 
158 158 
119 119 
56 56 
31 31 
171 171 
51 51 
117 117 
113 113 
5 5 
74 74 
133 133 
152 152 
159 159 
36 36 
38 38 
140 140 
89 89 
46 46 
10 10 
55 55 
166 166 
27 27 
7 7 
87 87 
76 76 
84 84 
47 47 
134 134 
40 40 
35 35 
9 9 
79 79 
25 25 
69 69 
118 118 
116 116 
92 92 
108 108 
164 164 
29 29 
91 91 
126 126 
132 132 
24 24 
120 120 
1 1 
101 101 
163 163 
139 139 
19 19 
143 143 
97 97 
107 107 
26 26 
123 123 
14 14 
77 77 
39 39 
165 165 
43 43 
44 44 
148 148 
168 168 
115 115 
105 105 
142 142 
151 151 
6 6 
70 70 
13 13 
100 100 
160 160 
41 41 
156 156 
18 18 
17 17 
68 68 
52 52 
72 72 
