170 14535
123 123 
81 81 
167 167 
163 163 
73 73 
157 157 
130 130 
142 142 
139 139 
33 33 
169 169 
39 39 
87 87 
51 51 
32 32 
43 43 
137 137 
118 118 
116 116 
57 57 
40 40 
131 131 
5 5 
59 59 
152 152 
109 109 
92 92 
45 45 
38 38 
88 88 
4 4 
159 159 
75 75 
115 115 
60 60 
9 9 
15 15 
36 36 
128 128 
146 146 
158 158 
29 29 
67 67 
50 50 
164 164 
18 18 
161 161 
48 48 
95 95 
28 28 
58 58 
7 7 
108 108 
117 117 
44 44 
80 80 
62 62 
19 19 
11 11 
47 47 
155 155 
86 86 
79 79 
119 119 
91 91 
124 124 
2 2 
30 30 
74 74 
150 150 
111 111 
107 107 
52 52 
27 27 
71 71 
132 132 
66 66 
166 166 
129 129 
1 1 
42 42 
114 114 
49 49 
101 101 
160 160 
170 170 
133 133 
78 78 
96 96 
100 100 
143 143 
35 35 
70 70 
105 105 
83 83 
99 99 
90 90 
127 127 
26 26 
21 21 
113 113 
145 145 
93 93 
106 106 
54 54 
84 84 
53 53 
120 120 
34 34 
69 69 
6 6 
24 24 
147 147 
68 68 
134 134 
153 153 
63 63 
121 121 
41 41 
97 97 
112 112 
103 103 
37 37 
154 154 
140 140 
61 61 
136 136 
12 12 
156 156 
162 162 
102 102 
46 46 
64 64 
3 3 
151 151 
65 65 
82 82 
122 122 
76 76 
85 85 
168 168 
94 94 
138 138 
20 20 
149 149 
72 72 
17 17 
55 55 
144 144 
31 31 
25 25 
110 110 
141 141 
135 135 
126 126 
56 56 
10 10 
165 165 
22 22 
23 23 
89 89 
104 104 
148 148 
14 14 
77 77 
8 8 
16 16 
13 13 
125 125 
98 98 
