171 14706
114 114 
63 63 
166 166 
47 47 
157 157 
113 113 
65 65 
44 44 
64 64 
154 154 
117 117 
171 171 
75 75 
54 54 
86 86 
25 25 
9 9 
136 136 
37 37 
35 35 
85 85 
49 49 
110 110 
165 165 
14 14 
170 170 
42 42 
2 2 
11 11 
58 58 
69 69 
21 21 
97 97 
138 138 
104 104 
52 52 
94 94 
50 50 
108 108 
20 20 
83 83 
132 132 
39 39 
106 106 
103 103 
120 120 
61 61 
5 5 
80 80 
19 19 
167 167 
40 40 
95 95 
141 141 
28 28 
135 135 
101 101 
33 33 
100 100 
17 17 
98 98 
87 87 
160 160 
24 24 
67 67 
146 146 
13 13 
128 128 
144 144 
121 121 
142 142 
116 116 
102 102 
30 30 
22 22 
26 26 
6 6 
134 134 
143 143 
15 15 
23 23 
164 164 
70 70 
10 10 
62 62 
66 66 
115 115 
46 46 
133 133 
56 56 
88 88 
93 93 
92 92 
112 112 
55 55 
137 137 
41 41 
131 131 
89 89 
74 74 
162 162 
48 48 
38 38 
130 130 
151 151 
147 147 
168 168 
31 31 
122 122 
34 34 
32 32 
82 82 
53 53 
36 36 
8 8 
60 60 
76 76 
81 81 
1 1 
107 107 
16 16 
158 158 
152 152 
96 96 
159 159 
156 156 
99 99 
149 149 
68 68 
73 73 
71 71 
91 91 
43 43 
118 118 
119 119 
153 153 
79 79 
127 127 
124 124 
78 78 
111 111 
123 123 
27 27 
140 140 
57 57 
45 45 
129 129 
59 59 
72 72 
18 18 
163 163 
109 109 
105 105 
4 4 
125 125 
51 51 
145 145 
139 139 
90 90 
126 126 
84 84 
3 3 
29 29 
150 150 
7 7 
12 12 
77 77 
169 169 
155 155 
148 148 
161 161 
