137 9453
29 29 
66 66 
3 3 
107 107 
31 31 
24 24 
15 15 
10 10 
88 88 
4 4 
57 57 
82 82 
117 117 
36 36 
87 87 
84 84 
81 81 
71 71 
43 43 
75 75 
110 110 
124 124 
79 79 
67 67 
9 9 
52 52 
98 98 
58 58 
47 47 
101 101 
19 19 
111 111 
32 32 
118 118 
22 22 
8 8 
69 69 
25 25 
34 34 
86 86 
127 127 
14 14 
133 133 
96 96 
1 1 
30 30 
54 54 
7 7 
68 68 
72 72 
112 112 
109 109 
61 61 
21 21 
123 123 
2 2 
115 115 
90 90 
132 132 
129 129 
65 65 
130 130 
83 83 
99 99 
51 51 
11 11 
128 128 
26 26 
119 119 
116 116 
125 125 
6 6 
136 136 
62 62 
113 113 
46 46 
104 104 
37 37 
5 5 
126 126 
20 20 
63 63 
23 23 
122 122 
85 85 
41 41 
38 38 
89 89 
70 70 
95 95 
27 27 
77 77 
59 59 
100 100 
60 60 
103 103 
91 91 
76 76 
106 106 
35 35 
97 97 
40 40 
13 13 
131 131 
93 93 
94 94 
18 18 
74 74 
42 42 
56 56 
134 134 
64 64 
45 45 
120 120 
108 108 
39 39 
17 17 
44 44 
78 78 
80 80 
55 55 
135 135 
121 121 
137 137 
49 49 
48 48 
33 33 
53 53 
102 102 
114 114 
105 105 
73 73 
28 28 
92 92 
16 16 
50 50 
12 12 
