109 5995
100 100 
37 37 
104 104 
2 2 
36 36 
79 79 
34 34 
42 42 
75 75 
8 8 
52 52 
103 103 
48 48 
3 3 
59 59 
108 108 
15 15 
46 46 
99 99 
32 32 
94 94 
9 9 
67 67 
33 33 
80 80 
4 4 
41 41 
16 16 
47 47 
96 96 
95 95 
18 18 
84 84 
28 28 
17 17 
22 22 
27 27 
35 35 
63 63 
14 14 
97 97 
23 23 
19 19 
57 57 
105 105 
39 39 
53 53 
106 106 
85 85 
5 5 
102 102 
25 25 
60 60 
78 78 
31 31 
43 43 
51 51 
70 70 
71 71 
109 109 
68 68 
81 81 
91 91 
86 86 
107 107 
62 62 
61 61 
73 73 
89 89 
77 77 
83 83 
26 26 
11 11 
82 82 
66 66 
92 92 
45 45 
13 13 
1 1 
74 74 
12 12 
50 50 
10 10 
87 87 
72 72 
88 88 
55 55 
40 40 
69 69 
49 49 
76 76 
93 93 
38 38 
58 58 
98 98 
90 90 
21 21 
20 20 
56 56 
30 30 
29 29 
6 6 
101 101 
65 65 
64 64 
54 54 
24 24 
7 7 
44 44 
