144 10440
42 42 
85 85 
105 105 
72 72 
43 43 
40 40 
36 36 
44 44 
67 67 
64 64 
6 6 
137 137 
1 1 
130 130 
73 73 
122 122 
55 55 
27 27 
138 138 
19 19 
81 81 
18 18 
5 5 
17 17 
113 113 
118 118 
139 139 
129 129 
69 69 
110 110 
127 127 
47 47 
34 34 
98 98 
59 59 
50 50 
144 144 
11 11 
109 109 
41 41 
116 116 
4 4 
125 125 
68 68 
7 7 
28 28 
20 20 
94 94 
12 12 
39 39 
13 13 
93 93 
22 22 
111 111 
119 119 
53 53 
33 33 
102 102 
58 58 
10 10 
117 117 
87 87 
15 15 
57 57 
80 80 
37 37 
99 99 
121 121 
100 100 
48 48 
65 65 
54 54 
112 112 
38 38 
86 86 
78 78 
97 97 
107 107 
31 31 
52 52 
135 135 
83 83 
133 133 
29 29 
91 91 
124 124 
77 77 
75 75 
106 106 
120 120 
8 8 
61 61 
26 26 
35 35 
74 74 
136 136 
143 143 
95 95 
46 46 
24 24 
21 21 
23 23 
3 3 
142 142 
126 126 
71 71 
66 66 
131 131 
114 114 
76 76 
104 104 
96 96 
70 70 
25 25 
60 60 
9 9 
103 103 
115 115 
49 49 
2 2 
92 92 
128 128 
14 14 
84 84 
90 90 
32 32 
101 101 
30 30 
62 62 
134 134 
141 141 
132 132 
140 140 
45 45 
79 79 
89 89 
82 82 
123 123 
108 108 
88 88 
51 51 
63 63 
56 56 
16 16 
