196 19306
139 139 
34 34 
46 46 
157 157 
131 131 
2 2 
123 123 
165 165 
85 85 
140 140 
4 4 
90 90 
113 113 
119 119 
147 147 
54 54 
65 65 
30 30 
7 7 
114 114 
40 40 
126 126 
39 39 
179 179 
116 116 
159 159 
178 178 
33 33 
158 158 
149 149 
187 187 
151 151 
101 101 
174 174 
73 73 
170 170 
195 195 
53 53 
10 10 
72 72 
8 8 
137 137 
38 38 
86 86 
75 75 
103 103 
12 12 
117 117 
136 136 
168 168 
77 77 
189 189 
162 162 
102 102 
66 66 
193 193 
122 122 
71 71 
155 155 
27 27 
74 74 
182 182 
1 1 
91 91 
105 105 
163 163 
160 160 
24 24 
26 26 
97 97 
108 108 
106 106 
16 16 
35 35 
188 188 
15 15 
78 78 
22 22 
37 37 
20 20 
48 48 
180 180 
111 111 
59 59 
13 13 
36 36 
100 100 
128 128 
183 183 
171 171 
47 47 
64 64 
154 154 
17 17 
169 169 
156 156 
60 60 
148 148 
152 152 
185 185 
134 134 
145 145 
9 9 
92 92 
143 143 
115 115 
194 194 
51 51 
76 76 
153 153 
184 184 
121 121 
55 55 
93 93 
135 135 
61 61 
192 192 
175 175 
196 196 
120 120 
130 130 
83 83 
127 127 
49 49 
68 68 
14 14 
144 144 
181 181 
177 177 
125 125 
32 32 
124 124 
176 176 
132 132 
141 141 
63 63 
11 11 
79 79 
23 23 
18 18 
84 84 
138 138 
19 19 
80 80 
57 57 
150 150 
164 164 
172 172 
161 161 
129 129 
45 45 
44 44 
109 109 
25 25 
190 190 
82 82 
96 96 
94 94 
107 107 
3 3 
50 50 
110 110 
167 167 
31 31 
99 99 
87 87 
6 6 
70 70 
21 21 
56 56 
186 186 
173 173 
29 29 
89 89 
133 133 
98 98 
118 118 
52 52 
43 43 
166 166 
67 67 
95 95 
62 62 
5 5 
41 41 
69 69 
88 88 
142 142 
42 42 
28 28 
58 58 
146 146 
81 81 
191 191 
104 104 
112 112 
