179 16110
110 110 
150 150 
167 167 
42 42 
135 135 
134 134 
22 22 
123 123 
85 85 
11 11 
9 9 
88 88 
68 68 
156 156 
99 99 
39 39 
102 102 
171 171 
124 124 
122 122 
73 73 
66 66 
5 5 
114 114 
28 28 
131 131 
45 45 
49 49 
78 78 
168 168 
61 61 
97 97 
91 91 
155 155 
115 115 
81 81 
98 98 
37 37 
90 90 
34 34 
16 16 
41 41 
23 23 
84 84 
13 13 
161 161 
51 51 
132 132 
65 65 
109 109 
95 95 
92 92 
148 148 
15 15 
69 69 
103 103 
50 50 
157 157 
38 38 
143 143 
56 56 
153 153 
175 175 
47 47 
43 43 
107 107 
142 142 
54 54 
126 126 
120 120 
4 4 
176 176 
100 100 
146 146 
158 158 
170 170 
116 116 
83 83 
8 8 
164 164 
52 52 
12 12 
58 58 
137 137 
174 174 
21 21 
113 113 
64 64 
138 138 
14 14 
2 2 
160 160 
1 1 
20 20 
141 141 
24 24 
17 17 
40 40 
89 89 
79 79 
44 44 
36 36 
67 67 
55 55 
145 145 
127 127 
60 60 
101 101 
19 19 
75 75 
152 152 
162 162 
139 139 
80 80 
104 104 
70 70 
144 144 
32 32 
147 147 
108 108 
172 172 
151 151 
166 166 
106 106 
26 26 
130 130 
159 159 
93 93 
121 121 
74 74 
7 7 
111 111 
105 105 
149 149 
35 35 
25 25 
72 72 
118 118 
30 30 
94 94 
173 173 
96 96 
136 136 
112 112 
76 76 
6 6 
53 53 
169 169 
125 125 
86 86 
29 29 
133 133 
57 57 
59 59 
10 10 
128 128 
178 178 
82 82 
27 27 
87 87 
179 179 
63 63 
46 46 
129 129 
3 3 
177 177 
154 154 
165 165 
48 48 
77 77 
117 117 
31 31 
71 71 
119 119 
62 62 
163 163 
140 140 
18 18 
33 33 
