188 17766
96 96 
9 9 
138 138 
30 30 
170 170 
86 86 
142 142 
151 151 
59 59 
178 178 
14 14 
63 63 
76 76 
126 126 
38 38 
106 106 
6 6 
87 87 
64 64 
50 50 
101 101 
45 45 
188 188 
130 130 
67 67 
10 10 
12 12 
34 34 
90 90 
135 135 
166 166 
13 13 
51 51 
70 70 
94 94 
46 46 
133 133 
11 11 
24 24 
99 99 
85 85 
136 136 
22 22 
48 48 
113 113 
91 91 
95 95 
111 111 
35 35 
66 66 
124 124 
33 33 
65 65 
143 143 
102 102 
159 159 
147 147 
146 146 
57 57 
160 160 
100 100 
92 92 
77 77 
110 110 
44 44 
2 2 
73 73 
145 145 
186 186 
41 41 
97 97 
26 26 
56 56 
80 80 
52 52 
164 164 
109 109 
19 19 
184 184 
72 72 
81 81 
115 115 
20 20 
161 161 
18 18 
165 165 
71 71 
21 21 
16 16 
37 37 
98 98 
54 54 
172 172 
179 179 
183 183 
174 174 
84 84 
104 104 
118 118 
29 29 
108 108 
1 1 
112 112 
123 123 
119 119 
167 167 
140 140 
53 53 
117 117 
55 55 
27 27 
122 122 
171 171 
175 175 
128 128 
7 7 
79 79 
60 60 
3 3 
89 89 
116 116 
185 185 
105 105 
69 69 
162 162 
31 31 
15 15 
129 129 
107 107 
62 62 
141 141 
153 153 
25 25 
173 173 
125 125 
61 61 
176 176 
36 36 
103 103 
148 148 
152 152 
157 157 
127 127 
114 114 
163 163 
5 5 
83 83 
43 43 
169 169 
4 4 
8 8 
154 154 
82 82 
17 17 
93 93 
49 49 
181 181 
156 156 
134 134 
131 131 
58 58 
168 168 
144 144 
182 182 
139 139 
68 68 
149 149 
78 78 
23 23 
158 158 
39 39 
120 120 
47 47 
180 180 
155 155 
137 137 
177 177 
132 132 
150 150 
88 88 
121 121 
74 74 
75 75 
28 28 
187 187 
40 40 
42 42 
32 32 
