169 14365
27 27 
51 51 
26 26 
107 107 
2 2 
18 18 
158 158 
4 4 
7 7 
43 43 
46 46 
132 132 
121 121 
94 94 
167 167 
16 16 
86 86 
117 117 
65 65 
54 54 
135 135 
41 41 
76 76 
156 156 
101 101 
24 24 
50 50 
19 19 
123 123 
81 81 
62 62 
70 70 
73 73 
143 143 
109 109 
60 60 
155 155 
67 67 
141 141 
88 88 
100 100 
166 166 
127 127 
10 10 
133 133 
106 106 
98 98 
59 59 
131 131 
53 53 
116 116 
162 162 
17 17 
83 83 
140 140 
1 1 
142 142 
38 38 
99 99 
72 72 
79 79 
102 102 
84 84 
153 153 
31 31 
97 97 
25 25 
56 56 
91 91 
118 118 
35 35 
75 75 
108 108 
103 103 
20 20 
12 12 
82 82 
161 161 
21 21 
37 37 
11 11 
78 78 
148 148 
92 92 
164 164 
157 157 
52 52 
149 149 
95 95 
105 105 
68 68 
69 69 
130 130 
128 128 
71 71 
154 154 
64 64 
6 6 
115 115 
114 114 
61 61 
152 152 
165 165 
42 42 
47 47 
45 45 
147 147 
63 63 
33 33 
34 34 
168 168 
57 57 
15 15 
113 113 
22 22 
93 93 
169 169 
14 14 
55 55 
150 150 
104 104 
125 125 
151 151 
110 110 
5 5 
74 74 
145 145 
111 111 
120 120 
66 66 
80 80 
32 32 
30 30 
126 126 
119 119 
163 163 
23 23 
124 124 
36 36 
40 40 
146 146 
9 9 
28 28 
87 87 
129 129 
58 58 
139 139 
144 144 
159 159 
136 136 
112 112 
137 137 
44 44 
48 48 
29 29 
89 89 
39 39 
134 134 
13 13 
122 122 
77 77 
138 138 
160 160 
8 8 
49 49 
85 85 
96 96 
90 90 
3 3 
