158 12561
15 15 
152 152 
81 81 
149 149 
83 83 
72 72 
93 93 
146 146 
63 63 
153 153 
136 136 
155 155 
147 147 
91 91 
106 106 
54 54 
82 82 
13 13 
74 74 
116 116 
103 103 
31 31 
137 137 
77 77 
51 51 
61 61 
7 7 
88 88 
78 78 
19 19 
157 157 
73 73 
124 124 
131 131 
79 79 
84 84 
21 21 
142 142 
102 102 
60 60 
76 76 
120 120 
44 44 
92 92 
156 156 
62 62 
94 94 
145 145 
29 29 
114 114 
14 14 
28 28 
98 98 
134 134 
20 20 
3 3 
57 57 
50 50 
6 6 
41 41 
34 34 
135 135 
85 85 
139 139 
130 130 
33 33 
101 101 
11 11 
25 25 
26 26 
37 37 
24 24 
75 75 
45 45 
18 18 
110 110 
47 47 
86 86 
56 56 
100 100 
43 43 
113 113 
89 89 
58 58 
123 123 
148 148 
158 158 
140 140 
80 80 
90 90 
117 117 
95 95 
128 128 
9 9 
65 65 
67 67 
12 12 
141 141 
23 23 
112 112 
36 36 
97 97 
96 96 
133 133 
59 59 
127 127 
71 71 
70 70 
27 27 
132 132 
69 69 
138 138 
4 4 
8 8 
87 87 
40 40 
154 154 
22 22 
111 111 
17 17 
32 32 
35 35 
38 38 
121 121 
64 64 
2 2 
119 119 
68 68 
39 39 
105 105 
52 52 
129 129 
107 107 
1 1 
109 109 
150 150 
125 125 
66 66 
10 10 
104 104 
126 126 
30 30 
5 5 
151 151 
46 46 
55 55 
42 42 
122 122 
108 108 
48 48 
118 118 
16 16 
144 144 
49 49 
99 99 
143 143 
53 53 
115 115 
