101 5151
65 65 
10 10 
90 90 
4 4 
66 66 
82 82 
29 29 
15 15 
45 45 
7 7 
76 76 
97 97 
28 28 
88 88 
84 84 
14 14 
25 25 
54 54 
19 19 
35 35 
64 64 
30 30 
17 17 
38 38 
44 44 
87 87 
86 86 
98 98 
56 56 
8 8 
43 43 
80 80 
36 36 
68 68 
46 46 
2 2 
41 41 
83 83 
81 81 
16 16 
61 61 
99 99 
57 57 
59 59 
39 39 
55 55 
37 37 
52 52 
92 92 
6 6 
69 69 
1 1 
77 77 
101 101 
27 27 
23 23 
34 34 
33 33 
3 3 
71 71 
91 91 
95 95 
9 9 
12 12 
89 89 
67 67 
22 22 
24 24 
31 31 
73 73 
50 50 
79 79 
49 49 
40 40 
60 60 
63 63 
58 58 
75 75 
70 70 
11 11 
42 42 
13 13 
94 94 
85 85 
47 47 
93 93 
78 78 
72 72 
62 62 
51 51 
21 21 
53 53 
18 18 
20 20 
96 96 
48 48 
74 74 
32 32 
26 26 
100 100 
5 5 
