166 13861
142 142 
157 157 
145 145 
98 98 
33 33 
1 1 
82 82 
76 76 
19 19 
4 4 
23 23 
52 52 
26 26 
77 77 
6 6 
61 61 
40 40 
123 123 
20 20 
39 39 
108 108 
47 47 
166 166 
24 24 
43 43 
75 75 
124 124 
49 49 
90 90 
154 154 
93 93 
58 58 
32 32 
126 126 
91 91 
56 56 
120 120 
53 53 
64 64 
27 27 
81 81 
94 94 
100 100 
85 85 
57 57 
13 13 
106 106 
149 149 
54 54 
36 36 
113 113 
2 2 
135 135 
107 107 
71 71 
129 129 
48 48 
44 44 
102 102 
46 46 
3 3 
143 143 
161 161 
38 38 
121 121 
148 148 
103 103 
14 14 
67 67 
131 131 
117 117 
111 111 
104 104 
141 141 
45 45 
146 146 
116 116 
101 101 
128 128 
12 12 
110 110 
139 139 
97 97 
158 158 
35 35 
51 51 
89 89 
31 31 
155 155 
9 9 
70 70 
109 109 
74 74 
16 16 
41 41 
83 83 
10 10 
42 42 
62 62 
5 5 
95 95 
65 65 
11 11 
150 150 
147 147 
66 66 
152 152 
30 30 
80 80 
165 165 
92 92 
86 86 
59 59 
73 73 
151 151 
21 21 
7 7 
84 84 
112 112 
29 29 
22 22 
160 160 
34 34 
96 96 
18 18 
63 63 
15 15 
138 138 
68 68 
72 72 
17 17 
88 88 
115 115 
127 127 
50 50 
164 164 
122 122 
55 55 
156 156 
140 140 
8 8 
78 78 
133 133 
105 105 
130 130 
28 28 
69 69 
163 163 
119 119 
114 114 
125 125 
118 118 
37 37 
79 79 
60 60 
144 144 
134 134 
87 87 
136 136 
137 137 
162 162 
99 99 
132 132 
159 159 
153 153 
25 25 
