138 9591
84 84 
24 24 
6 6 
26 26 
25 25 
114 114 
119 119 
106 106 
95 95 
64 64 
11 11 
2 2 
78 78 
10 10 
82 82 
128 128 
135 135 
81 81 
66 66 
109 109 
39 39 
76 76 
8 8 
77 77 
90 90 
98 98 
123 123 
50 50 
48 48 
65 65 
12 12 
5 5 
80 80 
120 120 
125 125 
118 118 
116 116 
40 40 
21 21 
15 15 
47 47 
138 138 
136 136 
96 96 
44 44 
72 72 
3 3 
83 83 
42 42 
62 62 
112 112 
117 117 
127 127 
18 18 
41 41 
113 113 
73 73 
38 38 
134 134 
17 17 
52 52 
30 30 
79 79 
35 35 
103 103 
34 34 
85 85 
89 89 
61 61 
122 122 
115 115 
137 137 
27 27 
19 19 
110 110 
31 31 
36 36 
55 55 
86 86 
49 49 
130 130 
88 88 
126 126 
102 102 
97 97 
28 28 
20 20 
53 53 
59 59 
37 37 
54 54 
104 104 
1 1 
92 92 
63 63 
45 45 
129 129 
67 67 
91 91 
7 7 
93 93 
121 121 
105 105 
9 9 
56 56 
13 13 
99 99 
100 100 
16 16 
70 70 
133 133 
4 4 
23 23 
51 51 
131 131 
74 74 
22 22 
71 71 
132 132 
107 107 
32 32 
111 111 
14 14 
29 29 
124 124 
75 75 
57 57 
87 87 
68 68 
108 108 
46 46 
43 43 
101 101 
58 58 
60 60 
33 33 
69 69 
94 94 
