153 11781
28 28 
29 29 
114 114 
6 6 
11 11 
104 104 
90 90 
45 45 
46 46 
139 139 
94 94 
130 130 
24 24 
31 31 
87 87 
48 48 
127 127 
49 49 
59 59 
134 134 
116 116 
7 7 
75 75 
21 21 
92 92 
128 128 
137 137 
124 124 
30 30 
37 37 
149 149 
56 56 
69 69 
108 108 
81 81 
117 117 
3 3 
85 85 
61 61 
112 112 
65 65 
78 78 
101 101 
89 89 
93 93 
109 109 
95 95 
138 138 
74 74 
100 100 
58 58 
54 54 
50 50 
51 51 
36 36 
14 14 
144 144 
27 27 
9 9 
121 121 
62 62 
68 68 
106 106 
152 152 
135 135 
53 53 
32 32 
1 1 
17 17 
18 18 
140 140 
12 12 
118 118 
142 142 
23 23 
15 15 
91 91 
20 20 
42 42 
34 34 
129 129 
132 132 
70 70 
77 77 
10 10 
82 82 
145 145 
66 66 
72 72 
60 60 
84 84 
141 141 
105 105 
99 99 
119 119 
88 88 
16 16 
43 43 
120 120 
133 133 
86 86 
126 126 
147 147 
22 22 
115 115 
76 76 
26 26 
96 96 
102 102 
71 71 
40 40 
13 13 
151 151 
153 153 
110 110 
150 150 
38 38 
19 19 
107 107 
25 25 
143 143 
33 33 
4 4 
52 52 
73 73 
64 64 
148 148 
67 67 
122 122 
131 131 
113 113 
5 5 
123 123 
41 41 
44 44 
136 136 
2 2 
39 39 
83 83 
35 35 
47 47 
80 80 
55 55 
79 79 
98 98 
146 146 
97 97 
8 8 
125 125 
63 63 
57 57 
103 103 
111 111 
