131 8646
25 25 
33 33 
82 82 
128 128 
54 54 
90 90 
56 56 
31 31 
12 12 
44 44 
30 30 
110 110 
63 63 
118 118 
29 29 
105 105 
42 42 
75 75 
14 14 
2 2 
47 47 
64 64 
113 113 
34 34 
93 93 
71 71 
96 96 
111 111 
91 91 
4 4 
80 80 
115 115 
39 39 
86 86 
120 120 
9 9 
37 37 
16 16 
58 58 
21 21 
62 62 
55 55 
53 53 
36 36 
123 123 
78 78 
18 18 
125 125 
127 127 
72 72 
84 84 
124 124 
92 92 
73 73 
131 131 
103 103 
77 77 
52 52 
97 97 
98 98 
46 46 
48 48 
122 122 
109 109 
112 112 
79 79 
7 7 
68 68 
129 129 
65 65 
66 66 
17 17 
15 15 
26 26 
100 100 
117 117 
99 99 
81 81 
59 59 
40 40 
95 95 
35 35 
43 43 
85 85 
50 50 
11 11 
74 74 
102 102 
51 51 
57 57 
89 89 
61 61 
22 22 
20 20 
130 130 
87 87 
94 94 
38 38 
108 108 
121 121 
28 28 
70 70 
45 45 
19 19 
24 24 
107 107 
116 116 
126 126 
49 49 
60 60 
5 5 
101 101 
76 76 
88 88 
32 32 
119 119 
67 67 
104 104 
6 6 
13 13 
3 3 
114 114 
10 10 
41 41 
27 27 
1 1 
69 69 
106 106 
8 8 
83 83 
23 23 
