118 7021
15 15 
96 96 
10 10 
41 41 
109 109 
45 45 
69 69 
90 90 
117 117 
99 99 
65 65 
40 40 
34 34 
88 88 
75 75 
52 52 
53 53 
44 44 
94 94 
71 71 
106 106 
103 103 
114 114 
8 8 
113 113 
6 6 
19 19 
42 42 
77 77 
78 78 
79 79 
50 50 
17 17 
85 85 
4 4 
25 25 
38 38 
97 97 
107 107 
9 9 
18 18 
76 76 
24 24 
31 31 
56 56 
108 108 
61 61 
98 98 
48 48 
68 68 
28 28 
89 89 
67 67 
87 87 
33 33 
66 66 
2 2 
3 3 
55 55 
93 93 
39 39 
63 63 
84 84 
81 81 
57 57 
51 51 
47 47 
62 62 
37 37 
70 70 
80 80 
32 32 
91 91 
26 26 
111 111 
43 43 
21 21 
115 115 
11 11 
104 104 
82 82 
95 95 
5 5 
72 72 
22 22 
102 102 
118 118 
101 101 
73 73 
12 12 
112 112 
14 14 
54 54 
13 13 
60 60 
30 30 
105 105 
64 64 
59 59 
29 29 
58 58 
49 49 
27 27 
16 16 
92 92 
110 110 
36 36 
83 83 
46 46 
20 20 
74 74 
86 86 
116 116 
1 1 
7 7 
23 23 
100 100 
35 35 
