159 12720
53 53 
43 43 
114 114 
83 83 
159 159 
128 128 
145 145 
148 148 
47 47 
119 119 
139 139 
49 49 
1 1 
29 29 
17 17 
88 88 
109 109 
64 64 
26 26 
55 55 
138 138 
58 58 
32 32 
31 31 
48 48 
59 59 
72 72 
135 135 
46 46 
103 103 
104 104 
112 112 
63 63 
140 140 
132 132 
98 98 
158 158 
153 153 
122 122 
142 142 
90 90 
141 141 
51 51 
66 66 
99 99 
19 19 
3 3 
33 33 
115 115 
5 5 
18 18 
96 96 
61 61 
80 80 
38 38 
22 22 
134 134 
37 37 
92 92 
8 8 
27 27 
40 40 
56 56 
129 129 
36 36 
77 77 
71 71 
95 95 
15 15 
24 24 
100 100 
110 110 
16 16 
147 147 
6 6 
9 9 
150 150 
57 57 
149 149 
41 41 
118 118 
81 81 
65 65 
75 75 
12 12 
4 4 
157 157 
79 79 
85 85 
151 151 
7 7 
70 70 
130 130 
127 127 
125 125 
11 11 
144 144 
69 69 
2 2 
154 154 
82 82 
42 42 
62 62 
74 74 
28 28 
156 156 
60 60 
105 105 
102 102 
67 67 
25 25 
78 78 
106 106 
136 136 
137 137 
121 121 
108 108 
93 93 
107 107 
131 131 
120 120 
133 133 
111 111 
97 97 
87 87 
10 10 
91 91 
89 89 
143 143 
113 113 
101 101 
54 54 
124 124 
35 35 
86 86 
50 50 
116 116 
52 52 
146 146 
152 152 
126 126 
44 44 
84 84 
76 76 
13 13 
123 123 
34 34 
39 39 
14 14 
30 30 
68 68 
73 73 
45 45 
20 20 
21 21 
155 155 
94 94 
23 23 
117 117 
