190 18145
76 76 
106 106 
28 28 
91 91 
35 35 
129 129 
6 6 
18 18 
122 122 
77 77 
80 80 
47 47 
14 14 
165 165 
134 134 
178 178 
170 170 
184 184 
148 148 
144 144 
3 3 
131 131 
174 174 
189 189 
126 126 
95 95 
162 162 
164 164 
98 98 
29 29 
74 74 
137 137 
51 51 
102 102 
4 4 
181 181 
112 112 
168 168 
73 73 
147 147 
50 50 
150 150 
190 190 
124 124 
128 128 
171 171 
30 30 
176 176 
45 45 
36 36 
16 16 
125 125 
143 143 
132 132 
20 20 
41 41 
186 186 
27 27 
133 133 
92 92 
66 66 
173 173 
43 43 
153 153 
156 156 
139 139 
118 118 
185 185 
49 49 
17 17 
67 67 
10 10 
19 19 
11 11 
142 142 
120 120 
135 135 
167 167 
94 94 
188 188 
22 22 
15 15 
179 179 
64 64 
140 140 
57 57 
85 85 
180 180 
97 97 
70 70 
75 75 
40 40 
103 103 
105 105 
159 159 
114 114 
62 62 
38 38 
68 68 
72 72 
55 55 
78 78 
121 121 
58 58 
136 136 
182 182 
79 79 
99 99 
9 9 
160 160 
110 110 
84 84 
61 61 
34 34 
81 81 
52 52 
113 113 
26 26 
59 59 
5 5 
183 183 
119 119 
111 111 
146 146 
82 82 
2 2 
83 83 
101 101 
13 13 
65 65 
152 152 
138 138 
37 37 
187 187 
90 90 
69 69 
44 44 
155 155 
12 12 
88 88 
89 89 
21 21 
104 104 
32 32 
108 108 
107 107 
25 25 
23 23 
87 87 
172 172 
116 116 
42 42 
130 130 
46 46 
53 53 
63 63 
149 149 
71 71 
54 54 
158 158 
161 161 
177 177 
7 7 
154 154 
117 117 
8 8 
166 166 
48 48 
175 175 
145 145 
31 31 
169 169 
100 100 
151 151 
93 93 
127 127 
163 163 
141 141 
33 33 
115 115 
24 24 
56 56 
60 60 
96 96 
39 39 
109 109 
1 1 
86 86 
123 123 
157 157 
