143 10296
103 103 
1 1 
87 87 
56 56 
7 7 
23 23 
117 117 
3 3 
128 128 
12 12 
137 137 
83 83 
65 65 
116 116 
99 99 
76 76 
130 130 
107 107 
43 43 
106 106 
134 134 
2 2 
123 123 
80 80 
141 141 
34 34 
14 14 
138 138 
85 85 
74 74 
142 142 
40 40 
29 29 
73 73 
91 91 
41 41 
114 114 
101 101 
115 115 
92 92 
108 108 
69 69 
67 67 
21 21 
55 55 
72 72 
10 10 
77 77 
39 39 
90 90 
120 120 
28 28 
6 6 
45 45 
49 49 
136 136 
133 133 
102 102 
112 112 
46 46 
35 35 
64 64 
121 121 
13 13 
97 97 
105 105 
89 89 
131 131 
118 118 
68 68 
16 16 
95 95 
11 11 
96 96 
93 93 
33 33 
27 27 
20 20 
132 132 
26 26 
78 78 
94 94 
127 127 
58 58 
47 47 
71 71 
31 31 
51 51 
125 125 
81 81 
19 19 
59 59 
50 50 
36 36 
86 86 
104 104 
66 66 
82 82 
75 75 
126 126 
54 54 
24 24 
84 84 
139 139 
122 122 
8 8 
113 113 
140 140 
22 22 
62 62 
143 143 
48 48 
15 15 
44 44 
119 119 
124 124 
32 32 
100 100 
17 17 
57 57 
111 111 
37 37 
9 9 
63 63 
129 129 
88 88 
135 135 
5 5 
18 18 
30 30 
52 52 
98 98 
25 25 
61 61 
38 38 
4 4 
53 53 
110 110 
60 60 
79 79 
70 70 
42 42 
109 109 
