102 5253
86 86 
23 23 
5 5 
44 44 
16 16 
93 93 
96 96 
81 81 
59 59 
9 9 
35 35 
102 102 
98 98 
28 28 
87 87 
25 25 
27 27 
31 31 
17 17 
39 39 
20 20 
72 72 
89 89 
29 29 
46 46 
4 4 
12 12 
61 61 
33 33 
100 100 
71 71 
13 13 
76 76 
45 45 
21 21 
69 69 
53 53 
38 38 
3 3 
48 48 
64 64 
83 83 
58 58 
10 10 
79 79 
40 40 
7 7 
65 65 
60 60 
26 26 
67 67 
70 70 
11 11 
32 32 
15 15 
91 91 
90 90 
8 8 
47 47 
85 85 
80 80 
55 55 
66 66 
73 73 
92 92 
24 24 
30 30 
52 52 
97 97 
99 99 
49 49 
84 84 
77 77 
63 63 
95 95 
78 78 
57 57 
41 41 
50 50 
34 34 
75 75 
54 54 
82 82 
68 68 
36 36 
37 37 
14 14 
56 56 
19 19 
22 22 
42 42 
1 1 
6 6 
43 43 
94 94 
74 74 
88 88 
62 62 
18 18 
101 101 
51 51 
2 2 
