112 6328
32 32 
111 111 
105 105 
33 33 
100 100 
4 4 
95 95 
45 45 
96 96 
10 10 
40 40 
59 59 
19 19 
3 3 
1 1 
84 84 
77 77 
107 107 
62 62 
14 14 
53 53 
81 81 
97 97 
55 55 
20 20 
42 42 
5 5 
85 85 
66 66 
65 65 
63 63 
2 2 
71 71 
48 48 
79 79 
102 102 
11 11 
27 27 
26 26 
31 31 
17 17 
50 50 
39 39 
18 18 
70 70 
41 41 
69 69 
68 68 
58 58 
98 98 
37 37 
21 21 
22 22 
110 110 
76 76 
103 103 
8 8 
35 35 
34 34 
61 61 
93 93 
6 6 
51 51 
24 24 
86 86 
87 87 
72 72 
67 67 
91 91 
112 112 
25 25 
30 30 
73 73 
78 78 
108 108 
89 89 
9 9 
80 80 
99 99 
64 64 
57 57 
12 12 
60 60 
94 94 
54 54 
16 16 
74 74 
7 7 
56 56 
75 75 
52 52 
38 38 
82 82 
47 47 
28 28 
83 83 
29 29 
88 88 
23 23 
44 44 
104 104 
101 101 
92 92 
43 43 
109 109 
36 36 
13 13 
46 46 
106 106 
49 49 
90 90 
15 15 
