186 17391
26 26 
51 51 
114 114 
88 88 
142 142 
184 184 
4 4 
95 95 
75 75 
102 102 
158 158 
21 21 
63 63 
52 52 
72 72 
155 155 
159 159 
64 64 
33 33 
106 106 
28 28 
99 99 
47 47 
151 151 
83 83 
154 154 
132 132 
60 60 
124 124 
161 161 
81 81 
69 69 
67 67 
38 38 
71 71 
41 41 
86 86 
111 111 
43 43 
175 175 
66 66 
176 176 
23 23 
92 92 
61 61 
27 27 
37 37 
120 120 
166 166 
109 109 
1 1 
30 30 
139 139 
171 171 
58 58 
36 36 
121 121 
53 53 
107 107 
137 137 
14 14 
22 22 
8 8 
145 145 
108 108 
173 173 
25 25 
104 104 
70 70 
118 118 
138 138 
7 7 
17 17 
165 165 
62 62 
157 157 
178 178 
105 105 
48 48 
110 110 
135 135 
119 119 
170 170 
101 101 
177 177 
82 82 
163 163 
97 97 
150 150 
80 80 
127 127 
32 32 
160 160 
93 93 
167 167 
141 141 
44 44 
113 113 
162 162 
50 50 
3 3 
122 122 
2 2 
126 126 
98 98 
11 11 
16 16 
18 18 
57 57 
117 117 
89 89 
156 156 
183 183 
84 84 
15 15 
149 149 
34 34 
133 133 
6 6 
94 94 
77 77 
103 103 
56 56 
147 147 
46 46 
112 112 
54 54 
185 185 
153 153 
49 49 
65 65 
40 40 
136 136 
90 90 
115 115 
39 39 
19 19 
13 13 
164 164 
35 35 
130 130 
85 85 
96 96 
79 79 
179 179 
152 152 
123 123 
100 100 
186 186 
20 20 
12 12 
5 5 
143 143 
45 45 
125 125 
148 148 
91 91 
68 68 
78 78 
42 42 
131 131 
181 181 
174 174 
76 76 
172 172 
87 87 
140 140 
180 180 
169 169 
116 116 
182 182 
10 10 
134 134 
146 146 
55 55 
73 73 
129 129 
59 59 
168 168 
24 24 
74 74 
9 9 
31 31 
29 29 
128 128 
144 144 
