192 18528
77 77 
73 73 
44 44 
58 58 
171 171 
183 183 
122 122 
71 71 
177 177 
66 66 
115 115 
53 53 
126 126 
137 137 
15 15 
63 63 
2 2 
75 75 
84 84 
136 136 
169 169 
189 189 
32 32 
14 14 
112 112 
68 68 
87 87 
5 5 
165 165 
91 91 
30 30 
90 90 
59 59 
129 129 
67 67 
8 8 
107 107 
7 7 
155 155 
37 37 
113 113 
92 92 
65 65 
174 174 
47 47 
85 85 
49 49 
83 83 
166 166 
38 38 
175 175 
31 31 
187 187 
76 76 
167 167 
1 1 
180 180 
88 88 
168 168 
108 108 
141 141 
111 111 
147 147 
132 132 
176 176 
146 146 
161 161 
16 16 
99 99 
170 170 
151 151 
102 102 
185 185 
34 34 
6 6 
152 152 
130 130 
50 50 
62 62 
22 22 
21 21 
140 140 
95 95 
192 192 
142 142 
26 26 
36 36 
40 40 
128 128 
48 48 
162 162 
103 103 
20 20 
179 179 
123 123 
79 79 
82 82 
191 191 
94 94 
135 135 
160 160 
89 89 
42 42 
45 45 
60 60 
153 153 
46 46 
25 25 
86 86 
101 101 
139 139 
24 24 
81 81 
143 143 
93 93 
98 98 
52 52 
72 72 
106 106 
116 116 
70 70 
78 78 
27 27 
43 43 
10 10 
55 55 
181 181 
182 182 
41 41 
158 158 
149 149 
133 133 
39 39 
57 57 
121 121 
3 3 
69 69 
156 156 
23 23 
172 172 
100 100 
12 12 
120 120 
125 125 
64 64 
164 164 
154 154 
131 131 
61 61 
173 173 
80 80 
119 119 
29 29 
163 163 
56 56 
104 104 
188 188 
97 97 
144 144 
28 28 
105 105 
74 74 
17 17 
11 11 
9 9 
13 13 
134 134 
138 138 
127 127 
96 96 
178 178 
110 110 
159 159 
19 19 
109 109 
157 157 
114 114 
117 117 
54 54 
33 33 
186 186 
148 148 
150 150 
51 51 
4 4 
124 124 
118 118 
145 145 
184 184 
190 190 
18 18 
35 35 
