161 13041
93 93 
104 104 
84 84 
75 75 
103 103 
147 147 
66 66 
110 110 
150 150 
142 142 
109 109 
88 88 
148 148 
87 87 
17 17 
18 18 
137 137 
157 157 
70 70 
45 45 
112 112 
67 67 
152 152 
14 14 
105 105 
54 54 
25 25 
30 30 
10 10 
111 111 
143 143 
102 102 
128 128 
146 146 
32 32 
64 64 
144 144 
8 8 
53 53 
39 39 
125 125 
154 154 
43 43 
69 69 
4 4 
29 29 
28 28 
21 21 
56 56 
131 131 
37 37 
24 24 
34 34 
61 61 
90 90 
124 124 
161 161 
58 58 
92 92 
80 80 
159 159 
107 107 
136 136 
89 89 
26 26 
65 65 
117 117 
108 108 
50 50 
121 121 
99 99 
97 97 
129 129 
156 156 
31 31 
77 77 
133 133 
60 60 
94 94 
115 115 
74 74 
78 78 
9 9 
81 81 
96 96 
139 139 
38 38 
91 91 
98 98 
35 35 
82 82 
46 46 
155 155 
27 27 
160 160 
118 118 
22 22 
44 44 
123 123 
114 114 
63 63 
95 95 
116 116 
55 55 
126 126 
48 48 
3 3 
106 106 
158 158 
101 101 
135 135 
68 68 
100 100 
51 51 
151 151 
140 140 
72 72 
33 33 
141 141 
130 130 
2 2 
122 122 
132 132 
11 11 
83 83 
52 52 
40 40 
134 134 
153 153 
5 5 
79 79 
76 76 
13 13 
19 19 
20 20 
16 16 
1 1 
41 41 
57 57 
73 73 
86 86 
49 49 
85 85 
59 59 
12 12 
120 120 
71 71 
127 127 
15 15 
42 42 
36 36 
145 145 
113 113 
149 149 
62 62 
6 6 
119 119 
47 47 
7 7 
138 138 
23 23 
