149 11175
67 67 
65 65 
76 76 
79 79 
24 24 
116 116 
2 2 
48 48 
94 94 
86 86 
122 122 
34 34 
40 40 
38 38 
14 14 
133 133 
9 9 
137 137 
52 52 
109 109 
90 90 
55 55 
31 31 
141 141 
54 54 
81 81 
114 114 
121 121 
43 43 
139 139 
57 57 
134 134 
30 30 
5 5 
125 125 
11 11 
98 98 
96 96 
124 124 
4 4 
32 32 
23 23 
26 26 
111 111 
83 83 
131 131 
138 138 
135 135 
78 78 
18 18 
8 8 
22 22 
42 42 
56 56 
45 45 
103 103 
17 17 
64 64 
51 51 
117 117 
87 87 
21 21 
128 128 
47 47 
70 70 
140 140 
113 113 
146 146 
63 63 
1 1 
15 15 
3 3 
12 12 
147 147 
91 91 
37 37 
85 85 
112 112 
102 102 
118 118 
136 136 
99 99 
148 148 
120 120 
72 72 
89 89 
126 126 
29 29 
27 27 
142 142 
74 74 
49 49 
59 59 
69 69 
60 60 
84 84 
101 101 
16 16 
71 71 
95 95 
33 33 
132 132 
20 20 
7 7 
145 145 
77 77 
41 41 
10 10 
104 104 
19 19 
130 130 
127 127 
46 46 
144 144 
62 62 
28 28 
73 73 
82 82 
58 58 
6 6 
92 92 
35 35 
44 44 
129 129 
80 80 
93 93 
100 100 
119 119 
36 36 
53 53 
107 107 
115 115 
66 66 
105 105 
97 97 
75 75 
108 108 
149 149 
123 123 
88 88 
106 106 
13 13 
110 110 
68 68 
39 39 
25 25 
50 50 
143 143 
61 61 
