121 7381
119 119 
109 109 
27 27 
111 111 
78 78 
16 16 
91 91 
44 44 
54 54 
86 86 
67 67 
25 25 
84 84 
98 98 
34 34 
35 35 
6 6 
38 38 
33 33 
114 114 
23 23 
115 115 
57 57 
15 15 
88 88 
7 7 
92 92 
103 103 
19 19 
14 14 
79 79 
69 69 
113 113 
45 45 
110 110 
87 87 
4 4 
80 80 
2 2 
63 63 
41 41 
3 3 
65 65 
68 68 
28 28 
24 24 
95 95 
29 29 
74 74 
5 5 
18 18 
118 118 
51 51 
53 53 
39 39 
94 94 
120 120 
116 116 
48 48 
75 75 
70 70 
97 97 
117 117 
59 59 
40 40 
96 96 
82 82 
49 49 
81 81 
9 9 
58 58 
102 102 
31 31 
60 60 
21 21 
12 12 
62 62 
30 30 
46 46 
105 105 
106 106 
47 47 
83 83 
20 20 
76 76 
90 90 
89 89 
36 36 
99 99 
64 64 
112 112 
8 8 
108 108 
71 71 
101 101 
73 73 
61 61 
107 107 
42 42 
22 22 
93 93 
56 56 
17 17 
1 1 
43 43 
121 121 
52 52 
11 11 
85 85 
66 66 
77 77 
13 13 
50 50 
104 104 
72 72 
32 32 
10 10 
55 55 
26 26 
37 37 
100 100 
