122 7503
90 90 
86 86 
34 34 
24 24 
44 44 
67 67 
107 107 
100 100 
120 120 
23 23 
93 93 
55 55 
54 54 
105 105 
74 74 
20 20 
89 89 
92 92 
29 29 
99 99 
13 13 
52 52 
83 83 
18 18 
5 5 
7 7 
98 98 
57 57 
37 37 
97 97 
8 8 
88 88 
65 65 
43 43 
40 40 
121 121 
60 60 
11 11 
28 28 
70 70 
76 76 
64 64 
31 31 
12 12 
58 58 
38 38 
84 84 
61 61 
116 116 
95 95 
82 82 
25 25 
3 3 
91 91 
39 39 
114 114 
59 59 
78 78 
111 111 
1 1 
56 56 
110 110 
16 16 
106 106 
49 49 
108 108 
36 36 
32 32 
109 109 
96 96 
122 122 
75 75 
112 112 
81 81 
14 14 
103 103 
15 15 
27 27 
6 6 
41 41 
115 115 
10 10 
46 46 
85 85 
19 19 
119 119 
51 51 
80 80 
45 45 
22 22 
50 50 
4 4 
17 17 
87 87 
72 72 
42 42 
77 77 
66 66 
69 69 
9 9 
62 62 
21 21 
117 117 
79 79 
104 104 
68 68 
101 101 
113 113 
71 71 
47 47 
30 30 
73 73 
48 48 
63 63 
94 94 
26 26 
53 53 
35 35 
118 118 
33 33 
102 102 
2 2 
