176 15576
158 158 
119 119 
70 70 
69 69 
22 22 
105 105 
48 48 
25 25 
36 36 
19 19 
113 113 
84 84 
173 173 
61 61 
151 151 
51 51 
49 49 
29 29 
65 65 
83 83 
34 34 
58 58 
106 106 
139 139 
46 46 
124 124 
80 80 
114 114 
116 116 
140 140 
153 153 
67 67 
112 112 
110 110 
115 115 
33 33 
166 166 
1 1 
87 87 
149 149 
6 6 
133 133 
169 169 
100 100 
16 16 
160 160 
73 73 
159 159 
102 102 
156 156 
162 162 
59 59 
52 52 
136 136 
93 93 
167 167 
171 171 
128 128 
104 104 
174 174 
53 53 
44 44 
8 8 
101 101 
152 152 
32 32 
81 81 
123 123 
71 71 
111 111 
95 95 
146 146 
30 30 
68 68 
147 147 
3 3 
11 11 
176 176 
107 107 
143 143 
54 54 
103 103 
91 91 
138 138 
90 90 
86 86 
170 170 
155 155 
56 56 
97 97 
38 38 
109 109 
130 130 
13 13 
5 5 
55 55 
42 42 
9 9 
154 154 
2 2 
134 134 
18 18 
132 132 
57 57 
120 120 
82 82 
45 45 
28 28 
26 26 
24 24 
108 108 
35 35 
98 98 
4 4 
23 23 
150 150 
17 17 
21 21 
39 39 
99 99 
14 14 
135 135 
118 118 
37 37 
74 74 
12 12 
63 63 
142 142 
60 60 
126 126 
145 145 
122 122 
92 92 
75 75 
148 148 
121 121 
137 137 
161 161 
50 50 
43 43 
77 77 
7 7 
129 129 
89 89 
79 79 
20 20 
47 47 
76 76 
117 117 
175 175 
163 163 
66 66 
78 78 
164 164 
157 157 
127 127 
165 165 
172 172 
168 168 
85 85 
94 94 
41 41 
131 131 
144 144 
72 72 
88 88 
141 141 
31 31 
40 40 
125 125 
62 62 
27 27 
64 64 
15 15 
96 96 
10 10 
