183 16836
101 101 
91 91 
56 56 
94 94 
106 106 
2 2 
48 48 
54 54 
135 135 
92 92 
131 131 
158 158 
138 138 
78 78 
39 39 
4 4 
132 132 
140 140 
105 105 
41 41 
35 35 
28 28 
73 73 
44 44 
29 29 
123 123 
5 5 
81 81 
59 59 
93 93 
16 16 
67 67 
23 23 
165 165 
134 134 
115 115 
80 80 
43 43 
121 121 
168 168 
11 11 
142 142 
117 117 
148 148 
150 150 
176 176 
83 83 
66 66 
102 102 
159 159 
111 111 
77 77 
72 72 
120 120 
51 51 
61 61 
26 26 
15 15 
141 141 
9 9 
89 89 
128 128 
75 75 
107 107 
8 8 
173 173 
38 38 
137 137 
113 113 
58 58 
179 179 
174 174 
156 156 
18 18 
108 108 
146 146 
33 33 
96 96 
17 17 
46 46 
124 124 
127 127 
99 99 
21 21 
3 3 
112 112 
116 116 
40 40 
164 164 
10 10 
151 151 
49 49 
87 87 
37 37 
136 136 
170 170 
34 34 
53 53 
167 167 
172 172 
139 139 
42 42 
175 175 
71 71 
31 31 
160 160 
169 169 
157 157 
153 153 
130 130 
64 64 
122 122 
19 19 
57 57 
180 180 
63 63 
30 30 
20 20 
52 52 
12 12 
24 24 
161 161 
70 70 
1 1 
82 82 
147 147 
65 65 
118 118 
90 90 
143 143 
110 110 
154 154 
182 182 
7 7 
25 25 
166 166 
119 119 
22 22 
79 79 
55 55 
145 145 
27 27 
181 181 
171 171 
103 103 
163 163 
162 162 
144 144 
6 6 
125 125 
114 114 
183 183 
13 13 
86 86 
149 149 
69 69 
74 74 
76 76 
84 84 
62 62 
32 32 
98 98 
88 88 
177 177 
36 36 
50 50 
152 152 
133 133 
68 68 
100 100 
14 14 
178 178 
95 95 
129 129 
104 104 
126 126 
45 45 
47 47 
155 155 
109 109 
97 97 
60 60 
85 85 
