133 8911
76 76 
43 43 
107 107 
85 85 
12 12 
55 55 
96 96 
92 92 
112 112 
125 125 
16 16 
99 99 
18 18 
60 60 
122 122 
64 64 
105 105 
128 128 
87 87 
4 4 
78 78 
32 32 
33 33 
62 62 
25 25 
10 10 
44 44 
88 88 
110 110 
73 73 
89 89 
37 37 
104 104 
118 118 
94 94 
53 53 
57 57 
3 3 
113 113 
11 11 
98 98 
34 34 
13 13 
45 45 
79 79 
127 127 
29 29 
39 39 
66 66 
72 72 
59 59 
50 50 
81 81 
70 70 
74 74 
22 22 
26 26 
20 20 
58 58 
83 83 
24 24 
35 35 
1 1 
36 36 
67 67 
117 117 
21 21 
123 123 
14 14 
95 95 
31 31 
91 91 
86 86 
119 119 
65 65 
120 120 
103 103 
48 48 
52 52 
102 102 
38 38 
101 101 
115 115 
116 116 
41 41 
56 56 
69 69 
68 68 
2 2 
9 9 
61 61 
8 8 
100 100 
93 93 
126 126 
15 15 
71 71 
28 28 
40 40 
82 82 
42 42 
133 133 
5 5 
17 17 
75 75 
51 51 
30 30 
54 54 
7 7 
97 97 
46 46 
49 49 
47 47 
121 121 
84 84 
109 109 
124 124 
6 6 
114 114 
19 19 
106 106 
80 80 
132 132 
129 129 
131 131 
111 111 
90 90 
23 23 
108 108 
27 27 
130 130 
63 63 
77 77 
