191 18336
143 143 
3 3 
44 44 
164 164 
19 19 
72 72 
186 186 
59 59 
87 87 
154 154 
191 191 
6 6 
25 25 
71 71 
160 160 
167 167 
77 77 
120 120 
181 181 
113 113 
114 114 
173 173 
32 32 
66 66 
178 178 
106 106 
56 56 
83 83 
96 96 
15 15 
108 108 
93 93 
61 61 
68 68 
152 152 
174 174 
189 189 
172 172 
183 183 
162 162 
176 176 
150 150 
118 118 
127 127 
116 116 
100 100 
97 97 
50 50 
47 47 
17 17 
129 129 
151 151 
90 90 
27 27 
37 37 
2 2 
42 42 
180 180 
161 161 
169 169 
128 128 
126 126 
142 142 
124 124 
89 89 
109 109 
26 26 
135 135 
121 121 
156 156 
33 33 
115 115 
158 158 
18 18 
23 23 
119 119 
132 132 
1 1 
22 22 
163 163 
67 67 
137 137 
48 48 
39 39 
38 38 
170 170 
76 76 
134 134 
184 184 
8 8 
14 14 
95 95 
29 29 
130 130 
182 182 
104 104 
64 64 
146 146 
51 51 
12 12 
157 157 
101 101 
75 75 
110 110 
49 49 
55 55 
57 57 
144 144 
45 45 
141 141 
36 36 
166 166 
46 46 
30 30 
54 54 
86 86 
40 40 
70 70 
92 92 
24 24 
73 73 
98 98 
63 63 
111 111 
145 145 
80 80 
65 65 
74 74 
43 43 
112 112 
94 94 
84 84 
82 82 
53 53 
153 153 
125 125 
175 175 
179 179 
58 58 
155 155 
41 41 
79 79 
60 60 
171 171 
131 131 
107 107 
187 187 
88 88 
85 85 
123 123 
122 122 
7 7 
103 103 
11 11 
34 34 
136 136 
102 102 
165 165 
105 105 
28 28 
148 148 
185 185 
139 139 
35 35 
168 168 
147 147 
91 91 
177 177 
31 31 
16 16 
138 138 
190 190 
159 159 
4 4 
81 81 
117 117 
21 21 
52 52 
9 9 
140 140 
62 62 
188 188 
5 5 
10 10 
78 78 
99 99 
20 20 
69 69 
149 149 
13 13 
133 133 
