116 6786
92 92 
88 88 
109 109 
20 20 
27 27 
102 102 
28 28 
86 86 
45 45 
69 69 
53 53 
56 56 
67 67 
6 6 
11 11 
104 104 
74 74 
85 85 
62 62 
72 72 
57 57 
26 26 
35 35 
60 60 
103 103 
18 18 
30 30 
100 100 
71 71 
80 80 
5 5 
44 44 
78 78 
73 73 
9 9 
107 107 
83 83 
40 40 
99 99 
34 34 
94 94 
87 87 
16 16 
113 113 
65 65 
7 7 
75 75 
93 93 
76 76 
70 70 
19 19 
84 84 
66 66 
33 33 
31 31 
52 52 
54 54 
59 59 
14 14 
13 13 
106 106 
81 81 
41 41 
25 25 
64 64 
15 15 
98 98 
58 58 
68 68 
10 10 
82 82 
24 24 
42 42 
114 114 
90 90 
91 91 
116 116 
50 50 
96 96 
79 79 
101 101 
3 3 
105 105 
8 8 
2 2 
12 12 
77 77 
115 115 
46 46 
61 61 
1 1 
89 89 
38 38 
37 37 
4 4 
48 48 
55 55 
97 97 
108 108 
21 21 
95 95 
32 32 
43 43 
47 47 
39 39 
36 36 
63 63 
110 110 
112 112 
29 29 
22 22 
17 17 
49 49 
51 51 
23 23 
111 111 
