150 11325
93 93 
40 40 
43 43 
47 47 
117 117 
45 45 
147 147 
84 84 
12 12 
139 139 
134 134 
21 21 
63 63 
99 99 
122 122 
109 109 
92 92 
52 52 
149 149 
127 127 
27 27 
38 38 
72 72 
26 26 
23 23 
73 73 
17 17 
148 148 
39 39 
57 57 
137 137 
3 3 
64 64 
1 1 
18 18 
36 36 
53 53 
95 95 
65 65 
78 78 
85 85 
70 70 
133 133 
49 49 
2 2 
110 110 
54 54 
13 13 
82 82 
11 11 
33 33 
135 135 
48 48 
141 141 
30 30 
142 142 
107 107 
35 35 
132 132 
123 123 
91 91 
144 144 
115 115 
25 25 
22 22 
5 5 
116 116 
83 83 
20 20 
108 108 
46 46 
7 7 
59 59 
42 42 
67 67 
15 15 
140 140 
112 112 
71 71 
129 129 
86 86 
58 58 
124 124 
94 94 
143 143 
96 96 
121 121 
10 10 
69 69 
24 24 
146 146 
28 28 
113 113 
100 100 
136 136 
90 90 
8 8 
16 16 
118 118 
98 98 
106 106 
150 150 
119 119 
125 125 
56 56 
145 145 
120 120 
101 101 
87 87 
41 41 
19 19 
60 60 
32 32 
103 103 
88 88 
44 44 
4 4 
66 66 
102 102 
131 131 
128 128 
50 50 
6 6 
9 9 
14 14 
111 111 
105 105 
114 114 
97 97 
51 51 
62 62 
76 76 
79 79 
126 126 
68 68 
138 138 
75 75 
61 61 
89 89 
81 81 
34 34 
80 80 
74 74 
104 104 
37 37 
55 55 
31 31 
130 130 
29 29 
77 77 
