156 12246
106 106 
17 17 
83 83 
10 10 
117 117 
44 44 
48 48 
150 150 
58 58 
75 75 
125 125 
105 105 
18 18 
40 40 
147 147 
120 120 
138 138 
50 50 
43 43 
141 141 
89 89 
128 128 
113 113 
146 146 
123 123 
102 102 
34 34 
107 107 
140 140 
121 121 
148 148 
63 63 
85 85 
11 11 
27 27 
4 4 
38 38 
66 66 
35 35 
80 80 
154 154 
69 69 
136 136 
144 144 
81 81 
33 33 
1 1 
95 95 
118 118 
143 143 
29 29 
36 36 
25 25 
135 135 
134 134 
8 8 
49 49 
52 52 
72 72 
91 91 
149 149 
122 122 
53 53 
115 115 
65 65 
5 5 
114 114 
19 19 
109 109 
137 137 
124 124 
78 78 
90 90 
3 3 
45 45 
37 37 
15 15 
42 42 
73 73 
103 103 
111 111 
145 145 
110 110 
7 7 
20 20 
64 64 
151 151 
116 116 
59 59 
23 23 
55 55 
130 130 
87 87 
67 67 
26 26 
28 28 
129 129 
126 126 
93 93 
97 97 
12 12 
153 153 
88 88 
104 104 
6 6 
99 99 
139 139 
30 30 
94 94 
41 41 
13 13 
77 77 
62 62 
156 156 
31 31 
22 22 
142 142 
76 76 
46 46 
92 92 
57 57 
108 108 
32 32 
152 152 
61 61 
16 16 
131 131 
79 79 
74 74 
82 82 
112 112 
71 71 
47 47 
132 132 
60 60 
68 68 
24 24 
56 56 
101 101 
155 155 
127 127 
96 96 
70 70 
119 119 
100 100 
21 21 
14 14 
54 54 
133 133 
98 98 
9 9 
2 2 
39 39 
84 84 
86 86 
51 51 
