105 5565
77 77 
36 36 
84 84 
65 65 
56 56 
11 11 
75 75 
57 57 
2 2 
83 83 
67 67 
14 14 
58 58 
3 3 
95 95 
34 34 
76 76 
42 42 
81 81 
28 28 
68 68 
1 1 
82 82 
66 66 
39 39 
74 74 
15 15 
88 88 
87 87 
13 13 
96 96 
18 18 
54 54 
105 105 
51 51 
99 99 
89 89 
59 59 
50 50 
92 92 
43 43 
17 17 
40 40 
29 29 
41 41 
35 35 
91 91 
103 103 
100 100 
70 70 
62 62 
32 32 
31 31 
26 26 
37 37 
64 64 
86 86 
27 27 
8 8 
19 19 
21 21 
5 5 
44 44 
63 63 
38 38 
60 60 
7 7 
10 10 
55 55 
94 94 
69 69 
79 79 
102 102 
73 73 
72 72 
25 25 
20 20 
4 4 
71 71 
98 98 
9 9 
16 16 
12 12 
93 93 
33 33 
6 6 
49 49 
46 46 
78 78 
90 90 
45 45 
61 61 
48 48 
47 47 
22 22 
101 101 
24 24 
23 23 
52 52 
80 80 
97 97 
53 53 
104 104 
85 85 
30 30 
