129 8385
106 106 
99 99 
16 16 
119 119 
109 109 
17 17 
36 36 
110 110 
44 44 
86 86 
121 121 
76 76 
90 90 
83 83 
96 96 
58 58 
18 18 
92 92 
38 38 
8 8 
52 52 
41 41 
123 123 
42 42 
95 95 
56 56 
15 15 
6 6 
12 12 
111 111 
26 26 
75 75 
54 54 
125 125 
116 116 
11 11 
94 94 
48 48 
59 59 
128 128 
112 112 
114 114 
50 50 
31 31 
69 69 
98 98 
39 39 
88 88 
97 97 
115 115 
126 126 
22 22 
105 105 
45 45 
67 67 
72 72 
104 104 
57 57 
118 118 
4 4 
124 124 
55 55 
127 127 
117 117 
87 87 
74 74 
77 77 
108 108 
23 23 
80 80 
33 33 
73 73 
102 102 
10 10 
5 5 
103 103 
61 61 
2 2 
60 60 
51 51 
35 35 
3 3 
113 113 
14 14 
66 66 
64 64 
101 101 
28 28 
129 129 
32 32 
107 107 
82 82 
81 81 
30 30 
40 40 
53 53 
122 122 
79 79 
9 9 
89 89 
24 24 
68 68 
47 47 
13 13 
85 85 
120 120 
29 29 
78 78 
34 34 
27 27 
46 46 
91 91 
19 19 
62 62 
21 21 
7 7 
63 63 
49 49 
84 84 
43 43 
71 71 
25 25 
1 1 
37 37 
70 70 
93 93 
100 100 
20 20 
65 65 
