108 5886
82 82 
63 63 
12 12 
57 57 
100 100 
84 84 
36 36 
50 50 
48 48 
54 54 
19 19 
27 27 
41 41 
69 69 
9 9 
53 53 
65 65 
76 76 
105 105 
20 20 
56 56 
62 62 
98 98 
75 75 
68 68 
1 1 
25 25 
38 38 
46 46 
64 64 
51 51 
101 101 
15 15 
8 8 
85 85 
89 89 
23 23 
6 6 
31 31 
30 30 
24 24 
71 71 
94 94 
81 81 
45 45 
21 21 
47 47 
95 95 
74 74 
72 72 
7 7 
61 61 
13 13 
28 28 
34 34 
103 103 
52 52 
78 78 
70 70 
102 102 
106 106 
5 5 
73 73 
26 26 
2 2 
44 44 
107 107 
35 35 
91 91 
10 10 
58 58 
92 92 
104 104 
88 88 
77 77 
49 49 
97 97 
86 86 
43 43 
11 11 
22 22 
93 93 
3 3 
18 18 
33 33 
80 80 
60 60 
42 42 
99 99 
32 32 
108 108 
4 4 
59 59 
40 40 
29 29 
55 55 
66 66 
16 16 
83 83 
14 14 
87 87 
90 90 
79 79 
67 67 
37 37 
39 39 
96 96 
17 17 
