164 13530
21 21 
35 35 
73 73 
12 12 
101 101 
74 74 
60 60 
130 130 
57 57 
20 20 
25 25 
38 38 
26 26 
23 23 
111 111 
124 124 
90 90 
97 97 
118 118 
159 159 
64 64 
42 42 
33 33 
161 161 
108 108 
123 123 
84 84 
55 55 
149 149 
49 49 
36 36 
79 79 
153 153 
132 132 
121 121 
70 70 
93 93 
7 7 
30 30 
85 85 
5 5 
66 66 
139 139 
17 17 
81 81 
129 129 
15 15 
56 56 
31 31 
144 144 
29 29 
134 134 
160 160 
51 51 
18 18 
163 163 
100 100 
48 48 
141 141 
162 162 
145 145 
45 45 
146 146 
143 143 
133 133 
122 122 
119 119 
157 157 
14 14 
4 4 
3 3 
91 91 
77 77 
83 83 
113 113 
127 127 
9 9 
92 92 
53 53 
128 128 
137 137 
112 112 
151 151 
152 152 
16 16 
44 44 
99 99 
50 50 
71 71 
109 109 
156 156 
87 87 
98 98 
80 80 
110 110 
2 2 
103 103 
54 54 
40 40 
1 1 
37 37 
75 75 
107 107 
125 125 
13 13 
22 22 
43 43 
115 115 
89 89 
147 147 
62 62 
69 69 
46 46 
136 136 
96 96 
8 8 
116 116 
94 94 
58 58 
76 76 
61 61 
39 39 
150 150 
105 105 
27 27 
65 65 
155 155 
6 6 
142 142 
114 114 
86 86 
67 67 
63 63 
106 106 
138 138 
78 78 
95 95 
24 24 
32 32 
52 52 
82 82 
164 164 
102 102 
28 28 
117 117 
10 10 
19 19 
126 126 
131 131 
148 148 
72 72 
154 154 
34 34 
47 47 
135 135 
104 104 
120 120 
59 59 
140 140 
68 68 
41 41 
158 158 
88 88 
11 11 
