199 19900
99 99 
129 129 
113 113 
132 132 
50 50 
5 5 
7 7 
110 110 
23 23 
72 72 
18 18 
145 145 
182 182 
175 175 
167 167 
160 160 
103 103 
122 122 
191 191 
9 9 
75 75 
174 174 
3 3 
65 65 
36 36 
28 28 
197 197 
74 74 
52 52 
40 40 
134 134 
179 179 
61 61 
164 164 
190 190 
162 162 
87 87 
22 22 
17 17 
30 30 
96 96 
147 147 
100 100 
54 54 
95 95 
1 1 
101 101 
149 149 
2 2 
192 192 
45 45 
186 186 
86 86 
176 176 
76 76 
126 126 
60 60 
89 89 
125 125 
33 33 
166 166 
84 84 
120 120 
128 128 
11 11 
114 114 
155 155 
77 77 
104 104 
173 173 
63 63 
130 130 
31 31 
27 27 
106 106 
69 69 
55 55 
169 169 
117 117 
177 177 
82 82 
51 51 
38 38 
53 53 
25 25 
24 24 
58 58 
151 151 
70 70 
44 44 
26 26 
108 108 
48 48 
185 185 
142 142 
119 119 
188 188 
161 161 
111 111 
79 79 
131 131 
6 6 
91 91 
171 171 
144 144 
73 73 
8 8 
138 138 
196 196 
136 136 
178 178 
57 57 
198 198 
92 92 
127 127 
137 137 
124 124 
116 116 
168 168 
98 98 
85 85 
56 56 
90 90 
20 20 
152 152 
37 37 
39 39 
81 81 
66 66 
181 181 
12 12 
93 93 
118 118 
109 109 
107 107 
199 199 
41 41 
159 159 
29 29 
143 143 
94 94 
42 42 
133 133 
16 16 
83 83 
14 14 
88 88 
153 153 
148 148 
183 183 
140 140 
71 71 
105 105 
172 172 
43 43 
97 97 
80 80 
46 46 
19 19 
154 154 
195 195 
115 115 
180 180 
141 141 
150 150 
146 146 
4 4 
68 68 
34 34 
67 67 
187 187 
139 139 
49 49 
157 157 
32 32 
193 193 
121 121 
135 135 
170 170 
10 10 
112 112 
156 156 
194 194 
163 163 
158 158 
13 13 
21 21 
35 35 
15 15 
102 102 
184 184 
123 123 
62 62 
78 78 
47 47 
64 64 
59 59 
165 165 
189 189 
