182 16653
176 176 
1 1 
136 136 
158 158 
99 99 
76 76 
39 39 
129 129 
38 38 
122 122 
64 64 
77 77 
49 49 
22 22 
70 70 
103 103 
138 138 
107 107 
81 81 
113 113 
88 88 
172 172 
40 40 
67 67 
16 16 
45 45 
53 53 
68 68 
91 91 
94 94 
25 25 
128 128 
150 150 
97 97 
72 72 
149 149 
80 80 
161 161 
147 147 
123 123 
51 51 
166 166 
85 85 
118 118 
120 120 
131 131 
111 111 
57 57 
112 112 
6 6 
146 146 
42 42 
182 182 
95 95 
126 126 
96 96 
151 151 
15 15 
18 18 
65 65 
55 55 
133 133 
75 75 
63 63 
9 9 
175 175 
106 106 
132 132 
101 101 
20 20 
73 73 
47 47 
119 119 
92 92 
144 144 
114 114 
148 148 
89 89 
124 124 
180 180 
139 139 
82 82 
78 78 
163 163 
108 108 
26 26 
54 54 
130 130 
5 5 
33 33 
173 173 
21 21 
177 177 
32 32 
156 156 
171 171 
140 140 
87 87 
102 102 
121 121 
137 137 
10 10 
162 162 
125 125 
43 43 
100 100 
110 110 
117 117 
56 56 
61 61 
169 169 
154 154 
27 27 
28 28 
12 12 
159 159 
90 90 
2 2 
93 93 
174 174 
44 44 
66 66 
17 17 
50 50 
153 153 
59 59 
165 165 
24 24 
14 14 
134 134 
23 23 
86 86 
48 48 
60 60 
181 181 
155 155 
127 127 
7 7 
83 83 
98 98 
142 142 
116 116 
115 115 
3 3 
13 13 
71 71 
69 69 
135 135 
105 105 
8 8 
58 58 
167 167 
145 145 
19 19 
31 31 
109 109 
170 170 
79 79 
52 52 
35 35 
46 46 
62 62 
143 143 
104 104 
152 152 
160 160 
4 4 
34 34 
30 30 
36 36 
74 74 
141 141 
164 164 
168 168 
179 179 
41 41 
178 178 
37 37 
157 157 
11 11 
84 84 
29 29 
