195 19110
21 21 
165 165 
101 101 
95 95 
64 64 
2 2 
113 113 
15 15 
144 144 
98 98 
171 171 
186 186 
156 156 
163 163 
130 130 
92 92 
140 140 
87 87 
194 194 
54 54 
99 99 
35 35 
157 157 
36 36 
177 177 
188 188 
70 70 
117 117 
123 123 
175 175 
96 96 
108 108 
131 131 
6 6 
28 28 
8 8 
57 57 
147 147 
115 115 
46 46 
62 62 
68 68 
48 48 
53 53 
41 41 
189 189 
176 176 
127 127 
77 77 
155 155 
139 139 
17 17 
51 51 
119 119 
179 179 
110 110 
78 78 
86 86 
61 61 
145 145 
152 152 
10 10 
178 178 
25 25 
107 107 
89 89 
133 133 
50 50 
7 7 
112 112 
182 182 
76 76 
5 5 
106 106 
72 72 
129 129 
93 93 
109 109 
153 153 
174 174 
73 73 
162 162 
164 164 
59 59 
169 169 
184 184 
74 74 
27 27 
69 69 
173 173 
45 45 
56 56 
84 84 
58 58 
103 103 
29 29 
111 111 
82 82 
193 193 
47 47 
34 34 
104 104 
13 13 
185 185 
81 81 
26 26 
142 142 
166 166 
31 31 
19 19 
66 66 
49 49 
135 135 
187 187 
122 122 
124 124 
38 38 
24 24 
190 190 
148 148 
168 168 
33 33 
195 195 
126 126 
63 63 
90 90 
52 52 
55 55 
80 80 
172 172 
79 79 
138 138 
16 16 
116 116 
37 37 
154 154 
32 32 
4 4 
159 159 
102 102 
42 42 
44 44 
9 9 
167 167 
161 161 
30 30 
170 170 
1 1 
149 149 
132 132 
40 40 
114 114 
85 85 
39 39 
22 22 
12 12 
60 60 
97 97 
118 118 
88 88 
158 158 
191 191 
137 137 
143 143 
183 183 
160 160 
91 91 
125 125 
100 100 
43 43 
150 150 
14 14 
75 75 
181 181 
18 18 
65 65 
23 23 
136 136 
180 180 
67 67 
192 192 
151 151 
121 121 
71 71 
120 120 
11 11 
141 141 
3 3 
20 20 
134 134 
83 83 
146 146 
94 94 
105 105 
128 128 
