142 10153
21 21 
62 62 
69 69 
113 113 
81 81 
118 118 
111 111 
119 119 
128 128 
95 95 
133 133 
27 27 
124 124 
33 33 
37 37 
42 42 
12 12 
34 34 
40 40 
14 14 
1 1 
115 115 
36 36 
46 46 
122 122 
60 60 
107 107 
65 65 
7 7 
74 74 
88 88 
129 129 
71 71 
22 22 
126 126 
56 56 
96 96 
127 127 
136 136 
79 79 
102 102 
131 131 
31 31 
106 106 
109 109 
120 120 
3 3 
66 66 
32 32 
90 90 
61 61 
30 30 
75 75 
43 43 
93 93 
125 125 
63 63 
78 78 
80 80 
132 132 
5 5 
83 83 
25 25 
29 29 
8 8 
98 98 
10 10 
67 67 
114 114 
58 58 
48 48 
134 134 
72 72 
52 52 
101 101 
123 123 
44 44 
4 4 
57 57 
38 38 
116 116 
39 39 
112 112 
140 140 
53 53 
17 17 
110 110 
41 41 
139 139 
141 141 
94 94 
91 91 
47 47 
55 55 
45 45 
11 11 
121 121 
135 135 
104 104 
26 26 
87 87 
86 86 
6 6 
24 24 
54 54 
130 130 
59 59 
70 70 
18 18 
16 16 
138 138 
15 15 
64 64 
142 142 
117 117 
68 68 
77 77 
108 108 
85 85 
89 89 
13 13 
99 99 
76 76 
35 35 
105 105 
2 2 
9 9 
49 49 
73 73 
97 97 
28 28 
19 19 
137 137 
92 92 
51 51 
82 82 
103 103 
20 20 
23 23 
50 50 
84 84 
100 100 
