154 11935
129 129 
138 138 
135 135 
8 8 
103 103 
95 95 
13 13 
107 107 
102 102 
87 87 
30 30 
113 113 
125 125 
140 140 
67 67 
4 4 
82 82 
33 33 
66 66 
79 79 
97 97 
29 29 
93 93 
71 71 
81 81 
116 116 
5 5 
90 90 
127 127 
2 2 
123 123 
1 1 
21 21 
51 51 
151 151 
35 35 
61 61 
16 16 
73 73 
49 49 
149 149 
39 39 
142 142 
119 119 
9 9 
152 152 
131 131 
64 64 
57 57 
12 12 
85 85 
153 153 
7 7 
104 104 
92 92 
134 134 
36 36 
101 101 
111 111 
41 41 
52 52 
43 43 
89 89 
20 20 
28 28 
83 83 
133 133 
146 146 
88 88 
141 141 
128 128 
48 48 
120 120 
94 94 
117 117 
59 59 
126 126 
6 6 
63 63 
15 15 
18 18 
150 150 
62 62 
40 40 
54 54 
137 137 
84 84 
68 68 
72 72 
147 147 
122 122 
99 99 
25 25 
132 132 
23 23 
80 80 
69 69 
143 143 
11 11 
105 105 
19 19 
130 130 
144 144 
145 145 
148 148 
27 27 
50 50 
112 112 
45 45 
77 77 
74 74 
44 44 
14 14 
55 55 
100 100 
56 56 
22 22 
53 53 
110 110 
154 154 
139 139 
34 34 
118 118 
96 96 
60 60 
17 17 
10 10 
124 124 
91 91 
38 38 
75 75 
76 76 
114 114 
24 24 
65 65 
37 37 
121 121 
86 86 
108 108 
3 3 
26 26 
46 46 
115 115 
109 109 
70 70 
32 32 
42 42 
78 78 
47 47 
58 58 
106 106 
98 98 
136 136 
31 31 
