1000 2500
372 1116 
599 199 
601 199 
692 230 
987 2961 
80 240 
430 1290 
579 579 
536 536 
106 318 
471 156 
293 97 
763 2289 
190 62 
69 207 
162 486 
985 2955 
435 144 
574 190 
545 1635 
222 73 
444 444 
378 378 
993 330 
941 2823 
368 122 
508 508 
917 305 
774 2322 
461 461 
136 408 
607 201 
491 163 
616 616 
242 726 
590 590 
923 307 
944 2832 
397 397 
807 268 
395 395 
167 55 
638 1914 
912 303 
135 44 
653 653 
499 1497 
529 1587 
467 467 
421 421 
501 501 
891 2673 
309 927 
605 605 
80 26 
224 74 
408 1224 
924 307 
610 610 
828 275 
342 113 
584 584 
816 271 
546 1638 
841 279 
963 2889 
441 146 
998 332 
760 252 
18 5 
217 651 
795 264 
887 2661 
210 630 
431 431 
643 643 
632 1896 
72 216 
475 475 
563 563 
836 278 
941 313 
658 1974 
503 503 
628 628 
584 194 
83 27 
979 325 
900 299 
337 337 
902 300 
738 2214 
579 1737 
628 208 
484 484 
126 41 
65 21 
172 56 
231 693 
705 234 
456 151 
461 1383 
359 359 
569 569 
321 106 
202 66 
353 353 
401 1203 
415 1245 
117 351 
328 108 
630 1890 
472 472 
559 559 
452 452 
749 249 
397 1191 
433 433 
554 554 
933 310 
664 664 
50 150 
383 1149 
589 589 
290 96 
907 301 
556 556 
578 578 
391 129 
609 609 
510 510 
320 960 
548 182 
602 602 
16 48 
873 290 
209 627 
3 9 
462 153 
432 143 
356 356 
357 357 
355 355 
49 15 
449 449 
127 41 
684 2052 
341 341 
454 454 
962 320 
448 448 
463 1389 
909 2727 
315 104 
640 640 
363 363 
551 551 
122 366 
490 490 
145 435 
575 575 
630 630 
558 185 
986 2958 
403 403 
706 2118 
163 489 
405 1215 
495 495 
958 2874 
561 561 
525 1575 
352 352 
517 517 
380 380 
344 344 
613 203 
964 320 
850 2550 
690 229 
843 2529 
676 2028 
985 327 
388 388 
399 132 
26 8 
387 128 
128 384 
500 500 
558 558 
455 455 
337 1011 
205 67 
562 1686 
755 2265 
439 439 
523 523 
28 84 
660 660 
765 2295 
392 1176 
500 1500 
629 1887 
24 7 
695 231 
859 285 
642 642 
279 837 
38 12 
419 1257 
406 134 
773 257 
548 548 
448 1344 
346 346 
465 465 
294 882 
177 531 
220 72 
324 972 
318 105 
411 1233 
814 2442 
338 338 
818 2454 
538 538 
776 2328 
604 604 
599 599 
545 545 
365 121 
400 400 
692 2076 
374 374 
476 476 
869 289 
923 2769 
656 218 
123 40 
758 252 
342 342 
476 158 
979 2937 
526 526 
670 222 
436 436 
424 424 
347 347 
396 396 
598 598 
452 1356 
591 1773 
77 25 
617 205 
947 2841 
248 744 
576 191 
642 1926 
446 446 
473 157 
219 72 
282 846 
137 411 
205 615 
130 390 
369 1107 
988 2964 
366 121 
539 539 
756 2268 
27 81 
848 2544 
439 145 
368 368 
531 1593 
535 535 
775 2325 
473 473 
366 366 
285 855 
102 33 
272 90 
959 2877 
273 90 
614 614 
475 1425 
564 564 
14 42 
432 432 
564 187 
930 309 
644 214 
324 107 
772 2316 
600 600 
360 360 
102 306 
82 26 
457 457 
948 2844 
146 48 
402 1206 
565 565 
667 221 
665 665 
497 497 
339 339 
133 399 
218 72 
771 2313 
942 2826 
308 924 
822 2466 
509 509 
666 221 
885 2655 
489 1467 
643 1929 
285 94 
623 207 
371 371 
603 200 
876 2628 
280 92 
573 1719 
850 282 
996 331 
997 331 
537 1611 
555 555 
461 153 
351 351 
872 2616 
992 2976 
88 28 
387 1161 
519 519 
652 652 
114 342 
794 264 
999 332 
559 185 
627 208 
525 525 
443 443 
719 2157 
683 2049 
935 311 
283 849 
116 348 
831 2493 
742 246 
582 1746 
164 54 
448 148 
631 631 
330 990 
899 299 
560 560 
770 2310 
787 2361 
754 2262 
648 648 
287 861 
730 242 
115 345 
91 29 
537 537 
83 249 
240 720 
31 9 
506 168 
594 197 
965 321 
595 595 
354 354 
416 1248 
606 606 
607 607 
657 218 
198 65 
531 531 
617 617 
695 2085 
727 2181 
847 281 
582 193 
362 362 
654 654 
768 2304 
434 434 
608 608 
344 1032 
619 619 
852 2556 
169 55 
482 482 
522 522 
47 141 
709 235 
512 170 
427 427 
588 588 
566 566 
489 489 
487 487 
458 458 
658 218 
534 177 
332 996 
192 576 
528 528 
427 1281 
596 1788 
43 13 
583 583 
151 49 
138 414 
938 2814 
553 553 
534 534 
566 1698 
844 280 
672 223 
650 216 
435 435 
177 58 
587 587 
561 1683 
207 68 
401 401 
853 2559 
800 2400 
807 2421 
479 159 
479 479 
361 119 
533 533 
890 296 
451 451 
75 24 
155 465 
617 1851 
894 2682 
634 634 
578 1734 
928 2784 
712 236 
295 885 
577 577 
187 561 
541 541 
663 663 
674 224 
641 213 
304 912 
372 372 
586 1758 
528 1584 
308 102 
571 571 
425 425 
382 382 
504 504 
924 2772 
89 267 
369 369 
504 167 
940 312 
8 24 
380 1140 
714 2142 
549 549 
966 321 
391 1173 
350 116 
466 466 
1 3 
768 255 
216 648 
573 573 
819 2457 
520 172 
233 77 
541 179 
157 51 
359 1077 
508 1524 
466 1398 
526 174 
641 641 
724 2172 
29 9 
763 253 
921 2763 
606 1818 
502 502 
616 1848 
624 624 
603 603 
572 1716 
889 295 
874 290 
650 650 
410 136 
704 2112 
373 373 
518 172 
124 40 
459 1377 
621 621 
440 440 
349 349 
862 286 
743 2229 
219 657 
483 483 
382 126 
540 540 
806 268 
870 289 
426 1278 
481 481 
691 2073 
530 530 
269 807 
361 361 
736 244 
388 1164 
411 411 
426 426 
582 582 
658 658 
914 2742 
817 271 
795 2385 
376 1128 
440 146 
160 480 
623 623 
559 1677 
920 2760 
629 629 
414 137 
557 1671 
58 174 
655 655 
793 2379 
512 512 
638 638 
499 499 
457 1371 
543 543 
159 477 
406 406 
48 15 
529 529 
408 408 
292 96 
868 288 
800 266 
19 57 
855 284 
996 2988 
94 282 
490 162 
660 219 
960 319 
121 39 
79 237 
17 51 
55 17 
379 125 
615 615 
581 581 
927 308 
592 592 
625 625 
469 469 
422 140 
220 660 
341 1023 
339 1017 
345 114 
223 669 
49 147 
667 2001 
415 415 
13 39 
591 591 
654 1962 
365 1095 
652 1956 
153 50 
243 80 
419 419 
50 16 
513 513 
893 297 
370 370 
463 463 
883 2649 
474 474 
565 187 
450 450 
30 90 
423 423 
350 350 
386 386 
367 367 
670 2010 
522 173 
805 2415 
689 2067 
571 189 
420 420 
551 183 
488 488 
141 423 
57 171 
647 647 
942 313 
792 263 
956 2868 
618 618 
875 291 
405 134 
646 646 
416 416 
1001 333 
727 241 
922 306 
90 270 
865 287 
909 302 
95 285 
687 228 
412 412 
46 14 
437 437 
365 365 
414 414 
230 690 
580 192 
203 67 
916 2748 
827 275 
711 2133 
631 1893 
635 635 
326 978 
726 2178 
244 732 
524 174 
574 1722 
649 215 
827 2481 
348 348 
948 315 
769 255 
460 460 
210 69 
784 2352 
764 2292 
430 430 
468 155 
511 511 
995 2985 
203 609 
580 580 
567 567 
468 468 
880 292 
215 645 
685 227 
253 83 
986 328 
553 1659 
516 516 
550 550 
496 496 
644 644 
63 20 
178 58 
376 376 
612 1836 
13 3 
562 562 
168 55 
140 46 
320 106 
278 92 
379 379 
116 38 
152 456 
920 306 
173 57 
574 574 
788 2364 
527 527 
626 626 
602 1806 
790 262 
470 1410 
377 377 
659 659 
442 442 
48 144 
462 462 
327 981 
418 418 
234 77 
809 269 
411 136 
507 507 
493 1479 
486 486 
913 2739 
472 1416 
340 112 
358 358 
636 636 
447 447 
669 222 
927 2781 
67 201 
387 387 
708 235 
721 239 
431 143 
441 441 
274 822 
622 206 
196 64 
633 633 
409 409 
634 210 
576 576 
336 111 
422 1266 
385 385 
471 471 
762 253 
506 506 
23 69 
467 155 
868 2604 
622 622 
657 657 
879 2637 
593 593 
592 196 
212 636 
266 88 
518 518 
873 2619 
356 1068 
200 66 
390 390 
343 343 
568 188 
340 340 
785 261 
597 597 
413 413 
594 1782 
12 3 
707 235 
937 2811 
470 470 
547 547 
789 262 
125 375 
661 661 
291 96 
732 243 
585 585 
364 364 
184 552 
456 456 
56 168 
570 570 
715 237 
410 1230 
221 663 
855 2565 
549 1647 
532 532 
173 519 
31 93 
589 195 
530 176 
605 201 
639 639 
46 138 
961 319 
581 193 
678 2034 
42 126 
621 1863 
651 216 
480 480 
646 214 
521 521 
946 2838 
391 391 
478 478 
572 572 
101 303 
611 203 
492 492 
838 2514 
636 211 
520 520 
793 263 
410 410 
798 2394 
649 649 
446 148 
624 1872 
505 505 
290 870 
542 542 
389 389 
296 98 
518 1554 
201 603 
907 2721 
662 662 
371 123 
477 477 
723 2169 
480 159 
489 162 
586 586 
143 47 
728 242 
593 1779 
627 627 
620 620 
905 2715 
557 557 
338 1014 
998 2994 
139 417 
335 111 
632 632 
469 155 
453 453 
418 138 
374 1122 
392 130 
552 552 
459 459 
840 279 
335 335 
384 384 
851 283 
336 336 
514 514 
962 2886 
96 31 
679 2037 
227 75 
867 288 
194 64 
7 21 
660 1980 
22 66 
393 130 
737 245 
236 708 
186 558 
398 398 
662 1986 
911 2733 
493 493 
276 91 
610 202 
774 257 
939 2817 
872 290 
399 399 
596 596 
407 407 
141 46 
494 494 
538 1614 
381 381 
904 300 
843 280 
34 102 
11 33 
402 402 
601 601 
637 637 
544 544 
201 66 
429 429 
532 176 
833 277 
266 798 
889 2667 
492 163 
375 375 
611 611 
6 18 
393 393 
775 257 
491 491 
438 438 
32 10 
570 189 
493 163 
881 293 
766 254 
628 1884 
713 237 
319 105 
70 210 
514 1542 
222 666 
376 124 
404 404 
78 25 
467 1401 
383 383 
651 651 
598 198 
443 147 
532 1596 
497 1491 
803 267 
498 498 
544 180 
485 485 
804 267 
709 2127 
394 394 
666 666 
656 656 
556 1668 
613 613 
595 1785 
645 645 
568 568 
230 76 
370 122 
263 789 
761 253 
524 524 
227 681 
445 445 
767 2301 
343 1029 
785 2355 
373 123 
464 464 
107 321 
295 97 
713 2139 
208 68 
762 2286 
645 214 
511 1533 
478 158 
252 83 
612 612 
849 2547 
305 915 
928 308 
21 6 
635 1905 
674 2022 
302 100 
392 392 
637 1911 
536 1608 
593 197 
696 2088 
66 21 
422 422 
722 240 
417 417 
782 2346 
594 594 
405 405 
915 2745 
341 113 
936 311 
676 224 
571 1713 
345 345 
264 87 
546 546 
428 428 
39 117 
515 515 
270 89 
507 1521 
