165 13695
12 12 
60 60 
97 97 
126 126 
51 51 
3 3 
114 114 
29 29 
124 124 
122 122 
46 46 
127 127 
62 62 
88 88 
36 36 
83 83 
118 118 
53 53 
165 165 
13 13 
136 136 
130 130 
2 2 
93 93 
25 25 
68 68 
56 56 
55 55 
158 158 
43 43 
89 89 
70 70 
123 123 
145 145 
24 24 
120 120 
28 28 
156 156 
66 66 
61 61 
154 154 
91 91 
42 42 
78 78 
96 96 
54 54 
64 64 
143 143 
100 100 
26 26 
107 107 
45 45 
94 94 
104 104 
38 38 
128 128 
115 115 
80 80 
75 75 
33 33 
157 157 
71 71 
67 67 
131 131 
52 52 
146 146 
111 111 
9 9 
121 121 
138 138 
132 132 
59 59 
58 58 
15 15 
47 47 
41 41 
18 18 
32 32 
72 72 
17 17 
110 110 
112 112 
5 5 
74 74 
50 50 
144 144 
92 92 
116 116 
48 48 
159 159 
153 153 
82 82 
125 125 
117 117 
139 139 
44 44 
134 134 
35 35 
10 10 
34 34 
155 155 
73 73 
11 11 
69 69 
151 151 
39 39 
8 8 
135 135 
98 98 
147 147 
16 16 
99 99 
30 30 
31 31 
140 140 
149 149 
119 119 
141 141 
113 113 
105 105 
77 77 
162 162 
6 6 
150 150 
84 84 
21 21 
40 40 
148 148 
109 109 
27 27 
152 152 
23 23 
63 63 
4 4 
22 22 
137 137 
79 79 
20 20 
106 106 
37 37 
14 14 
164 164 
57 57 
133 133 
76 76 
86 86 
90 90 
81 81 
7 7 
161 161 
87 87 
1 1 
129 129 
85 85 
142 142 
65 65 
19 19 
103 103 
102 102 
163 163 
95 95 
160 160 
108 108 
49 49 
101 101 
