117 6903
26 26 
68 68 
13 13 
49 49 
114 114 
116 116 
36 36 
42 42 
63 63 
72 72 
71 71 
43 43 
54 54 
10 10 
60 60 
21 21 
66 66 
109 109 
35 35 
18 18 
67 67 
100 100 
5 5 
24 24 
87 87 
80 80 
105 105 
56 56 
32 32 
62 62 
107 107 
108 108 
74 74 
14 14 
3 3 
45 45 
99 99 
111 111 
96 96 
95 95 
34 34 
48 48 
97 97 
29 29 
1 1 
113 113 
55 55 
53 53 
89 89 
58 58 
12 12 
59 59 
77 77 
91 91 
23 23 
16 16 
7 7 
8 8 
38 38 
40 40 
57 57 
117 117 
83 83 
104 104 
39 39 
11 11 
86 86 
2 2 
27 27 
78 78 
41 41 
106 106 
75 75 
17 17 
46 46 
4 4 
6 6 
79 79 
22 22 
28 28 
81 81 
110 110 
33 33 
50 50 
64 64 
92 92 
73 73 
85 85 
61 61 
115 115 
84 84 
9 9 
65 65 
76 76 
93 93 
37 37 
51 51 
88 88 
69 69 
90 90 
15 15 
30 30 
70 70 
94 94 
103 103 
98 98 
112 112 
19 19 
102 102 
20 20 
52 52 
82 82 
44 44 
25 25 
31 31 
101 101 
47 47 
