163 13366
140 140 
51 51 
21 21 
61 61 
124 124 
158 158 
123 123 
106 106 
113 113 
163 163 
8 8 
64 64 
94 94 
59 59 
122 122 
3 3 
138 138 
95 95 
103 103 
159 159 
66 66 
20 20 
6 6 
137 137 
47 47 
83 83 
5 5 
69 69 
42 42 
75 75 
2 2 
45 45 
68 68 
105 105 
40 40 
32 32 
41 41 
1 1 
52 52 
28 28 
74 74 
130 130 
16 16 
136 136 
76 76 
117 117 
15 15 
90 90 
160 160 
27 27 
73 73 
77 77 
48 48 
104 104 
34 34 
26 26 
111 111 
72 72 
115 115 
43 43 
84 84 
22 22 
86 86 
127 127 
46 46 
7 7 
58 58 
71 71 
70 70 
125 125 
145 145 
14 14 
107 107 
88 88 
129 129 
149 149 
126 126 
78 78 
91 91 
18 18 
157 157 
56 56 
156 156 
152 152 
87 87 
143 143 
17 17 
98 98 
141 141 
150 150 
99 99 
79 79 
131 131 
116 116 
101 101 
38 38 
102 102 
4 4 
23 23 
11 11 
19 19 
120 120 
118 118 
12 12 
108 108 
60 60 
81 81 
85 85 
49 49 
154 154 
55 55 
29 29 
93 93 
121 121 
114 114 
161 161 
62 62 
151 151 
96 96 
133 133 
44 44 
57 57 
97 97 
89 89 
119 119 
146 146 
13 13 
35 35 
24 24 
155 155 
109 109 
36 36 
67 67 
148 148 
134 134 
25 25 
37 37 
53 53 
80 80 
153 153 
135 135 
63 63 
54 54 
142 142 
92 92 
9 9 
112 112 
65 65 
144 144 
139 139 
132 132 
82 82 
10 10 
162 162 
128 128 
147 147 
100 100 
50 50 
31 31 
33 33 
110 110 
30 30 
39 39 
