123 7626
106 106 
62 62 
100 100 
43 43 
18 18 
111 111 
122 122 
119 119 
85 85 
22 22 
33 33 
82 82 
19 19 
93 93 
41 41 
30 30 
59 59 
80 80 
4 4 
115 115 
120 120 
103 103 
79 79 
58 58 
48 48 
40 40 
118 118 
91 91 
92 92 
109 109 
108 108 
36 36 
46 46 
66 66 
20 20 
31 31 
83 83 
27 27 
87 87 
81 81 
61 61 
26 26 
29 29 
97 97 
70 70 
67 67 
63 63 
107 107 
99 99 
75 75 
49 49 
98 98 
3 3 
54 54 
6 6 
65 65 
71 71 
112 112 
95 95 
25 25 
123 123 
38 38 
73 73 
50 50 
15 15 
1 1 
72 72 
28 28 
17 17 
64 64 
117 117 
57 57 
51 51 
102 102 
104 104 
47 47 
105 105 
21 21 
121 121 
69 69 
56 56 
42 42 
55 55 
101 101 
2 2 
8 8 
76 76 
45 45 
84 84 
44 44 
114 114 
113 113 
12 12 
52 52 
88 88 
110 110 
116 116 
13 13 
78 78 
9 9 
32 32 
90 90 
24 24 
60 60 
96 96 
14 14 
89 89 
37 37 
74 74 
94 94 
34 34 
68 68 
5 5 
53 53 
16 16 
7 7 
86 86 
35 35 
77 77 
11 11 
10 10 
39 39 
23 23 
