198 19701
162 162 
126 126 
35 35 
91 91 
111 111 
97 97 
67 67 
133 133 
17 17 
173 173 
122 122 
15 15 
168 168 
25 25 
82 82 
72 72 
80 80 
106 106 
73 73 
85 85 
47 47 
166 166 
139 139 
121 121 
140 140 
32 32 
68 68 
74 74 
141 141 
45 45 
48 48 
143 143 
149 149 
27 27 
21 21 
131 131 
4 4 
28 28 
54 54 
44 44 
52 52 
190 190 
90 90 
176 176 
182 182 
22 22 
105 105 
125 125 
129 129 
2 2 
42 42 
172 172 
43 43 
64 64 
33 33 
158 158 
60 60 
117 117 
155 155 
77 77 
70 70 
114 114 
83 83 
195 195 
120 120 
113 113 
130 130 
103 103 
58 58 
197 197 
23 23 
132 132 
50 50 
146 146 
198 198 
124 124 
163 163 
1 1 
62 62 
63 63 
178 178 
98 98 
144 144 
191 191 
183 183 
116 116 
134 134 
16 16 
170 170 
180 180 
30 30 
184 184 
152 152 
66 66 
76 76 
119 119 
115 115 
39 39 
109 109 
49 49 
181 181 
186 186 
55 55 
137 137 
127 127 
86 86 
192 192 
165 165 
177 177 
171 171 
24 24 
164 164 
92 92 
78 78 
53 53 
138 138 
123 123 
151 151 
69 69 
110 110 
136 136 
3 3 
34 34 
10 10 
38 38 
5 5 
112 112 
135 135 
161 161 
19 19 
37 37 
145 145 
36 36 
79 79 
142 142 
89 89 
179 179 
95 95 
107 107 
29 29 
59 59 
93 93 
196 196 
87 87 
31 31 
9 9 
167 167 
88 88 
159 159 
175 175 
102 102 
6 6 
187 187 
193 193 
154 154 
57 57 
189 189 
100 100 
75 75 
157 157 
160 160 
194 194 
84 84 
46 46 
7 7 
81 81 
26 26 
71 71 
8 8 
12 12 
13 13 
94 94 
118 118 
174 174 
11 11 
169 169 
51 51 
148 148 
147 147 
41 41 
56 56 
153 153 
65 65 
96 96 
40 40 
188 188 
14 14 
61 61 
18 18 
108 108 
185 185 
128 128 
150 150 
101 101 
104 104 
99 99 
156 156 
20 20 
