146 10731
121 121 
82 82 
35 35 
20 20 
107 107 
49 49 
21 21 
137 137 
120 120 
39 39 
29 29 
104 104 
16 16 
75 75 
40 40 
14 14 
33 33 
68 68 
34 34 
83 83 
60 60 
144 144 
92 92 
72 72 
42 42 
51 51 
47 47 
62 62 
91 91 
118 118 
54 54 
111 111 
124 124 
8 8 
73 73 
126 126 
139 139 
36 36 
56 56 
81 81 
18 18 
45 45 
6 6 
85 85 
2 2 
145 145 
44 44 
134 134 
146 146 
57 57 
22 22 
101 101 
87 87 
90 90 
46 46 
110 110 
7 7 
117 117 
59 59 
28 28 
112 112 
4 4 
86 86 
50 50 
32 32 
106 106 
142 142 
30 30 
76 76 
129 129 
61 61 
65 65 
100 100 
99 99 
24 24 
71 71 
5 5 
78 78 
123 123 
31 31 
25 25 
9 9 
138 138 
27 27 
38 38 
66 66 
128 128 
103 103 
105 105 
48 48 
88 88 
3 3 
94 94 
37 37 
17 17 
115 115 
108 108 
12 12 
132 132 
131 131 
143 143 
109 109 
15 15 
69 69 
135 135 
97 97 
113 113 
55 55 
58 58 
96 96 
79 79 
23 23 
26 26 
130 130 
141 141 
10 10 
84 84 
114 114 
43 43 
116 116 
119 119 
52 52 
93 93 
122 122 
70 70 
64 64 
127 127 
67 67 
11 11 
1 1 
95 95 
74 74 
19 19 
125 125 
102 102 
41 41 
140 140 
98 98 
53 53 
63 63 
80 80 
133 133 
136 136 
89 89 
77 77 
13 13 
