189 17955
83 83 
85 85 
25 25 
118 118 
66 66 
154 154 
128 128 
161 161 
34 34 
175 175 
1 1 
4 4 
173 173 
65 65 
86 86 
151 151 
81 81 
132 132 
155 155 
56 56 
176 176 
71 71 
64 64 
58 58 
17 17 
41 41 
51 51 
72 72 
159 159 
36 36 
113 113 
139 139 
94 94 
133 133 
131 131 
44 44 
98 98 
89 89 
122 122 
147 147 
141 141 
26 26 
108 108 
184 184 
171 171 
134 134 
152 152 
22 22 
91 91 
78 78 
140 140 
9 9 
37 37 
121 121 
49 49 
73 73 
61 61 
111 111 
79 79 
117 117 
149 149 
142 142 
74 74 
33 33 
88 88 
157 157 
30 30 
47 47 
70 70 
27 27 
6 6 
23 23 
172 172 
42 42 
102 102 
67 67 
69 69 
146 146 
174 174 
166 166 
52 52 
40 40 
2 2 
143 143 
179 179 
130 130 
135 135 
29 29 
101 101 
182 182 
153 153 
116 116 
180 180 
156 156 
48 48 
188 188 
126 126 
144 144 
39 39 
32 32 
189 189 
68 68 
183 183 
46 46 
136 136 
19 19 
106 106 
148 148 
12 12 
103 103 
76 76 
21 21 
80 80 
10 10 
169 169 
160 160 
7 7 
167 167 
95 95 
63 63 
168 168 
82 82 
92 92 
45 45 
185 185 
90 90 
125 125 
115 115 
150 150 
100 100 
5 5 
97 97 
178 178 
75 75 
163 163 
59 59 
18 18 
104 104 
114 114 
112 112 
54 54 
129 129 
165 165 
28 28 
84 84 
38 38 
119 119 
55 55 
124 124 
87 87 
50 50 
31 31 
57 57 
170 170 
181 181 
164 164 
15 15 
62 62 
109 109 
127 127 
158 158 
145 145 
186 186 
35 35 
77 77 
3 3 
43 43 
110 110 
162 162 
60 60 
20 20 
24 24 
13 13 
99 99 
177 177 
187 187 
123 123 
14 14 
107 107 
105 105 
11 11 
53 53 
16 16 
120 120 
8 8 
137 137 
96 96 
138 138 
93 93 
