119 7140
55 55 
49 49 
64 64 
45 45 
104 104 
29 29 
93 93 
48 48 
58 58 
77 77 
71 71 
46 46 
28 28 
6 6 
88 88 
119 119 
75 75 
60 60 
82 82 
3 3 
94 94 
43 43 
65 65 
59 59 
41 41 
112 112 
18 18 
66 66 
76 76 
32 32 
116 116 
34 34 
20 20 
118 118 
54 54 
10 10 
117 117 
19 19 
35 35 
37 37 
27 27 
13 13 
4 4 
56 56 
107 107 
98 98 
62 62 
17 17 
68 68 
63 63 
1 1 
51 51 
44 44 
70 70 
79 79 
81 81 
33 33 
73 73 
12 12 
105 105 
113 113 
80 80 
50 50 
39 39 
24 24 
14 14 
87 87 
100 100 
78 78 
86 86 
99 99 
84 84 
47 47 
25 25 
111 111 
95 95 
85 85 
115 115 
61 61 
101 101 
8 8 
31 31 
108 108 
22 22 
53 53 
21 21 
114 114 
103 103 
42 42 
90 90 
109 109 
36 36 
102 102 
23 23 
92 92 
5 5 
83 83 
40 40 
106 106 
69 69 
11 11 
26 26 
7 7 
67 67 
16 16 
30 30 
52 52 
91 91 
96 96 
74 74 
89 89 
38 38 
57 57 
72 72 
15 15 
97 97 
9 9 
110 110 
2 2 
