181 16471
176 176 
10 10 
163 163 
49 49 
60 60 
130 130 
78 78 
148 148 
134 134 
23 23 
30 30 
165 165 
68 68 
59 59 
122 122 
108 108 
72 72 
28 28 
94 94 
86 86 
52 52 
4 4 
138 138 
140 140 
77 77 
13 13 
34 34 
6 6 
25 25 
35 35 
179 179 
131 131 
92 92 
145 145 
66 66 
129 129 
17 17 
19 19 
48 48 
150 150 
161 161 
42 42 
113 113 
167 167 
21 21 
73 73 
146 146 
126 126 
74 74 
114 114 
149 149 
54 54 
85 85 
175 175 
102 102 
69 69 
63 63 
166 166 
173 173 
154 154 
112 112 
120 120 
110 110 
58 58 
118 118 
159 159 
169 169 
119 119 
89 89 
99 99 
14 14 
109 109 
151 151 
143 143 
125 125 
98 98 
2 2 
15 15 
31 31 
62 62 
64 64 
29 29 
26 26 
132 132 
88 88 
12 12 
101 101 
127 127 
91 91 
43 43 
117 117 
124 124 
33 33 
53 53 
44 44 
153 153 
16 16 
11 11 
133 133 
50 50 
147 147 
80 80 
45 45 
181 181 
36 36 
40 40 
37 37 
105 105 
171 171 
123 123 
81 81 
174 174 
137 137 
103 103 
24 24 
144 144 
83 83 
160 160 
142 142 
141 141 
47 47 
41 41 
178 178 
162 162 
90 90 
164 164 
106 106 
156 156 
152 152 
75 75 
95 95 
5 5 
67 67 
111 111 
116 116 
79 79 
172 172 
100 100 
121 121 
7 7 
180 180 
170 170 
158 158 
97 97 
107 107 
93 93 
3 3 
104 104 
32 32 
38 38 
18 18 
96 96 
51 51 
27 27 
1 1 
9 9 
46 46 
71 71 
55 55 
177 177 
135 135 
115 115 
56 56 
8 8 
155 155 
57 57 
136 136 
70 70 
61 61 
168 168 
20 20 
65 65 
157 157 
139 139 
128 128 
39 39 
82 82 
87 87 
84 84 
22 22 
76 76 
