120 7260
104 104 
82 82 
92 92 
103 103 
49 49 
1 1 
81 81 
9 9 
111 111 
20 20 
16 16 
14 14 
10 10 
8 8 
29 29 
73 73 
64 64 
31 31 
12 12 
5 5 
86 86 
89 89 
91 91 
38 38 
19 19 
67 67 
18 18 
99 99 
41 41 
116 116 
83 83 
39 39 
113 113 
53 53 
68 68 
55 55 
107 107 
43 43 
117 117 
75 75 
74 74 
96 96 
106 106 
87 87 
57 57 
101 101 
36 36 
115 115 
79 79 
17 17 
3 3 
98 98 
22 22 
61 61 
13 13 
59 59 
93 93 
28 28 
44 44 
54 54 
109 109 
21 21 
120 120 
70 70 
11 11 
62 62 
72 72 
119 119 
40 40 
30 30 
23 23 
2 2 
56 56 
110 110 
90 90 
65 65 
33 33 
45 45 
85 85 
58 58 
48 48 
108 108 
80 80 
25 25 
112 112 
34 34 
15 15 
76 76 
35 35 
105 105 
118 118 
46 46 
47 47 
50 50 
84 84 
69 69 
71 71 
7 7 
88 88 
26 26 
97 97 
37 37 
24 24 
77 77 
42 42 
4 4 
100 100 
95 95 
78 78 
114 114 
60 60 
32 32 
52 52 
66 66 
6 6 
27 27 
102 102 
51 51 
63 63 
94 94 
