180 16290
80 80 
27 27 
130 130 
38 38 
26 26 
13 13 
169 169 
135 135 
115 115 
157 157 
140 140 
162 162 
79 79 
160 160 
4 4 
60 60 
167 167 
165 165 
177 177 
74 74 
156 156 
42 42 
30 30 
75 75 
17 17 
114 114 
33 33 
40 40 
28 28 
46 46 
120 120 
172 172 
166 166 
65 65 
108 108 
69 69 
95 95 
98 98 
29 29 
105 105 
107 107 
173 173 
91 91 
35 35 
77 77 
90 90 
161 161 
176 176 
48 48 
113 113 
12 12 
116 116 
153 153 
119 119 
111 111 
158 158 
1 1 
18 18 
142 142 
87 87 
6 6 
136 136 
127 127 
51 51 
151 151 
31 31 
138 138 
104 104 
84 84 
152 152 
129 129 
49 49 
164 164 
62 62 
89 89 
34 34 
137 137 
117 117 
2 2 
180 180 
150 150 
47 47 
144 144 
59 59 
56 56 
52 52 
139 139 
134 134 
43 43 
124 124 
14 14 
54 54 
41 41 
126 126 
16 16 
70 70 
53 53 
93 93 
68 68 
102 102 
110 110 
118 118 
71 71 
99 99 
10 10 
133 133 
147 147 
73 73 
66 66 
122 122 
8 8 
37 37 
9 9 
88 88 
57 57 
64 64 
112 112 
97 97 
170 170 
32 32 
25 25 
83 83 
45 45 
72 72 
3 3 
19 19 
21 21 
39 39 
76 76 
94 94 
131 131 
109 109 
179 179 
128 128 
61 61 
154 154 
143 143 
7 7 
81 81 
78 78 
63 63 
148 148 
100 100 
20 20 
55 55 
106 106 
11 11 
174 174 
58 58 
175 175 
15 15 
24 24 
146 146 
149 149 
96 96 
125 125 
103 103 
132 132 
121 121 
23 23 
50 50 
163 163 
171 171 
82 82 
168 168 
155 155 
22 22 
141 141 
159 159 
67 67 
85 85 
36 36 
86 86 
92 92 
101 101 
123 123 
178 178 
145 145 
44 44 
5 5 
