160 12880
122 122 
29 29 
50 50 
123 123 
37 37 
57 57 
139 139 
135 135 
72 72 
12 12 
58 58 
77 77 
43 43 
20 20 
105 105 
87 87 
91 91 
16 16 
6 6 
146 146 
103 103 
78 78 
76 76 
68 68 
121 121 
73 73 
85 85 
117 117 
21 21 
22 22 
34 34 
69 69 
145 145 
113 113 
67 67 
13 13 
61 61 
111 111 
96 96 
127 127 
95 95 
59 59 
74 74 
18 18 
62 62 
130 130 
4 4 
142 142 
33 33 
99 99 
31 31 
92 92 
141 141 
70 70 
28 28 
84 84 
148 148 
64 64 
42 42 
136 136 
44 44 
156 156 
137 137 
126 126 
40 40 
25 25 
116 116 
93 93 
79 79 
60 60 
65 65 
19 19 
149 149 
153 153 
86 86 
39 39 
101 101 
119 119 
45 45 
1 1 
41 41 
14 14 
138 138 
10 10 
124 124 
134 134 
159 159 
97 97 
2 2 
115 115 
125 125 
47 47 
102 102 
26 26 
24 24 
5 5 
147 147 
54 54 
75 75 
98 98 
71 71 
35 35 
94 94 
112 112 
143 143 
32 32 
157 157 
152 152 
107 107 
27 27 
100 100 
106 106 
52 52 
48 48 
81 81 
23 23 
7 7 
63 63 
108 108 
140 140 
109 109 
53 53 
160 160 
110 110 
129 129 
82 82 
38 38 
8 8 
11 11 
17 17 
36 36 
83 83 
3 3 
55 55 
56 56 
154 154 
88 88 
90 90 
89 89 
15 15 
150 150 
118 118 
49 49 
104 104 
9 9 
133 133 
131 131 
51 51 
155 155 
128 128 
158 158 
80 80 
46 46 
30 30 
132 132 
66 66 
151 151 
144 144 
120 120 
114 114 
