136 9316
128 128 
9 9 
11 11 
5 5 
89 89 
66 66 
81 81 
129 129 
16 16 
44 44 
56 56 
123 123 
27 27 
98 98 
125 125 
26 26 
40 40 
67 67 
111 111 
135 135 
2 2 
43 43 
39 39 
3 3 
83 83 
124 124 
118 118 
52 52 
90 90 
53 53 
41 41 
22 22 
117 117 
10 10 
87 87 
78 78 
72 72 
92 92 
74 74 
30 30 
84 84 
133 133 
106 106 
75 75 
48 48 
120 120 
4 4 
93 93 
127 127 
36 36 
32 32 
101 101 
60 60 
130 130 
12 12 
58 58 
25 25 
35 35 
13 13 
100 100 
114 114 
96 96 
18 18 
29 29 
37 37 
15 15 
113 113 
49 49 
104 104 
57 57 
46 46 
73 73 
24 24 
88 88 
131 131 
86 86 
17 17 
80 80 
108 108 
23 23 
71 71 
6 6 
76 76 
61 61 
31 31 
28 28 
51 51 
132 132 
34 34 
69 69 
38 38 
122 122 
63 63 
8 8 
47 47 
45 45 
70 70 
65 65 
105 105 
42 42 
50 50 
119 119 
94 94 
109 109 
20 20 
91 91 
115 115 
7 7 
1 1 
79 79 
82 82 
116 116 
54 54 
99 99 
97 97 
85 85 
107 107 
68 68 
19 19 
112 112 
64 64 
55 55 
126 126 
62 62 
33 33 
121 121 
134 134 
136 136 
77 77 
110 110 
59 59 
102 102 
14 14 
21 21 
103 103 
95 95 
