148 11026
132 132 
39 39 
144 144 
102 102 
34 34 
122 122 
38 38 
13 13 
31 31 
128 128 
46 46 
124 124 
29 29 
130 130 
117 117 
14 14 
126 126 
18 18 
76 76 
47 47 
107 107 
53 53 
89 89 
134 134 
145 145 
5 5 
65 65 
114 114 
109 109 
118 118 
104 104 
11 11 
112 112 
75 75 
44 44 
51 51 
21 21 
92 92 
138 138 
98 98 
70 70 
69 69 
140 140 
105 105 
25 25 
90 90 
106 106 
83 83 
42 42 
137 137 
26 26 
143 143 
19 19 
57 57 
99 99 
72 72 
22 22 
87 87 
96 96 
110 110 
73 73 
24 24 
55 55 
95 95 
103 103 
88 88 
41 41 
78 78 
1 1 
63 63 
10 10 
133 133 
68 68 
23 23 
12 12 
64 64 
54 54 
111 111 
27 27 
123 123 
101 101 
66 66 
115 115 
8 8 
131 131 
3 3 
2 2 
74 74 
30 30 
80 80 
15 15 
32 32 
61 61 
48 48 
6 6 
52 52 
93 93 
116 116 
37 37 
139 139 
77 77 
147 147 
36 36 
119 119 
7 7 
16 16 
142 142 
71 71 
121 121 
67 67 
81 81 
79 79 
136 136 
146 146 
4 4 
129 129 
45 45 
62 62 
59 59 
82 82 
86 86 
97 97 
91 91 
33 33 
127 127 
94 94 
17 17 
84 84 
50 50 
28 28 
35 35 
108 108 
56 56 
148 148 
113 113 
43 43 
9 9 
100 100 
125 125 
141 141 
135 135 
49 49 
58 58 
40 40 
60 60 
120 120 
85 85 
20 20 
