126 8001
123 123 
6 6 
50 50 
106 106 
121 121 
23 23 
8 8 
105 105 
54 54 
93 93 
10 10 
27 27 
118 118 
53 53 
61 61 
67 67 
47 47 
18 18 
82 82 
113 113 
66 66 
100 100 
1 1 
97 97 
88 88 
49 49 
116 116 
9 9 
99 99 
4 4 
14 14 
119 119 
79 79 
71 71 
112 112 
11 11 
87 87 
98 98 
76 76 
20 20 
25 25 
65 65 
45 45 
37 37 
42 42 
64 64 
44 44 
13 13 
77 77 
3 3 
73 73 
56 56 
24 24 
35 35 
74 74 
115 115 
55 55 
80 80 
36 36 
72 72 
120 120 
103 103 
95 95 
15 15 
109 109 
126 126 
70 70 
19 19 
31 31 
2 2 
62 62 
16 16 
43 43 
104 104 
59 59 
75 75 
124 124 
21 21 
52 52 
94 94 
29 29 
110 110 
5 5 
34 34 
78 78 
122 122 
81 81 
114 114 
85 85 
12 12 
60 60 
63 63 
39 39 
33 33 
86 86 
91 91 
26 26 
68 68 
125 125 
57 57 
48 48 
51 51 
32 32 
84 84 
22 22 
108 108 
90 90 
89 89 
102 102 
7 7 
96 96 
111 111 
41 41 
30 30 
92 92 
107 107 
38 38 
28 28 
69 69 
58 58 
117 117 
101 101 
40 40 
46 46 
83 83 
17 17 
