194 18915
27 27 
111 111 
131 131 
148 148 
175 175 
46 46 
139 139 
113 113 
92 92 
20 20 
136 136 
80 80 
123 123 
98 98 
85 85 
186 186 
109 109 
105 105 
64 64 
96 96 
97 97 
182 182 
65 65 
36 36 
173 173 
88 88 
30 30 
43 43 
132 132 
24 24 
171 171 
154 154 
166 166 
22 22 
189 189 
4 4 
130 130 
174 174 
178 178 
61 61 
57 57 
141 141 
49 49 
188 188 
12 12 
164 164 
156 156 
162 162 
119 119 
153 153 
147 147 
129 129 
112 112 
59 59 
17 17 
8 8 
180 180 
16 16 
56 56 
157 157 
150 150 
81 81 
55 55 
58 58 
63 63 
87 87 
18 18 
6 6 
120 120 
38 38 
187 187 
191 191 
143 143 
29 29 
11 11 
103 103 
163 163 
158 158 
184 184 
94 94 
142 142 
152 152 
104 104 
19 19 
5 5 
25 25 
140 140 
83 83 
159 159 
51 51 
74 74 
101 101 
107 107 
77 77 
2 2 
151 151 
3 3 
39 39 
134 134 
185 185 
116 116 
145 145 
1 1 
102 102 
193 193 
133 133 
93 93 
160 160 
79 79 
95 95 
31 31 
60 60 
106 106 
50 50 
144 144 
117 117 
53 53 
169 169 
69 69 
179 179 
177 177 
7 7 
9 9 
70 70 
86 86 
45 45 
48 48 
32 32 
161 161 
33 33 
118 118 
67 67 
127 127 
10 10 
190 190 
99 99 
66 66 
168 168 
73 73 
124 124 
34 34 
122 122 
14 14 
90 90 
149 149 
125 125 
89 89 
23 23 
137 137 
165 165 
121 121 
42 42 
128 128 
28 28 
110 110 
100 100 
76 76 
146 146 
37 37 
21 21 
108 108 
54 54 
44 44 
170 170 
115 115 
155 155 
35 35 
41 41 
75 75 
72 72 
176 176 
181 181 
68 68 
138 138 
135 135 
82 82 
26 26 
172 172 
78 78 
126 126 
91 91 
194 194 
52 52 
71 71 
84 84 
167 167 
15 15 
47 47 
62 62 
114 114 
40 40 
13 13 
192 192 
183 183 
