127 8128
82 82 
18 18 
125 125 
104 104 
70 70 
127 127 
45 45 
81 81 
68 68 
51 51 
108 108 
72 72 
122 122 
111 111 
77 77 
13 13 
126 126 
25 25 
109 109 
61 61 
98 98 
103 103 
112 112 
9 9 
8 8 
113 113 
23 23 
89 89 
79 79 
26 26 
121 121 
78 78 
22 22 
7 7 
62 62 
106 106 
30 30 
5 5 
100 100 
99 99 
116 116 
87 87 
54 54 
41 41 
63 63 
20 20 
55 55 
110 110 
96 96 
124 124 
44 44 
11 11 
57 57 
42 42 
17 17 
118 118 
80 80 
2 2 
28 28 
60 60 
102 102 
74 74 
46 46 
93 93 
120 120 
119 119 
65 65 
85 85 
95 95 
32 32 
123 123 
83 83 
34 34 
33 33 
43 43 
76 76 
48 48 
19 19 
69 69 
91 91 
84 84 
15 15 
86 86 
66 66 
73 73 
56 56 
64 64 
117 117 
105 105 
97 97 
27 27 
67 67 
40 40 
94 94 
35 35 
58 58 
115 115 
49 49 
107 107 
29 29 
71 71 
16 16 
90 90 
3 3 
10 10 
4 4 
114 114 
53 53 
36 36 
24 24 
92 92 
6 6 
1 1 
12 12 
101 101 
52 52 
59 59 
38 38 
75 75 
47 47 
50 50 
39 39 
21 21 
37 37 
14 14 
31 31 
88 88 
