141 10011
107 107 
111 111 
46 46 
34 34 
64 64 
52 52 
69 69 
117 117 
108 108 
20 20 
50 50 
57 57 
92 92 
63 63 
109 109 
104 104 
25 25 
47 47 
21 21 
17 17 
101 101 
76 76 
38 38 
93 93 
113 113 
122 122 
22 22 
99 99 
67 67 
49 49 
131 131 
65 65 
136 136 
27 27 
11 11 
87 87 
135 135 
120 120 
140 140 
78 78 
36 36 
41 41 
80 80 
19 19 
43 43 
75 75 
105 105 
29 29 
48 48 
119 119 
71 71 
3 3 
124 124 
60 60 
84 84 
4 4 
31 31 
90 90 
73 73 
102 102 
106 106 
82 82 
66 66 
30 30 
116 116 
85 85 
1 1 
89 89 
95 95 
5 5 
115 115 
134 134 
118 118 
133 133 
96 96 
68 68 
24 24 
9 9 
91 91 
98 98 
129 129 
110 110 
53 53 
28 28 
35 35 
94 94 
55 55 
77 77 
137 137 
37 37 
81 81 
8 8 
70 70 
114 114 
56 56 
51 51 
33 33 
18 18 
14 14 
7 7 
125 125 
13 13 
10 10 
83 83 
100 100 
139 139 
32 32 
42 42 
2 2 
141 141 
26 26 
74 74 
86 86 
39 39 
59 59 
40 40 
23 23 
12 12 
44 44 
15 15 
128 128 
126 126 
138 138 
88 88 
72 72 
112 112 
45 45 
103 103 
127 127 
123 123 
79 79 
16 16 
6 6 
97 97 
58 58 
121 121 
54 54 
132 132 
62 62 
130 130 
61 61 
