111 6216
23 23 
92 92 
32 32 
88 88 
57 57 
111 111 
49 49 
70 70 
48 48 
56 56 
29 29 
79 79 
107 107 
14 14 
72 72 
19 19 
40 40 
73 73 
31 31 
53 53 
98 98 
41 41 
67 67 
76 76 
9 9 
22 22 
34 34 
75 75 
81 81 
60 60 
4 4 
110 110 
106 106 
91 91 
71 71 
82 82 
99 99 
5 5 
86 86 
42 42 
63 63 
85 85 
97 97 
17 17 
93 93 
38 38 
10 10 
58 58 
39 39 
108 108 
8 8 
33 33 
45 45 
26 26 
44 44 
83 83 
47 47 
87 87 
50 50 
21 21 
84 84 
11 11 
35 35 
96 96 
51 51 
100 100 
74 74 
36 36 
25 25 
94 94 
6 6 
16 16 
64 64 
66 66 
13 13 
78 78 
101 101 
2 2 
12 12 
102 102 
1 1 
54 54 
59 59 
37 37 
80 80 
55 55 
46 46 
61 61 
65 65 
105 105 
62 62 
109 109 
7 7 
27 27 
77 77 
103 103 
3 3 
52 52 
68 68 
30 30 
43 43 
95 95 
20 20 
18 18 
90 90 
104 104 
15 15 
24 24 
69 69 
28 28 
89 89 
