113 6441
21 21 
75 75 
29 29 
40 40 
79 79 
106 106 
28 28 
1 1 
42 42 
27 27 
31 31 
39 39 
103 103 
35 35 
80 80 
86 86 
58 58 
22 22 
44 44 
68 68 
16 16 
91 91 
85 85 
95 95 
111 111 
10 10 
6 6 
43 43 
66 66 
67 67 
69 69 
73 73 
25 25 
33 33 
97 97 
100 100 
47 47 
9 9 
51 51 
65 65 
32 32 
12 12 
89 89 
82 82 
71 71 
30 30 
49 49 
46 46 
76 76 
88 88 
70 70 
3 3 
41 41 
50 50 
84 84 
87 87 
14 14 
5 5 
105 105 
92 92 
11 11 
93 93 
55 55 
77 77 
78 78 
101 101 
81 81 
63 63 
108 108 
45 45 
59 59 
53 53 
19 19 
60 60 
8 8 
98 98 
4 4 
102 102 
62 62 
113 113 
64 64 
7 7 
83 83 
99 99 
56 56 
34 34 
20 20 
57 57 
18 18 
54 54 
36 36 
104 104 
38 38 
24 24 
110 110 
72 72 
13 13 
23 23 
52 52 
61 61 
48 48 
15 15 
109 109 
94 94 
17 17 
74 74 
2 2 
90 90 
107 107 
26 26 
96 96 
112 112 
37 37 
