124 7750
46 46 
8 8 
22 22 
9 9 
75 75 
24 24 
53 53 
85 85 
106 106 
47 47 
10 10 
99 99 
78 78 
83 83 
40 40 
68 68 
70 70 
74 74 
23 23 
119 119 
88 88 
98 98 
112 112 
69 69 
35 35 
31 31 
62 62 
30 30 
79 79 
76 76 
1 1 
61 61 
14 14 
13 13 
104 104 
60 60 
101 101 
27 27 
51 51 
94 94 
116 116 
100 100 
55 55 
108 108 
11 11 
3 3 
67 67 
52 52 
121 121 
123 123 
66 66 
12 12 
15 15 
124 124 
117 117 
109 109 
42 42 
71 71 
43 43 
56 56 
36 36 
114 114 
16 16 
122 122 
80 80 
48 48 
82 82 
73 73 
49 49 
87 87 
19 19 
2 2 
50 50 
39 39 
45 45 
96 96 
57 57 
72 72 
91 91 
33 33 
118 118 
38 38 
25 25 
105 105 
84 84 
92 92 
32 32 
44 44 
34 34 
81 81 
4 4 
7 7 
5 5 
89 89 
26 26 
77 77 
64 64 
41 41 
58 58 
29 29 
54 54 
90 90 
111 111 
18 18 
103 103 
63 63 
113 113 
107 107 
20 20 
95 95 
17 17 
59 59 
6 6 
86 86 
115 115 
97 97 
37 37 
110 110 
65 65 
28 28 
102 102 
93 93 
21 21 
120 120 
