167 14028
161 161 
91 91 
30 30 
117 117 
134 134 
120 120 
158 158 
25 25 
79 79 
32 32 
89 89 
111 111 
167 167 
51 51 
119 119 
1 1 
164 164 
49 49 
123 123 
124 124 
101 101 
99 99 
31 31 
24 24 
41 41 
29 29 
26 26 
58 58 
75 75 
77 77 
46 46 
60 60 
56 56 
45 45 
97 97 
70 70 
139 139 
106 106 
50 50 
90 90 
151 151 
165 165 
152 152 
144 144 
35 35 
20 20 
95 95 
112 112 
73 73 
86 86 
7 7 
107 107 
40 40 
110 110 
38 38 
52 52 
19 19 
71 71 
157 157 
5 5 
67 67 
13 13 
23 23 
47 47 
153 153 
115 115 
14 14 
48 48 
22 22 
126 126 
78 78 
147 147 
53 53 
104 104 
160 160 
142 142 
125 125 
54 54 
6 6 
150 150 
163 163 
34 34 
69 69 
156 156 
2 2 
149 149 
84 84 
143 143 
61 61 
43 43 
66 66 
11 11 
122 122 
113 113 
3 3 
146 146 
116 116 
65 65 
138 138 
94 94 
17 17 
102 102 
85 85 
162 162 
64 64 
93 93 
18 18 
55 55 
159 159 
15 15 
80 80 
154 154 
130 130 
83 83 
12 12 
62 62 
44 44 
145 145 
21 21 
57 57 
136 136 
36 36 
27 27 
72 72 
135 135 
63 63 
103 103 
87 87 
8 8 
129 129 
128 128 
39 39 
82 82 
33 33 
88 88 
155 155 
109 109 
74 74 
92 92 
9 9 
108 108 
81 81 
127 127 
131 131 
28 28 
37 37 
76 76 
16 16 
137 137 
132 132 
133 133 
68 68 
59 59 
42 42 
121 121 
4 4 
98 98 
10 10 
148 148 
166 166 
100 100 
96 96 
141 141 
114 114 
105 105 
140 140 
118 118 
