1500 1000
270 810 
811 811 
880 880 
686 2058 
909 2727 
1027 341 
751 751 
108 324 
875 291 
989 989 
861 861 
638 638 
204 612 
624 624 
681 226 
216 648 
816 816 
279 92 
538 538 
1200 3600 
678 225 
594 197 
1384 4152 
189 62 
754 754 
731 2193 
1454 4362 
1380 459 
1068 3204 
1461 486 
732 732 
905 905 
322 106 
826 274 
643 643 
97 31 
877 877 
617 617 
564 564 
324 972 
186 61 
547 1641 
990 990 
852 852 
402 133 
856 856 
901 901 
1413 4239 
1081 359 
524 524 
1249 3747 
770 770 
719 2157 
736 736 
385 1155 
549 549 
634 1902 
247 81 
785 2355 
428 142 
645 645 
750 249 
494 164 
604 604 
921 921 
201 603 
1495 4485 
1137 3411 
920 920 
672 672 
299 99 
523 173 
520 520 
40 120 
687 687 
772 256 
1140 379 
805 267 
525 525 
1097 365 
812 812 
432 1296 
977 2931 
969 969 
715 715 
666 1998 
748 748 
524 1572 
1315 437 
143 429 
457 1371 
900 900 
730 730 
1157 385 
1312 436 
212 70 
840 840 
738 738 
933 310 
346 114 
83 249 
741 741 
629 629 
744 2232 
841 841 
1194 397 
562 186 
1455 4365 
1457 485 
1141 3423 
866 866 
970 2910 
1359 452 
593 197 
820 820 
1000 1000 
1487 495 
559 559 
792 792 
1230 409 
862 862 
463 153 
1319 3957 
117 38 
1049 3147 
380 1140 
109 35 
698 232 
990 2970 
1320 439 
843 280 
946 314 
107 321 
240 720 
992 330 
948 948 
1235 411 
995 995 
684 227 
932 932 
202 66 
858 2574 
847 847 
966 966 
210 630 
590 590 
725 241 
84 252 
928 2784 
1241 413 
961 961 
1089 362 
627 627 
121 363 
712 712 
61 183 
920 306 
1108 368 
771 771 
729 729 
933 2799 
757 757 
1103 3309 
912 912 
794 264 
1195 397 
589 589 
822 822 
1352 450 
825 2475 
873 290 
141 423 
967 967 
516 516 
666 666 
752 752 
295 97 
106 34 
292 876 
575 1725 
760 760 
132 396 
1006 3018 
895 895 
561 186 
1494 497 
803 267 
449 1347 
1184 3552 
948 315 
1232 410 
586 586 
690 690 
1029 3087 
248 744 
1384 460 
506 506 
805 805 
1231 409 
779 779 
807 807 
571 1713 
657 657 
306 918 
962 962 
397 131 
20 6 
974 2922 
785 261 
774 774 
554 554 
544 544 
709 709 
1191 3573 
1366 4098 
122 366 
508 508 
716 716 
230 76 
861 286 
988 988 
644 644 
557 557 
695 695 
1148 3444 
907 2721 
985 2955 
271 813 
470 156 
622 1866 
997 997 
586 194 
815 271 
897 2691 
946 2838 
788 788 
1437 478 
95 31 
971 971 
969 322 
833 833 
678 678 
423 140 
1436 478 
214 642 
889 295 
886 886 
242 726 
780 780 
760 252 
868 868 
697 697 
970 322 
1151 383 
984 984 
954 317 
865 2595 
1162 386 
543 1629 
983 327 
1300 432 
714 714 
633 633 
246 738 
240 79 
597 597 
739 739 
1333 443 
695 231 
1447 4341 
775 2325 
1171 3513 
609 609 
354 117 
943 943 
365 121 
52 16 
953 2859 
1178 3534 
510 510 
998 2994 
69 207 
1403 467 
633 1899 
649 649 
309 102 
917 917 
859 859 
794 794 
936 311 
958 958 
1143 380 
1146 3438 
330 990 
699 2097 
188 564 
835 835 
43 13 
172 516 
124 372 
703 703 
471 156 
733 243 
791 2373 
973 973 
407 135 
408 1224 
501 1503 
184 552 
521 173 
790 262 
1365 4095 
633 210 
694 2082 
839 839 
671 671 
838 278 
684 684 
101 303 
504 504 
1169 3507 
1352 4056 
813 813 
996 996 
101 33 
736 2208 
1469 489 
425 1275 
1270 3810 
688 2064 
667 667 
383 1149 
702 2106 
1127 3381 
613 1839 
523 523 
637 211 
407 1221 
1426 474 
208 68 
58 18 
1393 463 
789 789 
192 63 
1313 3939 
369 122 
1329 3987 
1262 3786 
585 585 
303 100 
1360 452 
652 1956 
1463 487 
568 568 
255 84 
1250 416 
1459 485 
658 658 
905 301 
558 185 
24 7 
829 829 
602 200 
531 1593 
1056 3168 
1019 339 
540 540 
984 2952 
758 758 
955 955 
1490 4470 
599 599 
1019 3057 
959 959 
701 701 
1308 3924 
1212 403 
26 8 
175 57 
949 949 
676 676 
831 276 
567 567 
1333 3999 
834 834 
634 634 
793 793 
891 891 
646 646 
1222 406 
629 1887 
607 607 
941 941 
1198 398 
40 12 
1493 497 
802 802 
978 978 
218 654 
949 315 
999 332 
1369 455 
1341 446 
873 873 
889 889 
937 937 
1391 4173 
1466 4398 
1499 499 
422 140 
1116 371 
1057 3171 
888 2664 
691 691 
1192 396 
1454 484 
131 393 
587 587 
1119 372 
1211 403 
958 2874 
855 855 
694 230 
64 192 
877 291 
283 849 
518 1554 
1235 3705 
1345 4035 
1070 3210 
1219 3657 
1382 460 
654 654 
903 903 
280 92 
701 233 
261 783 
926 926 
1416 471 
1218 3654 
727 241 
626 626 
533 177 
1157 3471 
1031 3093 
642 642 
938 938 
1094 3282 
249 747 
934 934 
779 2337 
251 83 
561 561 
1335 4005 
257 771 
817 817 
999 999 
1456 4368 
832 2496 
214 70 
582 1746 
683 683 
335 111 
475 1425 
771 2313 
88 28 
519 519 
876 2628 
1357 4071 
364 120 
637 637 
414 137 
913 913 
1164 3492 
721 721 
482 160 
700 2100 
287 95 
1254 3762 
1268 3804 
296 98 
797 797 
934 310 
1255 3765 
1028 342 
710 710 
72 23 
734 734 
582 193 
724 724 
1394 464 
843 2529 
1361 4083 
878 292 
651 216 
1147 3441 
985 985 
1286 3858 
1471 489 
660 660 
715 237 
1075 357 
550 182 
1466 488 
953 317 
869 869 
704 234 
77 231 
940 940 
647 647 
288 95 
1267 421 
865 865 
966 321 
1458 4374 
78 234 
591 591 
616 616 
537 537 
1406 468 
531 531 
899 899 
870 2610 
615 204 
768 768 
1317 3951 
796 796 
1052 350 
998 998 
792 263 
160 480 
1371 4113 
834 2502 
1440 479 
892 296 
836 278 
563 187 
885 885 
947 2841 
1272 3816 
584 584 
1310 3930 
965 965 
991 991 
1381 459 
879 879 
669 669 
115 345 
1420 472 
846 846 
635 635 
661 661 
1444 4332 
1329 442 
668 668 
95 285 
910 910 
1336 4008 
962 320 
929 2787 
548 548 
929 929 
516 171 
551 551 
401 133 
1099 3297 
837 837 
562 1686 
330 109 
945 945 
1260 3780 
102 306 
514 514 
456 1368 
757 2271 
706 706 
547 547 
648 648 
533 533 
915 915 
539 1617 
953 953 
571 571 
1470 4410 
901 299 
845 845 
892 892 
685 2055 
1026 341 
606 606 
756 756 
296 888 
1203 400 
900 299 
1476 491 
890 296 
476 1428 
1404 4212 
431 143 
577 191 
1439 4317 
1279 3837 
79 25 
560 560 
266 798 
828 828 
1334 4002 
537 178 
884 884 
1052 3156 
1197 398 
1460 4380 
663 663 
351 1053 
281 843 
595 595 
398 132 
773 773 
686 686 
314 942 
735 2205 
611 611 
399 132 
1058 352 
888 888 
517 517 
91 29 
809 2427 
833 2499 
197 65 
1113 3339 
831 831 
935 935 
1162 3486 
1089 3267 
44 14 
1207 401 
550 550 
261 86 
928 928 
225 675 
922 306 
1204 400 
1101 3303 
1074 357 
518 172 
295 885 
902 2706 
320 106 
1167 3501 
838 838 
637 1911 
451 149 
931 931 
818 272 
869 2607 
320 960 
1342 4026 
469 155 
464 1392 
897 897 
273 90 
67 201 
113 37 
623 623 
600 600 
939 939 
752 250 
680 226 
594 594 
427 141 
755 755 
682 682 
1208 3624 
534 177 
854 284 
527 527 
572 572 
957 957 
1318 3954 
1471 4413 
319 105 
1452 4356 
660 219 
618 618 
825 825 
903 300 
1154 384 
600 1800 
1220 3660 
795 795 
1430 4290 
536 536 
872 872 
796 264 
1390 4170 
507 507 
1451 4353 
651 651 
906 906 
100 32 
853 853 
699 232 
853 2559 
926 308 
51 153 
983 983 
1273 3819 
1306 434 
1397 465 
26 78 
786 786 
1380 4140 
764 2292 
890 2670 
725 725 
986 986 
530 1590 
605 605 
936 2808 
620 620 
1133 377 
800 800 
631 631 
574 190 
1025 3075 
601 1803 
679 679 
376 1128 
478 158 
940 2820 
502 502 
675 224 
467 155 
601 199 
775 775 
526 526 
573 573 
1421 473 
217 651 
19 57 
919 919 
808 808 
124 40 
539 539 
555 555 
735 735 
927 927 
1093 3279 
564 187 
583 583 
512 512 
1189 395 
1427 4281 
749 749 
818 818 
558 558 
917 305 
381 1143 
880 2640 
520 172 
858 858 
1088 3264 
96 288 
798 798 
1331 443 
812 2436 
1090 362 
563 563 
929 309 
799 799 
483 1449 
743 743 
1288 428 
782 2346 
576 576 
1291 429 
1327 3981 
236 708 
733 733 
150 49 
884 2652 
658 1974 
312 936 
664 664 
518 518 
952 952 
400 1200 
680 680 
553 553 
1273 423 
908 908 
921 306 
223 73 
466 1398 
1059 352 
985 327 
777 777 
1374 4122 
429 142 
1152 383 
258 774 
1077 3231 
65 195 
581 1743 
968 968 
904 2712 
472 1416 
1195 3585 
508 168 
1040 346 
937 311 
1037 345 
705 234 
1483 493 
1318 438 
1487 4461 
1476 4428 
723 723 
930 930 
970 970 
178 534 
468 155 
1046 348 
1343 447 
262 786 
759 759 
784 784 
486 161 
713 713 
1252 3756 
688 688 
1060 3180 
486 1458 
583 193 
731 731 
814 814 
19 5 
4 0 
582 582 
302 906 
728 728 
889 2667 
868 2604 
598 598 
363 1089 
534 1602 
1040 3120 
528 528 
745 745 
964 964 
844 844 
1022 340 
804 804 
689 689 
1386 461 
406 134 
897 298 
729 2187 
946 946 
1049 349 
1179 392 
513 513 
660 1980 
1388 462 
787 261 
371 1113 
809 809 
52 156 
50 16 
898 898 
393 1179 
922 922 
1402 466 
936 936 
157 51 
664 220 
315 104 
594 1782 
42 126 
881 293 
893 2679 
1083 3249 
705 705 
795 2385 
1481 493 
244 732 
1322 440 
60 180 
896 298 
963 2889 
110 330 
285 94 
746 746 
605 1815 
1106 3318 
699 699 
1221 406 
981 2943 
731 243 
566 188 
894 894 
185 555 
673 673 
1360 4080 
864 864 
353 117 
843 843 
766 766 
579 192 
974 974 
1107 3321 
603 200 
883 883 
674 674 
994 994 
335 1005 
977 977 
783 783 
664 1992 
1271 3813 
677 225 
972 972 
676 224 
450 149 
1010 3030 
430 142 
709 2127 
895 297 
980 2940 
663 220 
992 992 
1262 420 
1170 389 
636 636 
662 662 
1231 3693 
74 222 
437 145 
832 832 
839 279 
85 27 
798 265 
1010 336 
1409 4227 
1215 404 
491 1473 
944 944 
1479 4437 
867 867 
972 323 
652 652 
612 612 
830 830 
1407 4221 
535 177 
1370 456 
851 851 
1263 420 
522 522 
499 1497 
316 948 
543 543 
456 151 
896 2688 
1261 3783 
105 34 
394 1182 
405 1215 
1107 368 
980 326 
286 858 
517 171 
1316 438 
713 237 
374 1122 
758 252 
1255 417 
584 1752 
53 17 
765 765 
1382 4146 
440 146 
575 575 
961 319 
871 871 
1046 3138 
511 511 
142 46 
1031 343 
106 318 
967 321 
1141 379 
1249 415 
806 806 
1234 410 
1145 381 
1265 421 
960 960 
982 326 
732 243 
30 90 
1482 493 
881 881 
233 77 
1441 4323 
358 1074 
1304 434 
954 954 
602 602 
975 975 
1361 453 
1016 338 
1054 3162 
416 138 
987 987 
641 641 
65 21 
588 588 
962 2886 
942 942 
782 782 
1024 3072 
66 198 
1223 3669 
701 2103 
503 503 
720 720 
1080 3240 
129 387 
1264 420 
971 2913 
354 1062 
340 112 
187 561 
918 918 
100 300 
906 301 
659 659 
1200 399 
904 904 
737 737 
693 693 
909 909 
960 319 
1346 4038 
1240 3720 
973 2919 
1158 385 
641 1923 
894 297 
84 27 
1285 427 
1059 3177 
902 902 
1281 426 
722 722 
197 591 
535 535 
1435 4305 
718 718 
956 318 
494 1482 
1452 483 
1325 441 
1063 353 
875 875 
514 170 
785 785 
810 810 
670 670 
449 149 
593 593 
805 2415 
744 744 
306 101 
951 951 
1331 3993 
1064 3192 
784 2352 
111 36 
737 2211 
851 283 
505 505 
286 94 
696 696 
542 542 
590 196 
1442 4326 
10 2 
826 826 
360 1080 
305 101 
857 857 
955 317 
783 260 
1078 358 
227 681 
801 2403 
1276 424 
1015 337 
916 916 
726 726 
726 2178 
678 2034 
907 907 
559 185 
551 1653 
194 64 
944 2832 
945 314 
313 939 
1485 4455 
229 687 
1051 3153 
1037 3111 
827 827 
119 39 
704 704 
1479 492 
842 842 
10 30 
963 963 
436 144 
498 1494 
162 53 
950 950 
619 205 
362 120 
979 325 
1270 422 
639 1917 
981 981 
321 963 
702 233 
863 2589 
596 596 
1214 3642 
890 890 
577 577 
396 1188 
1425 4275 
77 25 
318 954 
38 114 
707 707 
1295 3885 
776 2328 
153 459 
1187 3561 
461 153 
265 795 
546 1638 
93 30 
541 541 
33 10 
619 619 
933 933 
848 848 
1243 413 
326 978 
92 276 
1309 435 
48 144 
791 791 
598 198 
823 823 
460 1380 
613 613 
462 1386 
819 819 
570 570 
539 179 
7 1 
532 532 
882 882 
949 2847 
388 128 
1473 490 
923 923 
870 870 
1069 355 
610 610 
1175 391 
552 183 
22 66 
976 324 
366 121 
309 927 
772 772 
557 185 
41 123 
808 268 
1211 3633 
1053 350 
1036 3108 
1298 432 
601 601 
323 969 
821 821 
711 2133 
767 767 
626 208 
123 40 
1489 495 
769 2307 
1003 333 
1475 4425 
534 534 
982 982 
529 529 
911 2733 
790 790 
636 1908 
469 1407 
692 692 
45 14 
915 2745 
120 360 
815 815 
639 639 
170 56 
310 930 
666 221 
781 781 
131 43 
209 627 
140 46 
361 119 
1394 4182 
1420 4260 
727 2181 
878 878 
487 1461 
750 750 
797 2391 
682 226 
711 711 
1201 3603 
866 288 
965 321 
1392 463 
515 515 
268 804 
630 630 
925 925 
895 2685 
654 1962 
681 2043 
702 702 
538 178 
1201 399 
700 700 
421 139 
741 2223 
924 924 
528 1584 
1501 499 
799 2397 
1062 3186 
1323 440 
603 603 
941 313 
574 1722 
71 23 
1172 3516 
825 274 
958 318 
1055 3165 
787 787 
696 231 
626 1878 
854 854 
565 565 
332 996 
398 1194 
319 957 
614 614 
836 2508 
612 203 
424 140 
665 665 
726 241 
911 911 
1486 494 
1199 3597 
136 44 
1417 4251 
1196 398 
947 947 
530 530 
474 1422 
656 656 
1422 4266 
896 896 
1307 435 
1186 3558 
420 1260 
1072 3216 
521 521 
513 170 
1001 3003 
447 148 
765 254 
640 640 
867 2601 
1243 3729 
135 405 
1338 4014 
1274 3822 
693 230 
983 2949 
263 789 
1076 358 
1269 3807 
386 128 
707 235 
959 2877 
874 290 
117 351 
576 191 
134 44 
685 685 
597 198 
774 2322 
776 258 
1458 485 
740 740 
1381 4143 
1287 3861 
300 900 
627 208 
1153 3459 
906 2718 
1287 428 
886 294 
801 801 
577 1731 
327 108 
876 876 
742 742 
1402 4206 
81 26 
1183 3549 
545 181 
767 255 
776 776 
98 32 
1139 3417 
753 2259 
1116 3348 
655 655 
935 2805 
375 124 
1271 423 
244 80 
569 569 
708 708 
1114 3342 
650 650 
719 719 
1036 344 
1193 3579 
556 556 
657 1971 
763 763 
135 44 
855 2565 
6 18 
708 235 
893 893 
769 769 
211 69 
762 762 
1091 3273 
823 2469 
1097 3291 
887 887 
384 127 
136 408 
979 979 
644 1932 
753 753 
698 698 
1306 3918 
194 582 
545 545 
764 764 
183 549 
507 168 
166 498 
1272 423 
957 318 
675 675 
677 677 
997 2991 
578 578 
991 2973 
625 625 
859 2577 
1446 4338 
976 976 
47 141 
275 91 
1330 3990 
592 592 
512 170 
618 1854 
836 836 
552 552 
1147 381 
290 96 
828 275 
129 42 
119 357 
574 574 
361 1083 
628 628 
696 2088 
595 1785 
742 246 
1247 3741 
622 622 
344 1032 
1202 3606 
747 747 
1109 369 
630 1890 
581 581 
1152 3456 
824 824 
608 608 
824 274 
857 2571 
636 211 
670 2010 
794 2382 
180 59 
632 632 
623 207 
939 2817 
1411 4233 
914 914 
234 702 
1057 351 
803 803 
850 850 
509 509 
1289 429 
122 40 
57 171 
761 761 
1390 462 
79 237 
621 621 
1443 4329 
374 124 
863 863 
1204 3612 
615 615 
43 129 
681 681 
1240 412 
1447 481 
550 1650 
1376 4128 
89 29 
1393 4179 
489 1467 
484 160 
778 778 
891 296 
325 975 
671 2013 
874 874 
127 41 
880 292 
562 562 
717 717 
956 956 
849 849 
967 2901 
915 304 
254 762 
566 566 
13 3 
694 694 
546 546 
727 727 
339 1017 
542 1626 
12 3 
579 579 
993 993 
980 980 
458 152 
580 580 
653 653 
860 860 
543 180 
