178 15931
111 111 
109 109 
159 159 
39 39 
63 63 
7 7 
133 133 
171 171 
165 165 
163 163 
122 122 
3 3 
102 102 
145 145 
178 178 
120 120 
16 16 
56 56 
108 108 
2 2 
73 73 
174 174 
60 60 
132 132 
147 147 
148 148 
87 87 
141 141 
127 127 
116 116 
170 170 
135 135 
167 167 
6 6 
114 114 
99 99 
24 24 
37 37 
164 164 
57 57 
59 59 
126 126 
79 79 
21 21 
80 80 
12 12 
112 112 
5 5 
27 27 
1 1 
113 113 
85 85 
75 75 
66 66 
121 121 
49 49 
33 33 
138 138 
22 22 
36 36 
97 97 
32 32 
177 177 
48 48 
149 149 
25 25 
128 128 
161 161 
110 110 
58 58 
104 104 
140 140 
46 46 
4 4 
82 82 
172 172 
45 45 
101 101 
50 50 
168 168 
83 83 
94 94 
115 115 
156 156 
61 61 
86 86 
162 162 
125 125 
157 157 
76 76 
69 69 
143 143 
129 129 
117 117 
34 34 
166 166 
107 107 
40 40 
137 137 
14 14 
41 41 
154 154 
158 158 
44 44 
130 130 
81 81 
136 136 
71 71 
169 169 
146 146 
118 118 
74 74 
90 90 
93 93 
155 155 
92 92 
139 139 
105 105 
152 152 
13 13 
78 78 
35 35 
19 19 
72 72 
42 42 
17 17 
151 151 
173 173 
54 54 
29 29 
15 15 
176 176 
11 11 
89 89 
53 53 
84 84 
64 64 
62 62 
106 106 
95 95 
98 98 
23 23 
26 26 
47 47 
134 134 
38 38 
10 10 
103 103 
65 65 
96 96 
9 9 
31 31 
160 160 
8 8 
123 123 
153 153 
119 119 
67 67 
91 91 
175 175 
52 52 
144 144 
88 88 
150 150 
28 28 
18 18 
77 77 
100 100 
142 142 
20 20 
30 30 
70 70 
68 68 
51 51 
55 55 
124 124 
131 131 
43 43 
