145 10585
114 114 
84 84 
19 19 
49 49 
74 74 
83 83 
29 29 
79 79 
94 94 
72 72 
117 117 
103 103 
3 3 
32 32 
133 133 
106 106 
25 25 
65 65 
22 22 
82 82 
23 23 
60 60 
125 125 
111 111 
112 112 
122 122 
54 54 
50 50 
44 44 
30 30 
101 101 
6 6 
10 10 
57 57 
118 118 
12 12 
46 46 
95 95 
27 27 
9 9 
48 48 
143 143 
17 17 
124 124 
136 136 
18 18 
123 123 
134 134 
67 67 
144 144 
1 1 
33 33 
105 105 
68 68 
89 89 
34 34 
14 14 
128 128 
63 63 
90 90 
24 24 
36 36 
55 55 
120 120 
131 131 
130 130 
35 35 
97 97 
85 85 
39 39 
88 88 
92 92 
53 53 
142 142 
62 62 
2 2 
75 75 
11 11 
52 52 
96 96 
99 99 
140 140 
59 59 
71 71 
64 64 
42 42 
80 80 
109 109 
135 135 
110 110 
93 93 
81 81 
87 87 
108 108 
37 37 
126 126 
21 21 
13 13 
15 15 
45 45 
127 127 
138 138 
70 70 
91 91 
7 7 
113 113 
31 31 
51 51 
129 129 
115 115 
69 69 
119 119 
73 73 
137 137 
40 40 
66 66 
77 77 
41 41 
20 20 
107 107 
104 104 
86 86 
98 98 
5 5 
43 43 
132 132 
4 4 
26 26 
8 8 
100 100 
76 76 
56 56 
16 16 
28 28 
61 61 
102 102 
141 141 
116 116 
38 38 
78 78 
121 121 
139 139 
58 58 
47 47 
145 145 
