173 15051
24 24 
99 99 
125 125 
89 89 
3 3 
143 143 
83 83 
43 43 
2 2 
55 55 
29 29 
22 22 
36 36 
132 132 
154 154 
96 96 
93 93 
102 102 
119 119 
70 70 
134 134 
139 139 
30 30 
91 91 
10 10 
136 136 
113 113 
121 121 
74 74 
32 32 
61 61 
75 75 
108 108 
8 8 
171 171 
59 59 
127 127 
130 130 
58 58 
86 86 
56 56 
107 107 
77 77 
49 49 
65 65 
115 115 
168 168 
167 167 
45 45 
163 163 
97 97 
42 42 
135 135 
38 38 
11 11 
51 51 
62 62 
81 81 
78 78 
15 15 
103 103 
72 72 
166 166 
14 14 
123 123 
6 6 
157 157 
39 39 
5 5 
90 90 
110 110 
140 140 
151 151 
87 87 
26 26 
120 120 
82 82 
164 164 
137 137 
28 28 
118 118 
60 60 
23 23 
124 124 
105 105 
33 33 
37 37 
156 156 
117 117 
46 46 
68 68 
128 128 
94 94 
162 162 
146 146 
155 155 
44 44 
126 126 
144 144 
66 66 
48 48 
165 165 
92 92 
129 129 
21 21 
4 4 
111 111 
122 122 
109 109 
34 34 
67 67 
20 20 
50 50 
12 12 
114 114 
40 40 
104 104 
170 170 
16 16 
172 172 
160 160 
85 85 
169 169 
112 112 
19 19 
35 35 
98 98 
84 84 
100 100 
31 31 
147 147 
57 57 
148 148 
69 69 
53 53 
101 101 
41 41 
71 71 
80 80 
150 150 
73 73 
18 18 
152 152 
133 133 
153 153 
1 1 
149 149 
76 76 
13 13 
63 63 
17 17 
138 138 
142 142 
141 141 
52 52 
158 158 
95 95 
131 131 
54 54 
145 145 
9 9 
106 106 
88 88 
7 7 
79 79 
47 47 
27 27 
161 161 
173 173 
159 159 
25 25 
64 64 
116 116 
