1500 7000
544 180 
64 192 
1259 3777 
1131 376 
121 363 
407 1221 
640 1920 
326 108 
969 969 
743 743 
395 1185 
721 721 
997 997 
521 521 
534 177 
1378 458 
1358 452 
1116 371 
676 2028 
1487 495 
883 293 
1361 4083 
1351 4053 
677 225 
26 8 
944 314 
742 2226 
851 851 
157 471 
908 908 
74 24 
298 98 
681 681 
94 30 
729 729 
787 261 
714 714 
209 69 
969 322 
502 502 
638 638 
552 183 
1375 4125 
899 899 
945 945 
946 946 
653 653 
365 121 
681 2043 
84 252 
663 663 
547 547 
1251 416 
483 1449 
631 631 
1028 342 
608 608 
539 539 
654 654 
254 762 
1012 336 
634 634 
856 284 
664 1992 
335 111 
19 5 
1037 3111 
774 2322 
660 660 
145 47 
1258 3774 
240 79 
1377 458 
190 570 
1200 3600 
1215 404 
560 560 
319 957 
1152 3456 
588 195 
1183 393 
511 511 
1439 4317 
1006 3018 
56 168 
1275 424 
587 195 
1049 3147 
41 13 
590 1770 
1148 382 
1140 379 
1362 453 
371 1113 
1262 3786 
284 852 
906 301 
506 506 
1185 394 
1116 3348 
754 754 
693 693 
252 83 
944 944 
598 198 
879 879 
456 1368 
776 258 
960 319 
523 1569 
1498 498 
1035 344 
855 284 
218 654 
1464 487 
769 769 
913 913 
1465 4395 
71 23 
895 895 
532 176 
739 739 
36 11 
907 907 
514 514 
1468 488 
136 44 
1324 3972 
839 839 
888 888 
912 912 
221 663 
669 669 
565 565 
600 1800 
612 203 
704 704 
650 216 
944 2832 
814 2442 
988 988 
910 910 
1213 403 
1475 4425 
1302 3906 
1313 3939 
513 1539 
736 736 
504 1512 
594 594 
990 329 
883 883 
779 779 
835 277 
806 806 
700 700 
552 552 
641 641 
200 600 
813 813 
636 636 
711 236 
933 933 
549 549 
682 226 
234 77 
947 2841 
1041 3123 
1427 475 
1163 3489 
1404 4212 
55 17 
571 571 
786 786 
459 152 
1094 3282 
66 198 
884 294 
672 223 
624 624 
845 2535 
818 818 
657 218 
623 623 
1364 454 
853 853 
711 711 
511 1533 
303 100 
399 132 
1457 4371 
119 39 
1470 489 
783 2349 
861 861 
1487 4461 
691 691 
1306 434 
650 1950 
913 2739 
430 1290 
689 689 
620 206 
706 706 
825 825 
1327 441 
1428 475 
408 135 
830 276 
573 1719 
465 1395 
940 940 
1185 3555 
869 869 
174 57 
1000 1000 
300 99 
932 932 
884 2652 
83 27 
785 261 
220 660 
1098 365 
1009 335 
915 915 
488 1464 
555 555 
834 834 
363 120 
104 312 
1466 4398 
1382 460 
72 216 
1164 387 
1306 3918 
1425 474 
638 212 
766 766 
903 903 
543 543 
1395 4185 
329 109 
641 1923 
1139 3417 
517 517 
1016 3048 
1010 3030 
671 671 
375 124 
738 245 
1120 372 
871 871 
157 51 
896 896 
443 1329 
1348 448 
567 1701 
745 745 
341 113 
168 504 
47 141 
808 268 
779 259 
740 2220 
754 2262 
678 678 
395 131 
767 767 
674 674 
668 222 
40 120 
673 673 
894 297 
642 642 
655 655 
35 105 
811 811 
812 812 
660 1980 
938 2814 
772 256 
666 666 
841 2523 
1460 486 
68 22 
7 21 
696 696 
152 456 
988 328 
335 1005 
856 856 
995 995 
1143 380 
768 255 
1157 3471 
212 636 
795 795 
598 598 
533 177 
1451 483 
519 519 
1004 334 
367 1101 
832 832 
728 2184 
937 937 
1271 3813 
420 1260 
23 7 
667 667 
677 677 
595 595 
362 120 
1424 4272 
615 204 
794 2382 
381 126 
630 630 
1221 406 
773 2319 
926 926 
487 161 
1426 474 
1353 4059 
636 211 
1411 469 
922 306 
1052 350 
782 782 
976 976 
1397 465 
344 114 
551 551 
820 272 
622 622 
948 315 
758 252 
409 1227 
1400 4200 
1137 3411 
584 584 
619 619 
1300 3900 
817 271 
1416 471 
1128 375 
169 507 
801 801 
1210 402 
799 799 
527 175 
825 2475 
662 662 
542 542 
105 315 
934 2802 
265 87 
805 805 
673 223 
701 701 
533 533 
446 148 
751 2253 
561 561 
790 262 
692 2076 
402 1206 
293 97 
958 958 
861 286 
582 582 
333 999 
383 1149 
775 2325 
712 712 
438 1314 
926 308 
216 648 
696 2088 
50 16 
498 165 
1043 3129 
611 611 
920 920 
297 891 
732 243 
563 563 
332 996 
1245 414 
536 536 
304 912 
931 931 
82 26 
649 649 
1126 374 
390 129 
269 807 
842 842 
621 621 
1304 3912 
958 318 
1181 3543 
169 55 
921 921 
586 586 
767 255 
16 4 
709 709 
546 546 
937 2811 
995 2985 
941 941 
591 1773 
102 33 
464 1392 
1447 481 
543 180 
970 970 
1281 3843 
527 527 
585 1755 
605 1815 
319 105 
1357 451 
471 1413 
438 145 
1484 494 
890 890 
458 1374 
828 828 
986 986 
750 750 
1096 3288 
146 438 
685 685 
802 802 
571 189 
388 1164 
999 999 
1447 4341 
950 950 
893 893 
796 2388 
444 147 
947 947 
596 596 
720 720 
935 935 
905 301 
926 2778 
781 781 
1187 3561 
625 625 
380 126 
1081 359 
745 2235 
98 32 
562 562 
1239 412 
391 1173 
815 815 
707 707 
764 2292 
290 870 
826 274 
804 804 
520 172 
911 911 
297 98 
757 757 
108 35 
694 694 
567 567 
850 2550 
733 2199 
1500 4500 
1177 3531 
1100 3300 
1074 357 
1405 4215 
726 726 
682 682 
974 974 
668 668 
627 1881 
1038 3114 
741 741 
589 1767 
1189 395 
850 850 
185 555 
1085 3255 
1051 349 
196 588 
910 302 
1444 4332 
917 2751 
823 823 
860 860 
311 933 
1448 4344 
1025 341 
606 606 
609 609 
846 846 
697 2091 
107 321 
859 859 
733 243 
839 279 
973 973 
272 816 
797 2391 
704 2112 
120 39 
938 938 
541 179 
544 544 
354 1062 
833 833 
691 229 
346 1038 
628 628 
500 1500 
1023 340 
1453 483 
855 855 
1256 3768 
870 870 
1398 465 
845 845 
961 961 
1214 3642 
880 880 
287 95 
654 217 
416 138 
977 977 
728 242 
1149 382 
683 683 
1291 3873 
1096 364 
1283 427 
538 538 
790 790 
1134 377 
1340 4020 
877 877 
949 949 
59 177 
1102 366 
1162 3486 
1470 4410 
865 865 
587 1761 
1291 429 
1188 395 
860 286 
373 1119 
132 43 
954 954 
950 316 
680 680 
1133 3399 
644 644 
334 1002 
648 648 
634 210 
686 2058 
513 513 
1028 3084 
1188 3564 
129 42 
600 199 
204 67 
388 128 
1363 4089 
285 855 
510 510 
919 2757 
349 115 
632 632 
744 744 
1436 478 
1466 488 
803 803 
1118 372 
584 1752 
650 650 
710 2130 
906 906 
964 2892 
1293 3879 
181 543 
261 86 
76 228 
1285 427 
1097 3291 
989 989 
779 2337 
250 750 
844 2532 
1088 3264 
1231 3693 
866 866 
523 523 
540 540 
1253 3759 
796 796 
60 19 
337 111 
778 778 
800 800 
564 564 
417 138 
285 94 
715 715 
205 67 
966 966 
732 732 
366 121 
1358 4074 
522 522 
217 651 
1336 4008 
1059 352 
1173 390 
819 2457 
1159 3477 
1033 343 
623 207 
228 684 
245 735 
637 637 
1087 361 
647 647 
507 507 
1322 440 
404 1212 
517 1551 
494 1482 
1415 4245 
457 1371 
558 558 
545 545 
1108 3324 
482 160 
891 891 
328 108 
763 763 
658 658 
900 900 
952 952 
676 224 
443 147 
44 132 
873 873 
382 126 
672 672 
909 909 
737 245 
902 902 
654 1962 
719 719 
737 737 
662 220 
969 2907 
717 717 
875 291 
15 4 
998 332 
394 1182 
119 357 
845 281 
711 2133 
1290 3870 
148 444 
955 955 
746 746 
943 943 
361 119 
917 305 
664 664 
176 58 
153 459 
515 1545 
137 45 
561 1683 
752 752 
1444 480 
1177 391 
1100 366 
768 768 
1231 409 
1317 438 
1270 3810 
670 670 
1346 4038 
687 687 
599 1797 
69 22 
621 1863 
719 239 
1300 432 
279 837 
865 287 
238 714 
425 141 
847 847 
1341 4023 
635 1905 
799 265 
919 919 
929 929 
821 821 
695 695 
91 273 
1091 363 
1087 3261 
573 573 
761 761 
666 221 
1017 3051 
922 922 
642 213 
525 174 
177 58 
9 2 
141 423 
722 722 
325 107 
617 617 
1321 439 
649 1947 
1489 4467 
808 808 
158 52 
1409 4227 
708 708 
897 897 
904 904 
616 616 
928 2784 
852 852 
987 987 
579 579 
867 867 
455 151 
1288 3864 
26 78 
3 9 
652 652 
807 807 
759 759 
465 154 
783 783 
580 1740 
1168 3504 
434 1302 
356 118 
1318 3954 
885 885 
505 1515 
286 858 
841 841 
876 876 
901 901 
1039 3117 
744 247 
942 942 
39 117 
270 89 
1468 4404 
125 41 
1329 442 
347 115 
975 2925 
1244 414 
1196 398 
929 309 
1441 4323 
512 512 
758 758 
92 30 
740 740 
206 68 
633 1899 
424 140 
827 827 
665 665 
1261 419 
1500 499 
589 195 
1355 4065 
801 2403 
556 556 
224 74 
1442 480 
743 2229 
586 194 
348 1044 
627 627 
384 127 
1202 3606 
449 1347 
75 225 
505 505 
504 167 
923 923 
805 267 
842 280 
1488 495 
215 71 
857 857 
1077 358 
400 1200 
846 281 
780 780 
648 1944 
659 659 
341 1023 
748 748 
1326 441 
1159 385 
1072 356 
706 234 
461 1383 
452 1356 
1315 3945 
959 2877 
142 426 
994 994 
576 576 
1040 3120 
1060 3180 
532 532 
1376 458 
1073 3219 
518 518 
844 844 
840 840 
656 656 
978 978 
798 798 
436 1308 
479 159 
305 101 
1411 4233 
99 297 
591 591 
607 607 
914 914 
878 878 
767 2301 
182 546 
101 303 
676 676 
886 886 
222 73 
840 2520 
381 1143 
578 192 
1095 3285 
1193 3579 
253 83 
661 661 
641 213 
531 531 
2 6 
975 975 
982 982 
1147 381 
1485 4455 
548 548 
896 298 
31 9 
263 87 
980 326 
932 310 
133 399 
895 297 
57 171 
530 1590 
735 735 
699 699 
498 1494 
568 568 
994 330 
535 177 
807 2421 
633 633 
635 635 
829 2487 
816 816 
274 90 
939 939 
530 530 
292 876 
186 558 
605 605 
291 96 
875 875 
1328 3984 
168 55 
788 788 
916 916 
959 959 
1410 469 
785 785 
688 688 
810 2430 
905 2715 
979 979 
51 16 
1212 3636 
1483 493 
881 881 
8 24 
529 529 
1351 449 
501 166 
931 2793 
784 784 
553 553 
472 156 
1156 384 
924 924 
1261 3783 
991 991 
903 300 
1082 3246 
572 572 
121 39 
762 762 
1187 395 
1412 470 
907 301 
1149 3447 
589 589 
884 884 
1156 3468 
278 92 
115 37 
64 20 
892 892 
574 574 
495 1485 
442 146 
894 2682 
715 237 
1107 3321 
583 583 
559 559 
318 105 
1343 4029 
508 508 
1333 3999 
908 2724 
1186 394 
1124 374 
239 717 
1203 400 
919 305 
224 672 
237 78 
579 192 
1345 447 
112 336 
1260 3780 
694 230 
193 63 
1458 4374 
606 201 
28 8 
602 602 
219 72 
781 259 
935 2805 
929 2787 
463 153 
74 222 
604 604 
981 2943 
81 243 
432 143 
830 830 
509 1527 
509 169 
1320 3960 
1118 3354 
1287 3861 
296 888 
84 27 
985 985 
451 149 
366 1098 
1197 3591 
698 2094 
713 2139 
235 77 
519 172 
557 557 
134 44 
49 15 
374 1122 
203 609 
864 864 
1471 489 
588 588 
1220 406 
597 198 
760 760 
351 1053 
778 258 
826 826 
1112 3336 
554 554 
645 645 
503 167 
508 168 
791 263 
13 3 
531 1593 
1240 412 
525 1575 
984 984 
1124 3372 
503 503 
739 245 
516 516 
1392 463 
948 948 
738 738 
1115 3345 
957 957 
376 1128 
615 615 
77 231 
1407 4221 
124 40 
538 1614 
773 773 
1008 335 
398 1194 
1359 452 
418 138 
255 765 
1120 3360 
791 791 
831 831 
614 614 
554 1662 
1018 338 
1008 3024 
870 289 
528 528 
733 733 
958 2874 
661 1983 
596 1788 
874 874 
838 838 
752 2256 
555 1665 
713 713 
810 810 
1366 4098 
837 837 
710 236 
576 1728 
1010 336 
612 1836 
851 2553 
578 578 
747 747 
742 742 
191 63 
1170 389 
68 204 
338 112 
601 601 
188 62 
917 917 
450 1350 
771 771 
613 613 
342 113 
255 84 
1119 372 
1237 3711 
730 730 
288 95 
223 669 
749 749 
1394 464 
795 2385 
643 643 
1106 368 
1459 485 
755 755 
1467 4401 
520 1560 
12 3 
887 2661 
776 776 
723 723 
1194 397 
708 235 
1198 398 
509 509 
66 21 
448 148 
794 794 
639 639 
604 200 
734 734 
843 843 
327 981 
873 2619 
817 817 
1423 4269 
990 990 
342 1026 
1452 4356 
597 597 
964 964 
765 765 
1429 475 
336 111 
139 45 
905 905 
611 1833 
1154 384 
903 2709 
789 789 
141 46 
1388 462 
899 299 
392 130 
962 962 
849 2547 
901 2703 
980 980 
1371 456 
70 210 
894 894 
289 95 
690 690 
537 178 
819 819 
1 3 
352 116 
536 178 
359 1077 
29 9 
702 702 
634 1902 
1104 367 
575 575 
560 1680 
1263 3789 
904 2712 
998 998 
1453 4359 
1428 4284 
515 515 
111 36 
412 136 
766 254 
898 898 
605 201 
1332 443 
33 99 
1078 358 
1210 3630 
1367 455 
759 252 
1224 3672 
887 887 
566 566 
1499 499 
270 810 
1285 3855 
731 731 
689 229 
283 849 
1297 431 
918 918 
577 577 
793 793 
541 1623 
194 582 
302 100 
824 824 
983 983 
1352 450 
299 897 
609 202 
707 2121 
960 960 
149 447 
934 934 
820 820 
840 279 
230 690 
761 2283 
806 268 
610 610 
1499 4497 
804 2412 
686 686 
930 2790 
868 868 
276 91 
993 993 
924 2772 
1276 3828 
411 136 
772 772 
844 280 
1364 4092 
524 524 
965 965 
458 152 
538 178 
836 836 
1478 4434 
769 2307 
504 504 
770 770 
981 981 
620 620 
1015 3045 
1023 3069 
38 114 
651 651 
718 718 
429 1287 
760 2280 
891 296 
585 585 
590 590 
380 1140 
1079 3237 
526 526 
960 2880 
1473 4419 
644 1932 
22 6 
775 775 
542 180 
889 889 
1227 408 
853 2559 
684 684 
612 612 
1021 3063 
1061 353 
582 193 
551 1653 
1464 4392 
862 862 
968 968 
1402 466 
879 2637 
854 854 
835 835 
792 792 
872 872 
271 813 
345 1035 
697 697 
1046 3138 
717 2151 
1331 3993 
1381 459 
105 34 
863 863 
1257 3771 
1374 457 
575 1725 
923 307 
280 92 
322 966 
686 228 
907 2721 
592 592 
587 587 
705 705 
1151 3453 
731 2193 
1066 354 
572 190 
1044 3132 
1446 4338 
1101 366 
679 679 
1095 364 
988 2964 
928 928 
925 2775 
724 724 
849 849 
953 953 
1267 421 
577 1731 
727 727 
753 753 
1456 484 
51 153 
725 725 
749 2247 
809 2427 
489 1467 
657 657 
1238 412 
215 645 
757 251 
1084 3252 
614 204 
198 594 
1138 3414 
996 996 
965 321 
178 58 
936 936 
1339 445 
973 2919 
446 1338 
635 211 
1111 3333 
1397 4191 
896 2688 
580 580 
1417 4251 
972 972 
703 703 
1450 4350 
777 777 
599 599 
998 2994 
732 2196 
983 2949 
748 248 
858 858 
695 2085 
501 1503 
774 774 
848 848 
603 603 
525 525 
541 541 
173 57 
718 2154 
122 366 
192 63 
595 197 
415 137 
646 646 
32 96 
535 535 
675 675 
1251 3753 
87 28 
208 68 
846 2538 
1065 354 
855 2565 
956 956 
814 814 
658 218 
324 107 
963 963 
581 581 
948 2844 
528 175 
600 600 
1071 356 
424 1272 
818 2454 
520 520 
175 57 
1029 3087 
408 1224 
1042 346 
232 696 
213 639 
150 49 
1254 3762 
1442 4326 
1461 4383 
930 930 
793 263 
1030 3090 
1068 355 
148 48 
618 618 
1036 344 
913 303 
363 1089 
1313 437 
728 728 
719 2157 
429 142 
797 797 
698 698 
640 640 
886 294 
1385 461 
1269 3807 
550 1650 
1399 465 
231 693 
391 129 
1441 479 
629 629 
92 276 
1235 3705 
1019 3057 
809 809 
256 84 
710 710 
81 26 
534 534 
570 570 
1145 3435 
389 129 
17 5 
1236 3708 
502 166 
756 756 
822 822 
294 882 
927 927 
992 992 
970 2910 
1109 3327 
247 81 
90 29 
937 311 
875 2625 
614 1842 
764 764 
674 2022 
716 716 
550 550 
569 569 
798 2394 
887 295 
829 829 
1401 4203 
88 28 
951 951 
593 593 
692 692 
206 618 
488 162 
831 276 
493 163 
14 42 
1412 4236 
925 925 
316 104 
1094 364 
466 154 
990 2970 
431 143 
787 787 
545 1635 
1427 4281 
370 122 
667 221 
469 155 
882 882 
751 751 
267 88 
537 537 
971 971 
897 2691 
574 1722 
626 626 
1014 337 
91 29 
288 864 
42 13 
1054 3162 
908 302 
674 224 
967 967 
468 1404 
715 2145 
591 196 
823 2469 
1003 3009 
407 135 
1344 447 
1353 450 
1434 4302 
1269 422 
