100 5050
30 30 
61 61 
25 25 
33 33 
6 6 
4 4 
49 49 
59 59 
16 16 
5 5 
92 92 
68 68 
83 83 
23 23 
26 26 
57 57 
39 39 
51 51 
18 18 
36 36 
73 73 
93 93 
1 1 
21 21 
60 60 
8 8 
47 47 
87 87 
69 69 
80 80 
94 94 
90 90 
54 54 
42 42 
56 56 
35 35 
88 88 
46 46 
75 75 
66 66 
91 91 
70 70 
38 38 
81 81 
84 84 
53 53 
96 96 
65 65 
15 15 
67 67 
86 86 
34 34 
44 44 
9 9 
58 58 
31 31 
74 74 
95 95 
82 82 
52 52 
19 19 
10 10 
89 89 
48 48 
55 55 
78 78 
37 37 
62 62 
27 27 
3 3 
22 22 
29 29 
63 63 
24 24 
41 41 
12 12 
64 64 
32 32 
2 2 
85 85 
79 79 
7 7 
77 77 
45 45 
50 50 
72 72 
28 28 
11 11 
17 17 
76 76 
14 14 
13 13 
99 99 
71 71 
20 20 
100 100 
98 98 
97 97 
40 40 
43 43 
