103 5356
83 83 
61 61 
102 102 
92 92 
101 101 
26 26 
42 42 
69 69 
91 91 
77 77 
39 39 
75 75 
87 87 
13 13 
50 50 
49 49 
89 89 
11 11 
21 21 
84 84 
3 3 
6 6 
78 78 
46 46 
28 28 
93 93 
33 33 
59 59 
8 8 
94 94 
37 37 
18 18 
103 103 
72 72 
55 55 
1 1 
82 82 
32 32 
43 43 
81 81 
47 47 
88 88 
63 63 
99 99 
57 57 
29 29 
7 7 
17 17 
85 85 
4 4 
15 15 
98 98 
2 2 
100 100 
24 24 
95 95 
44 44 
19 19 
35 35 
79 79 
64 64 
58 58 
96 96 
34 34 
56 56 
90 90 
71 71 
67 67 
54 54 
9 9 
80 80 
60 60 
52 52 
16 16 
51 51 
45 45 
23 23 
5 5 
22 22 
27 27 
53 53 
20 20 
41 41 
25 25 
86 86 
66 66 
76 76 
68 68 
14 14 
10 10 
38 38 
40 40 
36 36 
31 31 
30 30 
70 70 
12 12 
48 48 
73 73 
65 65 
97 97 
74 74 
62 62 
