184 17020
40 40 
167 167 
13 13 
165 165 
153 153 
15 15 
50 50 
33 33 
56 56 
118 118 
140 140 
8 8 
122 122 
90 90 
155 155 
125 125 
93 93 
37 37 
114 114 
74 74 
27 27 
66 66 
52 52 
18 18 
80 80 
43 43 
47 47 
97 97 
83 83 
9 9 
179 179 
36 36 
81 81 
24 24 
130 130 
79 79 
108 108 
99 99 
134 134 
20 20 
103 103 
163 163 
91 91 
26 26 
89 89 
42 42 
160 160 
113 113 
17 17 
1 1 
111 111 
44 44 
85 85 
35 35 
152 152 
41 41 
121 121 
132 132 
65 65 
147 147 
159 159 
176 176 
102 102 
14 14 
151 151 
69 69 
184 184 
142 142 
67 67 
2 2 
162 162 
7 7 
49 49 
174 174 
6 6 
161 161 
138 138 
150 150 
166 166 
98 98 
169 169 
4 4 
183 183 
61 61 
129 129 
178 178 
104 104 
62 62 
53 53 
109 109 
145 145 
124 124 
31 31 
57 57 
100 100 
87 87 
149 149 
51 51 
70 70 
143 143 
30 30 
64 64 
117 117 
110 110 
58 58 
170 170 
19 19 
77 77 
126 126 
5 5 
172 172 
182 182 
22 22 
12 12 
29 29 
177 177 
119 119 
59 59 
72 72 
75 75 
120 120 
63 63 
101 101 
25 25 
86 86 
92 92 
141 141 
11 11 
115 115 
105 105 
38 38 
28 28 
106 106 
95 95 
123 123 
96 96 
73 73 
21 21 
112 112 
158 158 
144 144 
154 154 
131 131 
181 181 
71 71 
45 45 
148 148 
39 39 
34 34 
10 10 
156 156 
171 171 
133 133 
164 164 
46 46 
107 107 
136 136 
180 180 
173 173 
82 82 
68 68 
78 78 
116 116 
16 16 
32 32 
127 127 
88 88 
128 128 
23 23 
60 60 
168 168 
55 55 
48 48 
137 137 
175 175 
157 157 
135 135 
139 139 
76 76 
94 94 
84 84 
54 54 
3 3 
146 146 
