152 11628
72 72 
88 88 
62 62 
22 22 
6 6 
86 86 
122 122 
142 142 
113 113 
147 147 
69 69 
47 47 
55 55 
131 131 
64 64 
59 59 
49 49 
2 2 
30 30 
151 151 
93 93 
14 14 
32 32 
29 29 
102 102 
12 12 
104 104 
81 81 
130 130 
149 149 
5 5 
61 61 
66 66 
78 78 
38 38 
71 71 
101 101 
100 100 
84 84 
79 79 
74 74 
75 75 
39 39 
139 139 
56 56 
4 4 
129 129 
27 27 
112 112 
114 114 
53 53 
119 119 
1 1 
28 28 
87 87 
132 132 
136 136 
40 40 
124 124 
21 21 
120 120 
118 118 
109 109 
36 36 
70 70 
115 115 
8 8 
9 9 
31 31 
10 10 
91 91 
138 138 
121 121 
65 65 
143 143 
105 105 
18 18 
60 60 
16 16 
94 94 
108 108 
133 133 
33 33 
150 150 
73 73 
95 95 
99 99 
52 52 
19 19 
11 11 
58 58 
26 26 
107 107 
123 123 
96 96 
34 34 
82 82 
23 23 
51 51 
7 7 
45 45 
145 145 
110 110 
125 125 
106 106 
92 92 
77 77 
135 135 
80 80 
141 141 
41 41 
117 117 
126 126 
17 17 
137 137 
89 89 
83 83 
57 57 
42 42 
97 97 
116 116 
15 15 
67 67 
148 148 
46 46 
128 128 
44 44 
144 144 
35 35 
20 20 
43 43 
111 111 
103 103 
85 85 
90 90 
37 37 
50 50 
3 3 
134 134 
25 25 
152 152 
68 68 
24 24 
140 140 
146 146 
63 63 
54 54 
13 13 
98 98 
48 48 
127 127 
76 76 
