168 14196
160 160 
164 164 
33 33 
159 159 
134 134 
77 77 
20 20 
85 85 
78 78 
14 14 
96 96 
44 44 
64 64 
140 140 
2 2 
127 127 
129 129 
76 76 
81 81 
50 50 
67 67 
65 65 
60 60 
166 166 
51 51 
12 12 
61 61 
142 142 
167 167 
126 126 
66 66 
73 73 
83 83 
63 63 
93 93 
41 41 
153 153 
13 13 
122 122 
120 120 
25 25 
56 56 
6 6 
45 45 
135 135 
57 57 
165 165 
149 149 
130 130 
110 110 
39 39 
162 162 
115 115 
42 42 
131 131 
128 128 
118 118 
68 68 
82 82 
95 95 
16 16 
168 168 
101 101 
147 147 
5 5 
15 15 
87 87 
155 155 
132 132 
106 106 
154 154 
79 79 
111 111 
146 146 
113 113 
34 34 
104 104 
21 21 
86 86 
143 143 
71 71 
89 89 
125 125 
24 24 
19 19 
145 145 
139 139 
49 49 
121 121 
40 40 
11 11 
124 124 
105 105 
69 69 
38 38 
138 138 
88 88 
4 4 
91 91 
119 119 
141 141 
23 23 
116 116 
58 58 
54 54 
151 151 
98 98 
163 163 
94 94 
84 84 
157 157 
112 112 
37 37 
150 150 
43 43 
46 46 
17 17 
28 28 
47 47 
90 90 
103 103 
1 1 
7 7 
156 156 
144 144 
22 22 
102 102 
74 74 
62 62 
99 99 
26 26 
8 8 
161 161 
117 117 
109 109 
133 133 
48 48 
59 59 
27 27 
97 97 
18 18 
80 80 
52 52 
10 10 
107 107 
114 114 
100 100 
152 152 
36 36 
92 92 
55 55 
3 3 
75 75 
32 32 
53 53 
158 158 
31 31 
108 108 
123 123 
30 30 
137 137 
72 72 
148 148 
29 29 
35 35 
9 9 
136 136 
70 70 
