193 18721
123 123 
53 53 
182 182 
188 188 
167 167 
191 191 
142 142 
30 30 
93 93 
111 111 
25 25 
189 189 
23 23 
61 61 
33 33 
28 28 
67 67 
1 1 
125 125 
21 21 
45 45 
90 90 
131 131 
172 172 
63 63 
98 98 
135 135 
190 190 
75 75 
102 102 
78 78 
114 114 
122 122 
103 103 
89 89 
91 91 
7 7 
86 86 
146 146 
20 20 
24 24 
177 177 
47 47 
170 170 
19 19 
43 43 
153 153 
35 35 
109 109 
127 127 
187 187 
64 64 
66 66 
126 126 
10 10 
145 145 
105 105 
106 106 
115 115 
85 85 
150 150 
110 110 
116 116 
169 169 
96 96 
55 55 
36 36 
46 46 
62 62 
108 108 
29 29 
159 159 
163 163 
173 173 
120 120 
134 134 
16 16 
101 101 
87 87 
155 155 
143 143 
13 13 
154 154 
88 88 
100 100 
171 171 
4 4 
148 148 
121 121 
112 112 
156 156 
48 48 
12 12 
118 118 
94 94 
184 184 
97 97 
175 175 
99 99 
147 147 
76 76 
74 74 
113 113 
140 140 
137 137 
152 152 
83 83 
139 139 
82 82 
15 15 
132 132 
17 17 
151 151 
185 185 
176 176 
39 39 
162 162 
77 77 
178 178 
104 104 
164 164 
34 34 
158 158 
180 180 
179 179 
133 133 
68 68 
149 149 
8 8 
128 128 
52 52 
157 157 
183 183 
73 73 
50 50 
107 107 
58 58 
69 69 
71 71 
32 32 
2 2 
186 186 
44 44 
165 165 
37 37 
84 84 
129 129 
6 6 
119 119 
161 161 
59 59 
65 65 
92 92 
18 18 
11 11 
136 136 
9 9 
174 174 
38 38 
141 141 
5 5 
72 72 
26 26 
14 14 
80 80 
3 3 
40 40 
79 79 
168 168 
81 81 
54 54 
160 160 
192 192 
51 51 
49 49 
70 70 
193 193 
138 138 
22 22 
117 117 
57 57 
41 41 
124 124 
144 144 
181 181 
27 27 
95 95 
60 60 
166 166 
130 130 
31 31 
42 42 
56 56 
