177 15753
45 45 
165 165 
132 132 
9 9 
169 169 
49 49 
86 86 
100 100 
163 163 
136 136 
103 103 
21 21 
172 172 
128 128 
20 20 
68 68 
111 111 
81 81 
29 29 
119 119 
142 142 
139 139 
118 118 
67 67 
12 12 
43 43 
155 155 
125 125 
87 87 
130 130 
148 148 
105 105 
53 53 
70 70 
42 42 
154 154 
126 126 
13 13 
47 47 
157 157 
135 135 
59 59 
96 96 
35 35 
10 10 
23 23 
147 147 
114 114 
76 76 
161 161 
98 98 
26 26 
162 162 
107 107 
91 91 
97 97 
95 95 
121 121 
170 170 
149 149 
64 64 
72 72 
32 32 
116 116 
112 112 
129 129 
33 33 
62 62 
11 11 
38 38 
117 117 
88 88 
5 5 
113 113 
7 7 
106 106 
48 48 
92 92 
25 25 
174 174 
83 83 
158 158 
168 168 
8 8 
4 4 
71 71 
177 177 
31 31 
74 74 
54 54 
50 50 
3 3 
131 131 
75 75 
84 84 
175 175 
167 167 
77 77 
138 138 
146 146 
123 123 
90 90 
140 140 
46 46 
156 156 
176 176 
34 34 
164 164 
14 14 
41 41 
1 1 
150 150 
36 36 
102 102 
122 122 
73 73 
58 58 
82 82 
124 124 
171 171 
151 151 
133 133 
16 16 
143 143 
30 30 
109 109 
63 63 
22 22 
39 39 
27 27 
145 145 
79 79 
57 57 
115 115 
51 51 
101 101 
120 120 
55 55 
37 37 
166 166 
141 141 
134 134 
89 89 
40 40 
152 152 
69 69 
78 78 
93 93 
6 6 
24 24 
19 19 
15 15 
17 17 
144 144 
153 153 
80 80 
56 56 
52 52 
110 110 
65 65 
127 127 
44 44 
104 104 
108 108 
61 61 
28 28 
173 173 
60 60 
137 137 
94 94 
66 66 
85 85 
160 160 
18 18 
99 99 
2 2 
159 159 
