128 8256
63 63 
112 112 
31 31 
42 42 
22 22 
34 34 
68 68 
21 21 
123 123 
92 92 
26 26 
60 60 
66 66 
70 70 
24 24 
89 89 
100 100 
41 41 
20 20 
81 81 
82 82 
109 109 
93 93 
116 116 
19 19 
102 102 
79 79 
67 67 
90 90 
4 4 
113 113 
91 91 
127 127 
77 77 
62 62 
32 32 
71 71 
1 1 
106 106 
11 11 
72 72 
125 125 
43 43 
58 58 
48 48 
120 120 
37 37 
5 5 
18 18 
128 128 
47 47 
117 117 
29 29 
51 51 
40 40 
80 80 
118 118 
103 103 
38 38 
28 28 
50 50 
99 99 
124 124 
101 101 
65 65 
73 73 
95 95 
74 74 
94 94 
10 10 
53 53 
64 64 
75 75 
61 61 
16 16 
69 69 
104 104 
13 13 
12 12 
86 86 
9 9 
98 98 
54 54 
45 45 
2 2 
121 121 
88 88 
126 126 
6 6 
84 84 
97 97 
33 33 
52 52 
25 25 
110 110 
119 119 
17 17 
27 27 
39 39 
56 56 
111 111 
57 57 
55 55 
115 115 
7 7 
23 23 
114 114 
78 78 
59 59 
14 14 
122 122 
107 107 
30 30 
35 35 
76 76 
46 46 
105 105 
36 36 
44 44 
87 87 
49 49 
15 15 
108 108 
8 8 
83 83 
3 3 
85 85 
96 96 
