151 11476
93 93 
100 100 
130 130 
108 108 
135 135 
10 10 
66 66 
96 96 
123 123 
75 75 
138 138 
21 21 
119 119 
125 125 
14 14 
111 111 
101 101 
128 128 
94 94 
87 87 
88 88 
105 105 
26 26 
78 78 
149 149 
55 55 
24 24 
30 30 
4 4 
122 122 
25 25 
20 20 
36 36 
97 97 
85 85 
77 77 
1 1 
41 41 
42 42 
13 13 
46 46 
34 34 
17 17 
59 59 
133 133 
89 89 
5 5 
47 47 
127 127 
57 57 
103 103 
73 73 
62 62 
129 129 
113 113 
110 110 
139 139 
82 82 
19 19 
8 8 
60 60 
43 43 
99 99 
58 58 
115 115 
70 70 
39 39 
151 151 
33 33 
109 109 
15 15 
118 118 
22 22 
150 150 
141 141 
56 56 
2 2 
35 35 
147 147 
86 86 
148 148 
81 81 
65 65 
18 18 
134 134 
143 143 
31 31 
114 114 
49 49 
72 72 
112 112 
48 48 
45 45 
79 79 
76 76 
53 53 
146 146 
71 71 
40 40 
3 3 
95 95 
126 126 
90 90 
54 54 
140 140 
92 92 
29 29 
124 124 
63 63 
116 116 
145 145 
44 44 
104 104 
74 74 
137 137 
132 132 
50 50 
37 37 
67 67 
38 38 
23 23 
84 84 
136 136 
9 9 
131 131 
12 12 
51 51 
32 32 
144 144 
61 61 
64 64 
121 121 
6 6 
142 142 
69 69 
80 80 
98 98 
106 106 
52 52 
107 107 
117 117 
120 120 
11 11 
7 7 
91 91 
27 27 
16 16 
28 28 
68 68 
102 102 
83 83 
