135 9180
41 41 
14 14 
23 23 
24 24 
120 120 
50 50 
114 114 
2 2 
68 68 
34 34 
6 6 
45 45 
127 127 
118 118 
1 1 
42 42 
103 103 
60 60 
132 132 
116 116 
67 67 
89 89 
25 25 
63 63 
32 32 
10 10 
86 86 
75 75 
95 95 
18 18 
7 7 
11 11 
123 123 
47 47 
29 29 
56 56 
80 80 
8 8 
78 78 
85 85 
20 20 
27 27 
104 104 
51 51 
36 36 
73 73 
71 71 
79 79 
125 125 
130 130 
82 82 
48 48 
112 112 
133 133 
99 99 
59 59 
77 77 
106 106 
87 87 
49 49 
72 72 
126 126 
16 16 
91 91 
44 44 
69 69 
64 64 
53 53 
5 5 
58 58 
33 33 
111 111 
105 105 
13 13 
40 40 
128 128 
54 54 
9 9 
134 134 
61 61 
92 92 
22 22 
113 113 
21 21 
100 100 
88 88 
74 74 
12 12 
84 84 
46 46 
122 122 
15 15 
37 37 
110 110 
57 57 
93 93 
55 55 
43 43 
102 102 
119 119 
117 117 
115 115 
98 98 
52 52 
17 17 
3 3 
35 35 
38 38 
62 62 
109 109 
26 26 
76 76 
39 39 
66 66 
81 81 
4 4 
83 83 
129 129 
70 70 
101 101 
124 124 
121 121 
107 107 
28 28 
96 96 
19 19 
90 90 
30 30 
135 135 
108 108 
131 131 
31 31 
94 94 
97 97 
65 65 
