115 6670
113 113 
22 22 
38 38 
80 80 
43 43 
41 41 
73 73 
48 48 
11 11 
108 108 
61 61 
34 34 
56 56 
93 93 
102 102 
94 94 
28 28 
115 115 
112 112 
7 7 
52 52 
26 26 
25 25 
24 24 
101 101 
19 19 
47 47 
1 1 
21 21 
49 49 
50 50 
89 89 
3 3 
33 33 
96 96 
81 81 
76 76 
97 97 
70 70 
6 6 
58 58 
40 40 
42 42 
55 55 
20 20 
13 13 
77 77 
78 78 
10 10 
92 92 
104 104 
23 23 
5 5 
63 63 
75 75 
39 39 
114 114 
31 31 
59 59 
68 68 
74 74 
45 45 
18 18 
4 4 
12 12 
29 29 
85 85 
32 32 
100 100 
44 44 
54 54 
14 14 
103 103 
91 91 
36 36 
84 84 
17 17 
99 99 
110 110 
9 9 
16 16 
60 60 
65 65 
62 62 
88 88 
79 79 
90 90 
72 72 
15 15 
105 105 
109 109 
53 53 
111 111 
98 98 
2 2 
107 107 
71 71 
37 37 
35 35 
46 46 
66 66 
83 83 
69 69 
106 106 
51 51 
30 30 
57 57 
87 87 
95 95 
82 82 
64 64 
8 8 
67 67 
86 86 
27 27 
