155 12090
17 17 
147 147 
59 59 
12 12 
4 4 
39 39 
135 135 
99 99 
60 60 
120 120 
127 127 
43 43 
31 31 
91 91 
149 149 
2 2 
75 75 
24 24 
65 65 
133 133 
28 28 
77 77 
34 34 
33 33 
5 5 
145 145 
115 115 
143 143 
106 106 
82 82 
26 26 
14 14 
95 95 
8 8 
47 47 
25 25 
118 118 
142 142 
87 87 
152 152 
103 103 
74 74 
83 83 
66 66 
131 131 
93 93 
68 68 
153 153 
80 80 
121 121 
144 144 
128 128 
105 105 
148 148 
110 110 
132 132 
7 7 
134 134 
57 57 
69 69 
119 119 
55 55 
16 16 
155 155 
154 154 
30 30 
89 89 
18 18 
102 102 
138 138 
21 21 
54 54 
42 42 
51 51 
3 3 
73 73 
100 100 
125 125 
92 92 
78 78 
96 96 
45 45 
86 86 
85 85 
104 104 
67 67 
117 117 
97 97 
108 108 
56 56 
64 64 
84 84 
13 13 
107 107 
10 10 
113 113 
44 44 
38 38 
1 1 
150 150 
88 88 
71 71 
48 48 
50 50 
126 126 
129 129 
112 112 
90 90 
32 32 
130 130 
29 29 
116 116 
27 27 
40 40 
62 62 
19 19 
20 20 
49 49 
140 140 
94 94 
101 101 
72 72 
6 6 
11 11 
15 15 
136 136 
35 35 
41 41 
98 98 
151 151 
63 63 
61 61 
109 109 
146 146 
137 137 
79 79 
53 53 
81 81 
76 76 
52 52 
114 114 
22 22 
111 111 
37 37 
46 46 
9 9 
122 122 
36 36 
23 23 
58 58 
70 70 
123 123 
124 124 
141 141 
139 139 
