134 9045
47 47 
2 2 
77 77 
42 42 
50 50 
94 94 
31 31 
54 54 
104 104 
7 7 
99 99 
33 33 
60 60 
116 116 
15 15 
76 76 
69 69 
79 79 
29 29 
18 18 
106 106 
111 111 
84 84 
88 88 
126 126 
82 82 
46 46 
66 66 
112 112 
75 75 
93 93 
118 118 
72 72 
27 27 
107 107 
127 127 
58 58 
63 63 
19 19 
97 97 
130 130 
70 70 
123 123 
57 57 
30 30 
43 43 
100 100 
113 113 
64 64 
34 34 
95 95 
40 40 
103 103 
32 32 
23 23 
65 65 
56 56 
10 10 
91 91 
125 125 
4 4 
53 53 
73 73 
9 9 
101 101 
87 87 
102 102 
36 36 
115 115 
14 14 
16 16 
26 26 
39 39 
96 96 
85 85 
28 28 
121 121 
81 81 
110 110 
74 74 
35 35 
108 108 
61 61 
120 120 
67 67 
134 134 
22 22 
131 131 
24 24 
109 109 
124 124 
37 37 
38 38 
49 49 
21 21 
105 105 
92 92 
25 25 
12 12 
80 80 
44 44 
11 11 
71 71 
52 52 
68 68 
78 78 
98 98 
89 89 
83 83 
122 122 
45 45 
17 17 
62 62 
133 133 
51 51 
117 117 
129 129 
86 86 
132 132 
128 128 
114 114 
8 8 
13 13 
5 5 
48 48 
119 119 
55 55 
20 20 
90 90 
1 1 
59 59 
41 41 
6 6 
3 3 
