175 15400
55 55 
43 43 
46 46 
45 45 
146 146 
7 7 
74 74 
30 30 
125 125 
78 78 
115 115 
88 88 
167 167 
42 42 
165 165 
33 33 
151 151 
1 1 
71 71 
40 40 
59 59 
2 2 
38 38 
49 49 
132 132 
164 164 
25 25 
27 27 
47 47 
120 120 
138 138 
70 70 
109 109 
28 28 
24 24 
92 92 
12 12 
104 104 
117 117 
135 135 
66 66 
50 50 
54 54 
8 8 
98 98 
114 114 
118 118 
72 72 
97 97 
31 31 
145 145 
150 150 
53 53 
52 52 
10 10 
80 80 
163 163 
155 155 
121 121 
14 14 
126 126 
68 68 
51 51 
64 64 
82 82 
91 91 
166 166 
90 90 
149 149 
139 139 
159 159 
105 105 
5 5 
130 130 
36 36 
73 73 
119 119 
56 56 
102 102 
173 173 
111 111 
6 6 
83 83 
63 63 
85 85 
170 170 
95 95 
175 175 
101 101 
93 93 
96 96 
22 22 
147 147 
137 137 
116 116 
67 67 
169 169 
57 57 
16 16 
62 62 
44 44 
106 106 
69 69 
81 81 
144 144 
18 18 
124 124 
13 13 
153 153 
29 29 
110 110 
122 122 
156 156 
99 99 
103 103 
9 9 
26 26 
58 58 
75 75 
15 15 
37 37 
77 77 
20 20 
141 141 
148 148 
94 94 
79 79 
168 168 
157 157 
11 11 
140 140 
19 19 
41 41 
65 65 
174 174 
142 142 
4 4 
35 35 
134 134 
3 3 
39 39 
171 171 
162 162 
87 87 
76 76 
160 160 
127 127 
86 86 
112 112 
154 154 
34 34 
23 23 
158 158 
21 21 
131 131 
123 123 
108 108 
100 100 
133 133 
84 84 
32 32 
107 107 
61 61 
129 129 
113 113 
89 89 
128 128 
172 172 
161 161 
136 136 
152 152 
48 48 
17 17 
60 60 
143 143 
