174 15225
73 73 
10 10 
42 42 
48 48 
126 126 
122 122 
144 144 
30 30 
58 58 
102 102 
27 27 
157 157 
45 45 
29 29 
168 168 
96 96 
163 163 
88 88 
34 34 
134 134 
49 49 
128 128 
118 118 
83 83 
89 89 
152 152 
91 91 
79 79 
15 15 
63 63 
56 56 
40 40 
139 139 
81 81 
103 103 
78 78 
44 44 
97 97 
26 26 
108 108 
170 170 
94 94 
33 33 
148 148 
140 140 
136 136 
65 65 
131 131 
18 18 
55 55 
36 36 
117 117 
25 25 
66 66 
145 145 
113 113 
95 95 
76 76 
28 28 
101 101 
31 31 
69 69 
9 9 
147 147 
4 4 
100 100 
169 169 
64 64 
98 98 
84 84 
77 77 
86 86 
116 116 
174 174 
135 135 
90 90 
121 121 
50 50 
114 114 
149 149 
154 154 
150 150 
8 8 
12 12 
109 109 
137 137 
142 142 
132 132 
82 82 
138 138 
92 92 
67 67 
60 60 
143 143 
151 151 
62 62 
105 105 
1 1 
104 104 
119 119 
47 47 
123 123 
167 167 
43 43 
111 111 
68 68 
158 158 
130 130 
5 5 
72 72 
107 107 
51 51 
173 173 
3 3 
35 35 
6 6 
124 124 
59 59 
165 165 
52 52 
120 120 
16 16 
99 99 
85 85 
80 80 
54 54 
19 19 
164 164 
106 106 
21 21 
133 133 
23 23 
156 156 
22 22 
74 74 
146 146 
162 162 
53 53 
71 71 
75 75 
141 141 
61 61 
70 70 
13 13 
24 24 
93 93 
171 171 
14 14 
46 46 
57 57 
172 172 
153 153 
7 7 
115 115 
161 161 
159 159 
160 160 
2 2 
166 166 
17 17 
32 32 
129 129 
11 11 
39 39 
155 155 
125 125 
112 112 
20 20 
38 38 
87 87 
37 37 
110 110 
41 41 
127 127 
