125 7875
14 14 
16 16 
76 76 
120 120 
83 83 
26 26 
63 63 
49 49 
108 108 
1 1 
61 61 
52 52 
43 43 
42 42 
95 95 
116 116 
3 3 
122 122 
77 77 
104 104 
20 20 
11 11 
114 114 
44 44 
85 85 
5 5 
40 40 
107 107 
118 118 
9 9 
59 59 
111 111 
72 72 
56 56 
29 29 
8 8 
93 93 
21 21 
89 89 
105 105 
2 2 
84 84 
87 87 
19 19 
41 41 
71 71 
99 99 
25 25 
23 23 
80 80 
30 30 
98 98 
119 119 
69 69 
101 101 
121 121 
86 86 
124 124 
110 110 
35 35 
74 74 
51 51 
48 48 
18 18 
82 82 
13 13 
7 7 
92 92 
38 38 
58 58 
112 112 
65 65 
125 125 
53 53 
81 81 
28 28 
117 117 
96 96 
73 73 
55 55 
27 27 
94 94 
34 34 
75 75 
78 78 
88 88 
123 123 
68 68 
113 113 
109 109 
15 15 
37 37 
47 47 
22 22 
46 46 
67 67 
6 6 
57 57 
50 50 
64 64 
36 36 
91 91 
97 97 
10 10 
106 106 
39 39 
103 103 
4 4 
54 54 
60 60 
45 45 
115 115 
32 32 
79 79 
24 24 
62 62 
12 12 
90 90 
31 31 
70 70 
102 102 
33 33 
66 66 
17 17 
100 100 
