139 9730
68 68 
138 138 
92 92 
56 56 
129 129 
73 73 
112 112 
105 105 
131 131 
116 116 
50 50 
74 74 
39 39 
20 20 
91 91 
106 106 
113 113 
108 108 
61 61 
42 42 
83 83 
87 87 
4 4 
10 10 
134 134 
130 130 
115 115 
32 32 
102 102 
52 52 
77 77 
28 28 
8 8 
27 27 
70 70 
103 103 
63 63 
65 65 
58 58 
110 110 
35 35 
33 33 
101 101 
79 79 
94 94 
119 119 
48 48 
85 85 
24 24 
127 127 
86 86 
139 139 
89 89 
76 76 
126 126 
51 51 
67 67 
132 132 
128 128 
22 22 
60 60 
5 5 
122 122 
123 123 
62 62 
12 12 
66 66 
88 88 
3 3 
53 53 
75 75 
23 23 
47 47 
40 40 
57 57 
18 18 
13 13 
133 133 
36 36 
95 95 
29 29 
104 104 
45 45 
80 80 
136 136 
17 17 
15 15 
137 137 
71 71 
1 1 
25 25 
59 59 
117 117 
31 31 
43 43 
37 37 
124 124 
7 7 
118 118 
46 46 
30 30 
96 96 
120 120 
72 72 
41 41 
44 44 
38 38 
2 2 
121 121 
97 97 
21 21 
100 100 
114 114 
90 90 
34 34 
81 81 
16 16 
69 69 
109 109 
111 111 
99 99 
26 26 
64 64 
93 93 
135 135 
14 14 
6 6 
49 49 
19 19 
11 11 
125 125 
9 9 
78 78 
98 98 
84 84 
54 54 
82 82 
107 107 
55 55 
