110 6105
44 44 
45 45 
29 29 
94 94 
75 75 
39 39 
58 58 
81 81 
91 91 
92 92 
50 50 
26 26 
42 42 
13 13 
102 102 
104 104 
99 99 
37 37 
47 47 
32 32 
19 19 
103 103 
8 8 
107 107 
108 108 
56 56 
105 105 
31 31 
43 43 
7 7 
3 3 
66 66 
54 54 
52 52 
96 96 
65 65 
9 9 
73 73 
101 101 
87 87 
110 110 
63 63 
2 2 
30 30 
90 90 
89 89 
49 49 
106 106 
97 97 
11 11 
28 28 
40 40 
72 72 
10 10 
57 57 
88 88 
68 68 
109 109 
36 36 
64 64 
62 62 
16 16 
70 70 
78 78 
21 21 
79 79 
51 51 
71 71 
38 38 
4 4 
15 15 
41 41 
85 85 
60 60 
53 53 
55 55 
74 74 
12 12 
5 5 
77 77 
48 48 
22 22 
80 80 
14 14 
86 86 
17 17 
27 27 
82 82 
34 34 
95 95 
61 61 
18 18 
25 25 
83 83 
6 6 
33 33 
23 23 
93 93 
24 24 
100 100 
20 20 
46 46 
76 76 
59 59 
1 1 
67 67 
69 69 
84 84 
35 35 
98 98 
