106 5671
28 28 
80 80 
85 85 
4 4 
3 3 
10 10 
91 91 
76 76 
33 33 
82 82 
105 105 
60 60 
61 61 
54 54 
40 40 
50 50 
69 69 
15 15 
63 63 
65 65 
35 35 
56 56 
51 51 
75 75 
42 42 
55 55 
84 84 
1 1 
53 53 
6 6 
31 31 
99 99 
39 39 
43 43 
20 20 
88 88 
106 106 
57 57 
37 37 
62 62 
49 49 
90 90 
38 38 
27 27 
92 92 
17 17 
67 67 
8 8 
87 87 
97 97 
102 102 
44 44 
77 77 
21 21 
74 74 
45 45 
34 34 
36 36 
16 16 
83 83 
46 46 
7 7 
103 103 
41 41 
81 81 
79 79 
93 93 
72 72 
78 78 
29 29 
30 30 
47 47 
9 9 
26 26 
58 58 
24 24 
52 52 
2 2 
59 59 
71 71 
22 22 
23 23 
25 25 
48 48 
68 68 
104 104 
70 70 
86 86 
73 73 
64 64 
14 14 
32 32 
19 19 
96 96 
12 12 
18 18 
98 98 
66 66 
95 95 
89 89 
101 101 
94 94 
13 13 
100 100 
5 5 
11 11 
