132 8778
96 96 
121 121 
82 82 
105 105 
48 48 
98 98 
69 69 
76 76 
35 35 
2 2 
19 19 
47 47 
87 87 
41 41 
32 32 
3 3 
1 1 
9 9 
31 31 
123 123 
20 20 
81 81 
127 127 
43 43 
10 10 
92 92 
128 128 
74 74 
97 97 
57 57 
70 70 
27 27 
66 66 
63 63 
26 26 
50 50 
6 6 
83 83 
11 11 
29 29 
60 60 
108 108 
37 37 
93 93 
46 46 
59 59 
88 88 
21 21 
16 16 
62 62 
7 7 
54 54 
101 101 
125 125 
94 94 
122 122 
44 44 
56 56 
28 28 
75 75 
30 30 
34 34 
71 71 
64 64 
77 77 
36 36 
118 118 
5 5 
130 130 
49 49 
112 112 
126 126 
132 132 
110 110 
113 113 
91 91 
106 106 
8 8 
12 12 
84 84 
39 39 
107 107 
68 68 
78 78 
72 72 
33 33 
119 119 
51 51 
129 129 
13 13 
117 117 
124 124 
90 90 
17 17 
22 22 
52 52 
42 42 
65 65 
116 116 
67 67 
80 80 
95 95 
103 103 
89 89 
45 45 
79 79 
18 18 
25 25 
4 4 
23 23 
104 104 
38 38 
111 111 
61 61 
55 55 
24 24 
114 114 
102 102 
120 120 
73 73 
131 131 
115 115 
15 15 
86 86 
109 109 
40 40 
85 85 
53 53 
58 58 
100 100 
99 99 
14 14 
