185 17205
141 141 
147 147 
151 151 
56 56 
82 82 
18 18 
3 3 
120 120 
44 44 
35 35 
95 95 
175 175 
78 78 
15 15 
54 54 
176 176 
60 60 
163 163 
86 86 
157 157 
174 174 
47 47 
12 12 
5 5 
155 155 
181 181 
100 100 
101 101 
167 167 
34 34 
131 131 
14 14 
149 149 
145 145 
112 112 
98 98 
133 133 
80 80 
121 121 
69 69 
88 88 
109 109 
67 67 
165 165 
156 156 
13 13 
182 182 
21 21 
185 185 
17 17 
87 87 
20 20 
111 111 
79 79 
29 29 
125 125 
166 166 
103 103 
64 64 
26 26 
59 59 
183 183 
178 178 
117 117 
85 85 
97 97 
77 77 
39 39 
143 143 
30 30 
171 171 
71 71 
66 66 
24 24 
130 130 
152 152 
51 51 
153 153 
62 62 
28 28 
135 135 
128 128 
134 134 
6 6 
144 144 
22 22 
173 173 
8 8 
142 142 
37 37 
161 161 
84 84 
127 127 
50 50 
65 65 
118 118 
23 23 
16 16 
123 123 
81 81 
168 168 
53 53 
94 94 
108 108 
93 93 
180 180 
38 38 
72 72 
122 122 
83 83 
42 42 
68 68 
9 9 
126 126 
129 129 
55 55 
113 113 
75 75 
73 73 
136 136 
89 89 
119 119 
70 70 
116 116 
63 63 
91 91 
25 25 
162 162 
11 11 
148 148 
179 179 
74 74 
90 90 
137 137 
139 139 
104 104 
138 138 
164 164 
76 76 
36 36 
170 170 
154 154 
140 140 
61 61 
45 45 
158 158 
124 124 
46 46 
32 32 
92 92 
107 107 
2 2 
33 33 
19 19 
10 10 
169 169 
150 150 
132 132 
43 43 
7 7 
115 115 
96 96 
184 184 
4 4 
58 58 
57 57 
114 114 
1 1 
40 40 
106 106 
27 27 
160 160 
159 159 
99 99 
146 146 
177 177 
102 102 
41 41 
110 110 
48 48 
105 105 
31 31 
52 52 
49 49 
172 172 
