114 6555
74 74 
41 41 
35 35 
89 89 
50 50 
3 3 
6 6 
96 96 
20 20 
98 98 
87 87 
2 2 
11 11 
51 51 
86 86 
7 7 
82 82 
25 25 
92 92 
76 76 
12 12 
99 99 
100 100 
80 80 
60 60 
107 107 
97 97 
4 4 
42 42 
38 38 
88 88 
34 34 
110 110 
8 8 
15 15 
70 70 
9 9 
37 37 
49 49 
66 66 
52 52 
103 103 
91 91 
53 53 
40 40 
85 85 
56 56 
94 94 
45 45 
21 21 
10 10 
43 43 
63 63 
102 102 
16 16 
77 77 
32 32 
29 29 
65 65 
106 106 
47 47 
71 71 
46 46 
78 78 
109 109 
27 27 
113 113 
36 36 
13 13 
72 72 
14 14 
17 17 
95 95 
55 55 
44 44 
5 5 
105 105 
24 24 
69 69 
23 23 
22 22 
54 54 
83 83 
57 57 
64 64 
48 48 
114 114 
108 108 
62 62 
26 26 
39 39 
28 28 
61 61 
1 1 
67 67 
59 59 
75 75 
19 19 
18 18 
112 112 
90 90 
104 104 
33 33 
68 68 
58 58 
101 101 
111 111 
93 93 
31 31 
84 84 
79 79 
81 81 
73 73 
30 30 
