162 13203
108 108 
40 40 
134 134 
124 124 
103 103 
152 152 
61 61 
59 59 
27 27 
44 44 
6 6 
125 125 
88 88 
39 39 
24 24 
71 71 
104 104 
47 47 
90 90 
68 68 
116 116 
29 29 
64 64 
19 19 
118 118 
46 46 
1 1 
50 50 
79 79 
84 84 
10 10 
3 3 
91 91 
17 17 
136 136 
43 43 
102 102 
66 66 
37 37 
56 56 
69 69 
127 127 
73 73 
100 100 
4 4 
38 38 
147 147 
76 76 
86 86 
8 8 
115 115 
62 62 
114 114 
105 105 
148 148 
95 95 
83 83 
151 151 
123 123 
7 7 
113 113 
153 153 
31 31 
20 20 
34 34 
36 36 
53 53 
144 144 
154 154 
25 25 
137 137 
89 89 
92 92 
150 150 
132 132 
33 33 
77 77 
14 14 
126 126 
45 45 
128 128 
96 96 
51 51 
23 23 
13 13 
80 80 
15 15 
155 155 
81 81 
32 32 
54 54 
146 146 
143 143 
120 120 
129 129 
135 135 
122 122 
52 52 
5 5 
16 16 
70 70 
11 11 
67 67 
82 82 
121 121 
28 28 
162 162 
119 119 
117 117 
93 93 
41 41 
22 22 
99 99 
98 98 
157 157 
112 112 
75 75 
97 97 
2 2 
138 138 
109 109 
141 141 
101 101 
57 57 
133 133 
111 111 
78 78 
49 49 
48 48 
110 110 
145 145 
12 12 
142 142 
130 130 
63 63 
9 9 
158 158 
85 85 
106 106 
140 140 
65 65 
107 107 
72 72 
156 156 
161 161 
21 21 
159 159 
42 42 
94 94 
160 160 
55 55 
74 74 
30 30 
139 139 
35 35 
60 60 
18 18 
131 131 
58 58 
26 26 
87 87 
149 149 
