130 8515
67 67 
119 119 
97 97 
71 71 
20 20 
1 1 
36 36 
48 48 
122 122 
40 40 
22 22 
72 72 
30 30 
90 90 
127 127 
14 14 
78 78 
60 60 
12 12 
51 51 
82 82 
129 129 
103 103 
110 110 
86 86 
61 61 
31 31 
123 123 
35 35 
109 109 
28 28 
76 76 
53 53 
111 111 
10 10 
50 50 
70 70 
121 121 
45 45 
125 125 
120 120 
33 33 
102 102 
49 49 
11 11 
114 114 
29 29 
77 77 
9 9 
43 43 
13 13 
80 80 
8 8 
108 108 
87 87 
32 32 
116 116 
130 130 
27 27 
47 47 
34 34 
96 96 
5 5 
23 23 
91 91 
44 44 
2 2 
63 63 
92 92 
16 16 
41 41 
115 115 
84 84 
15 15 
98 98 
18 18 
128 128 
62 62 
79 79 
39 39 
38 38 
19 19 
105 105 
52 52 
83 83 
93 93 
69 69 
104 104 
21 21 
64 64 
3 3 
57 57 
89 89 
65 65 
73 73 
6 6 
37 37 
55 55 
26 26 
124 124 
107 107 
99 99 
101 101 
95 95 
118 118 
58 58 
74 74 
81 81 
113 113 
25 25 
7 7 
46 46 
42 42 
75 75 
59 59 
106 106 
4 4 
117 117 
17 17 
85 85 
94 94 
88 88 
100 100 
66 66 
24 24 
56 56 
54 54 
68 68 
126 126 
112 112 
