157 12403
3 3 
156 156 
131 131 
75 75 
137 137 
157 157 
92 92 
1 1 
33 33 
100 100 
123 123 
136 136 
53 53 
127 127 
85 85 
143 143 
116 116 
61 61 
132 132 
20 20 
77 77 
84 84 
37 37 
35 35 
12 12 
80 80 
109 109 
141 141 
9 9 
14 14 
147 147 
83 83 
56 56 
145 145 
121 121 
155 155 
86 86 
58 58 
91 91 
55 55 
5 5 
30 30 
18 18 
144 144 
59 59 
89 89 
140 140 
74 74 
135 135 
133 133 
93 93 
70 70 
142 142 
28 28 
45 45 
38 38 
148 148 
126 126 
112 112 
54 54 
34 34 
96 96 
16 16 
95 95 
87 87 
23 23 
108 108 
26 26 
94 94 
41 41 
129 129 
79 79 
146 146 
64 64 
15 15 
19 19 
153 153 
40 40 
149 149 
7 7 
117 117 
105 105 
152 152 
138 138 
90 90 
13 13 
122 122 
81 81 
11 11 
4 4 
101 101 
72 72 
29 29 
42 42 
130 130 
10 10 
66 66 
51 51 
88 88 
102 102 
44 44 
99 99 
97 97 
118 118 
113 113 
76 76 
82 82 
78 78 
104 104 
73 73 
31 31 
32 32 
114 114 
25 25 
119 119 
98 98 
154 154 
39 39 
62 62 
47 47 
125 125 
43 43 
21 21 
8 8 
106 106 
134 134 
151 151 
115 115 
71 71 
107 107 
46 46 
49 49 
22 22 
48 48 
63 63 
124 124 
6 6 
24 24 
120 120 
69 69 
67 67 
103 103 
150 150 
68 68 
139 139 
50 50 
2 2 
57 57 
111 111 
52 52 
36 36 
110 110 
128 128 
17 17 
65 65 
60 60 
27 27 
