107 5778
8 8 
63 63 
91 91 
92 92 
105 105 
18 18 
66 66 
79 79 
62 62 
70 70 
54 54 
3 3 
89 89 
16 16 
48 48 
86 86 
103 103 
43 43 
85 85 
46 46 
83 83 
1 1 
53 53 
96 96 
37 37 
56 56 
87 87 
71 71 
78 78 
15 15 
27 27 
101 101 
42 42 
81 81 
25 25 
24 24 
80 80 
106 106 
21 21 
64 64 
94 94 
7 7 
75 75 
51 51 
45 45 
23 23 
26 26 
32 32 
61 61 
72 72 
10 10 
31 31 
77 77 
36 36 
5 5 
19 19 
35 35 
34 34 
102 102 
11 11 
2 2 
68 68 
50 50 
20 20 
65 65 
30 30 
13 13 
100 100 
6 6 
28 28 
47 47 
40 40 
39 39 
99 99 
88 88 
76 76 
52 52 
17 17 
41 41 
73 73 
95 95 
57 57 
4 4 
90 90 
98 98 
12 12 
49 49 
60 60 
58 58 
104 104 
29 29 
74 74 
14 14 
22 22 
82 82 
59 59 
33 33 
107 107 
38 38 
84 84 
67 67 
44 44 
55 55 
93 93 
9 9 
97 97 
69 69 
