140 9870
11 11 
58 58 
17 17 
130 130 
81 81 
61 61 
20 20 
15 15 
18 18 
52 52 
32 32 
124 124 
99 99 
36 36 
54 54 
79 79 
114 114 
51 51 
132 132 
3 3 
125 125 
29 29 
121 121 
75 75 
111 111 
103 103 
56 56 
42 42 
19 19 
39 39 
63 63 
137 137 
46 46 
62 62 
30 30 
50 50 
27 27 
13 13 
68 68 
16 16 
122 122 
126 126 
97 97 
127 127 
129 129 
37 37 
5 5 
106 106 
71 71 
123 123 
88 88 
8 8 
89 89 
44 44 
45 45 
107 107 
95 95 
72 72 
22 22 
53 53 
7 7 
77 77 
59 59 
12 12 
73 73 
119 119 
25 25 
120 120 
35 35 
60 60 
108 108 
10 10 
90 90 
138 138 
115 115 
113 113 
92 92 
49 49 
34 34 
14 14 
70 70 
135 135 
105 105 
136 136 
65 65 
98 98 
57 57 
83 83 
9 9 
38 38 
117 117 
6 6 
78 78 
69 69 
140 140 
67 67 
94 94 
66 66 
112 112 
84 84 
109 109 
116 116 
55 55 
93 93 
33 33 
139 139 
48 48 
134 134 
104 104 
31 31 
87 87 
21 21 
80 80 
4 4 
24 24 
131 131 
101 101 
76 76 
118 118 
64 64 
23 23 
47 47 
40 40 
91 91 
102 102 
82 82 
28 28 
96 96 
100 100 
128 128 
74 74 
2 2 
133 133 
110 110 
85 85 
1 1 
41 41 
26 26 
86 86 
43 43 
