187 17578
98 98 
85 85 
110 110 
18 18 
109 109 
27 27 
179 179 
46 46 
147 147 
62 62 
120 120 
105 105 
3 3 
82 82 
19 19 
176 176 
29 29 
70 70 
173 173 
151 151 
156 156 
148 148 
7 7 
106 106 
178 178 
21 21 
47 47 
55 55 
166 166 
51 51 
5 5 
116 116 
99 99 
4 4 
115 115 
164 164 
127 127 
37 37 
130 130 
187 187 
45 45 
163 163 
67 67 
86 86 
139 139 
113 113 
128 128 
89 89 
134 134 
52 52 
174 174 
149 149 
117 117 
146 146 
34 34 
33 33 
71 71 
107 107 
111 111 
162 162 
54 54 
104 104 
64 64 
167 167 
132 132 
170 170 
91 91 
158 158 
73 73 
22 22 
68 68 
131 131 
12 12 
80 80 
160 160 
180 180 
32 32 
40 40 
181 181 
9 9 
186 186 
172 172 
100 100 
153 153 
143 143 
126 126 
136 136 
95 95 
185 185 
96 96 
124 124 
63 63 
155 155 
123 123 
1 1 
81 81 
49 49 
36 36 
135 135 
44 44 
122 122 
137 137 
20 20 
145 145 
92 92 
8 8 
161 161 
57 57 
150 150 
23 23 
50 50 
97 97 
48 48 
74 74 
61 61 
16 16 
121 121 
28 28 
175 175 
58 58 
10 10 
140 140 
41 41 
152 152 
83 83 
26 26 
103 103 
75 75 
118 118 
168 168 
133 133 
53 53 
114 114 
88 88 
84 84 
15 15 
144 144 
87 87 
69 69 
90 90 
43 43 
94 94 
17 17 
38 38 
165 165 
2 2 
66 66 
142 142 
76 76 
14 14 
60 60 
31 31 
159 159 
169 169 
6 6 
11 11 
35 35 
78 78 
182 182 
39 39 
42 42 
184 184 
157 157 
13 13 
108 108 
65 65 
93 93 
24 24 
56 56 
25 25 
77 77 
129 129 
183 183 
154 154 
171 171 
79 79 
72 72 
59 59 
102 102 
101 101 
125 125 
119 119 
177 177 
30 30 
138 138 
112 112 
141 141 
