147 10878
64 64 
130 130 
79 79 
61 61 
10 10 
121 121 
47 47 
82 82 
31 31 
122 122 
54 54 
58 58 
95 95 
19 19 
60 60 
11 11 
18 18 
4 4 
49 49 
45 45 
124 124 
8 8 
142 142 
23 23 
103 103 
87 87 
110 110 
83 83 
51 51 
65 65 
68 68 
146 146 
35 35 
76 76 
88 88 
6 6 
22 22 
17 17 
29 29 
40 40 
127 127 
25 25 
20 20 
48 48 
132 132 
109 109 
94 94 
75 75 
144 144 
131 131 
72 72 
39 39 
57 57 
34 34 
104 104 
1 1 
27 27 
114 114 
120 120 
12 12 
89 89 
126 126 
105 105 
2 2 
42 42 
96 96 
100 100 
123 123 
102 102 
136 136 
15 15 
112 112 
80 80 
14 14 
141 141 
135 135 
78 78 
139 139 
98 98 
137 137 
67 67 
52 52 
28 28 
30 30 
81 81 
33 33 
147 147 
16 16 
7 7 
85 85 
43 43 
13 13 
59 59 
63 63 
111 111 
70 70 
92 92 
21 21 
145 145 
77 77 
69 69 
62 62 
46 46 
90 90 
113 113 
106 106 
101 101 
134 134 
133 133 
26 26 
128 128 
115 115 
74 74 
55 55 
32 32 
38 38 
24 24 
56 56 
140 140 
53 53 
37 37 
93 93 
97 97 
143 143 
138 138 
116 116 
66 66 
86 86 
36 36 
125 125 
129 129 
91 91 
9 9 
5 5 
117 117 
99 99 
108 108 
44 44 
50 50 
73 73 
41 41 
3 3 
118 118 
119 119 
71 71 
107 107 
84 84 
