1000 6000
432 1296 
839 2517 
366 366 
613 613 
185 61 
472 472 
156 468 
613 203 
86 258 
967 321 
514 514 
361 361 
572 190 
371 371 
84 252 
533 177 
299 897 
735 2205 
786 261 
932 310 
596 1788 
425 425 
416 416 
662 662 
920 2760 
795 264 
603 603 
852 2556 
868 288 
929 2787 
801 2403 
41 13 
440 440 
978 2934 
494 494 
467 467 
234 702 
313 103 
590 196 
608 202 
548 1644 
196 588 
67 21 
641 1923 
674 224 
399 399 
583 1749 
651 1953 
382 382 
641 641 
653 1959 
409 409 
92 30 
789 262 
147 48 
220 660 
476 476 
627 627 
681 226 
400 400 
356 356 
804 2412 
173 519 
886 2658 
580 580 
656 656 
864 287 
121 39 
260 780 
645 645 
779 259 
956 318 
374 124 
346 114 
461 461 
132 396 
483 483 
354 354 
123 40 
435 435 
96 31 
487 487 
616 1848 
14 4 
628 628 
46 14 
410 410 
503 503 
105 34 
212 70 
761 2283 
538 178 
403 403 
415 415 
478 158 
146 48 
654 217 
439 145 
509 169 
533 533 
759 2277 
597 597 
142 426 
563 187 
342 113 
154 462 
878 292 
395 395 
412 412 
297 98 
449 1347 
887 295 
495 495 
605 605 
36 11 
591 591 
253 759 
354 117 
432 432 
811 269 
583 583 
510 1530 
719 2157 
593 197 
436 144 
493 163 
639 639 
781 2343 
75 24 
666 666 
466 466 
563 563 
342 342 
588 1764 
82 26 
469 469 
652 652 
534 1602 
545 545 
557 557 
124 372 
111 36 
90 270 
589 195 
60 180 
923 2769 
543 1629 
566 566 
601 601 
930 309 
326 108 
529 175 
195 64 
401 401 
621 1863 
169 55 
742 246 
380 380 
720 2160 
474 474 
145 435 
701 2103 
703 233 
496 496 
593 593 
758 252 
642 1926 
406 406 
351 1053 
531 531 
585 1755 
584 194 
655 655 
564 564 
924 2772 
654 654 
851 2553 
314 942 
151 453 
305 101 
69 207 
901 2703 
796 2388 
480 480 
388 1164 
38 12 
344 344 
734 2202 
557 185 
248 744 
527 1581 
797 2391 
634 634 
647 1941 
547 1641 
480 1440 
930 2790 
351 351 
622 622 
594 594 
625 625 
117 351 
383 383 
282 846 
187 561 
455 1365 
453 453 
653 217 
646 646 
878 2634 
411 411 
249 82 
442 442 
360 360 
620 206 
792 2376 
511 511 
594 197 
361 119 
898 298 
708 2124 
881 2643 
432 143 
834 277 
604 604 
429 142 
715 237 
518 518 
339 339 
889 295 
543 543 
864 2592 
26 78 
896 2688 
397 131 
398 398 
454 1362 
164 54 
433 1299 
377 125 
434 1302 
575 575 
664 220 
497 1491 
393 130 
792 263 
405 405 
906 2718 
512 1536 
182 546 
891 2673 
394 1182 
822 273 
602 602 
667 2001 
598 1794 
708 235 
481 481 
166 498 
222 666 
85 27 
365 365 
447 447 
621 206 
262 86 
369 369 
743 2229 
561 186 
544 544 
188 564 
631 209 
554 554 
476 1428 
630 630 
15 45 
346 346 
751 249 
831 276 
290 96 
648 648 
420 420 
120 39 
91 29 
243 80 
679 225 
280 92 
478 1434 
523 523 
452 1356 
327 981 
500 500 
412 1236 
390 390 
191 63 
338 1014 
624 1872 
700 2100 
638 638 
656 1968 
551 1653 
485 1455 
589 589 
620 620 
426 426 
190 62 
447 1341 
921 2763 
888 2664 
497 497 
570 570 
448 148 
854 284 
339 112 
209 627 
489 489 
124 40 
405 1215 
540 540 
396 396 
958 318 
375 375 
762 2286 
515 1545 
278 834 
99 297 
199 597 
647 647 
899 2697 
459 459 
316 104 
54 17 
477 158 
763 2289 
542 542 
280 840 
507 1521 
552 552 
921 306 
279 837 
313 939 
675 2025 
623 623 
609 609 
417 417 
30 9 
632 632 
123 369 
784 260 
258 85 
184 552 
217 651 
572 572 
640 640 
649 649 
199 65 
642 213 
10 30 
541 541 
488 162 
449 449 
450 1350 
224 672 
626 1878 
576 1728 
510 169 
214 70 
506 168 
630 209 
853 283 
955 2865 
48 144 
357 357 
186 558 
418 418 
836 278 
940 2820 
573 573 
938 312 
464 464 
352 352 
512 512 
535 1605 
363 363 
626 626 
66 21 
16 48 
607 607 
634 210 
556 556 
368 368 
353 353 
939 312 
707 235 
423 423 
287 861 
620 1860 
693 230 
120 360 
477 477 
254 762 
774 257 
511 169 
725 241 
238 714 
356 1068 
651 651 
362 1086 
618 1854 
731 2193 
446 1338 
367 121 
728 2184 
594 1782 
389 389 
584 584 
232 76 
664 664 
437 437 
598 198 
236 78 
704 2112 
505 1515 
612 203 
248 82 
137 45 
319 105 
659 659 
551 551 
468 468 
577 577 
378 125 
547 547 
467 155 
234 77 
571 571 
62 186 
455 455 
521 173 
61 19 
632 1896 
441 146 
27 8 
66 198 
811 2433 
846 2538 
689 2067 
664 1992 
984 327 
696 2088 
951 2853 
189 567 
370 122 
391 391 
91 273 
456 151 
777 258 
601 199 
969 2907 
643 643 
39 12 
475 1425 
387 1161 
733 243 
527 527 
271 89 
450 450 
324 107 
161 53 
134 44 
362 362 
499 165 
386 386 
636 636 
328 984 
210 69 
644 644 
475 475 
756 251 
615 615 
926 2778 
289 867 
710 236 
167 55 
712 2136 
29 9 
934 2802 
633 633 
337 337 
855 284 
726 241 
581 581 
338 338 
452 452 
651 216 
380 1140 
380 126 
437 1311 
517 517 
58 18 
504 167 
955 317 
810 269 
536 536 
885 294 
312 936 
341 341 
515 515 
44 132 
840 2520 
397 397 
19 5 
379 125 
722 2166 
427 141 
471 156 
310 930 
394 394 
513 513 
919 305 
422 422 
611 611 
976 2928 
402 402 
148 48 
606 1818 
393 393 
528 528 
730 2190 
355 355 
463 463 
35 11 
446 446 
657 657 
807 268 
497 165 
258 774 
677 225 
551 183 
498 498 
42 126 
560 560 
842 280 
448 448 
454 454 
637 211 
77 25 
30 90 
750 2250 
201 603 
541 1623 
624 624 
574 1722 
133 399 
106 318 
706 2118 
629 629 
503 167 
148 444 
64 192 
843 280 
521 521 
658 658 
228 75 
485 161 
465 465 
441 441 
494 164 
307 101 
1000 332 
453 150 
377 377 
439 439 
617 205 
491 491 
829 275 
482 482 
568 568 
384 384 
129 42 
59 19 
93 279 
747 2241 
336 1008 
597 198 
579 579 
443 147 
546 1638 
347 1041 
434 144 
365 121 
727 2181 
586 194 
663 1989 
228 684 
619 619 
133 43 
737 2211 
713 2139 
473 473 
578 192 
599 599 
246 738 
635 635 
539 539 
81 26 
480 159 
457 457 
303 100 
957 2871 
52 16 
458 458 
559 559 
805 2415 
947 315 
772 2316 
233 699 
335 335 
460 1380 
229 75 
928 2784 
964 320 
134 402 
45 135 
36 108 
433 143 
460 460 
127 41 
492 492 
590 590 
615 1845 
598 598 
499 499 
553 183 
127 381 
121 363 
526 526 
471 471 
74 24 
953 317 
307 921 
530 530 
561 561 
505 505 
298 98 
118 38 
147 441 
347 347 
520 172 
433 433 
640 212 
556 1668 
549 549 
250 82 
695 2085 
417 138 
564 1692 
316 948 
435 1305 
430 430 
669 222 
506 506 
848 2544 
890 296 
470 1410 
937 311 
378 378 
535 535 
385 385 
565 565 
624 207 
998 2994 
443 443 
606 606 
637 637 
343 343 
895 2685 
731 243 
493 493 
976 324 
562 562 
805 267 
487 1461 
665 665 
560 1680 
504 504 
95 31 
515 171 
419 419 
455 151 
207 68 
525 525 
668 222 
385 1155 
534 534 
610 610 
614 614 
580 192 
522 522 
486 486 
509 509 
345 345 
424 424 
379 1137 
502 1506 
537 537 
650 650 
98 294 
802 266 
502 502 
790 2370 
374 374 
259 777 
474 157 
336 336 
372 372 
408 135 
427 427 
566 1698 
38 114 
933 2799 
548 548 
870 289 
860 2580 
239 717 
350 350 
421 421 
520 520 
340 340 
582 582 
388 388 
612 612 
162 486 
661 661 
600 600 
705 2115 
830 2490 
312 103 
905 2715 
13 3 
745 247 
237 78 
917 305 
902 300 
344 1032 
880 2640 
780 259 
493 1479 
569 569 
555 555 
694 2082 
514 1542 
204 67 
349 349 
438 1314 
653 653 
321 963 
574 574 
167 501 
429 429 
348 1044 
1002 333 
587 1761 
414 414 
55 165 
113 37 
229 687 
500 166 
519 519 
9 2 
104 312 
165 495 
617 617 
426 1278 
839 279 
256 768 
538 538 
304 100 
743 247 
656 218 
632 210 
642 642 
851 283 
377 1131 
326 978 
672 223 
508 1524 
364 364 
434 434 
444 444 
63 20 
163 53 
532 1596 
990 329 
158 474 
168 504 
381 381 
376 376 
983 2949 
595 595 
550 550 
379 379 
895 297 
488 488 
360 119 
112 336 
428 428 
468 1404 
358 358 
973 323 
442 1326 
110 36 
688 2064 
592 592 
170 56 
834 2502 
790 262 
235 77 
592 1776 
859 2577 
317 105 
169 507 
404 404 
608 608 
582 1746 
827 275 
880 292 
57 18 
916 2748 
995 2985 
690 2070 
822 2466 
944 314 
213 639 
325 107 
912 303 
283 93 
370 370 
170 510 
809 269 
732 243 
29 87 
32 96 
576 576 
631 631 
621 621 
478 478 
152 50 
941 313 
587 587 
507 507 
485 485 
196 64 
410 136 
205 67 
842 2526 
130 42 
445 445 
269 89 
766 2298 
206 618 
549 182 
934 310 
306 918 
431 431 
818 272 
801 266 
558 558 
153 459 
164 492 
490 1470 
436 436 
753 250 
558 1674 
462 462 
529 529 
281 843 
629 209 
740 246 
438 438 
884 294 
291 873 
865 287 
246 81 
567 567 
252 83 
470 156 
343 1029 
578 578 
660 660 
451 451 
574 190 
392 392 
586 586 
408 1224 
964 2892 
343 113 
994 330 
349 115 
11 3 
156 51 
50 16 
268 88 
63 189 
570 1710 
951 316 
421 1263 
634 1902 
616 616 
771 256 
457 151 
927 2781 
582 193 
567 188 
618 618 
804 267 
715 2145 
484 484 
85 255 
657 1971 
358 118 
755 251 
813 2439 
46 138 
429 1287 
532 532 
682 226 
413 413 
417 1251 
585 585 
853 2559 
528 175 
373 373 
954 317 
212 636 
359 359 
77 231 
408 408 
293 97 
399 1197 
958 2874 
479 479 
819 2457 
681 2043 
590 1770 
409 1227 
206 68 
876 2628 
596 596 
407 407 
553 553 
263 789 
516 516 
8 24 
367 367 
524 1572 
639 212 
807 2421 
524 524 
104 34 
218 654 
230 690 
139 45 
546 546 
968 322 
490 490 
718 238 
510 510 
663 663 
588 588 
409 135 
607 201 
530 1590 
157 471 
238 78 
517 1551 
358 1074 
508 508 
470 470 
149 447 
456 456 
352 116 
469 1407 
498 1494 
996 331 
794 264 
554 184 
536 1608 
850 282 
501 501 
130 390 
422 1266 
245 81 
191 573 
486 161 
348 348 
769 255 
387 387 
888 295 
288 864 
767 2301 
