2000 3500
1597 531 
862 862 
1041 1041 
736 736 
831 831 
1027 1027 
1230 1230 
480 1440 
1699 565 
1154 384 
1316 1316 
923 2769 
1265 1265 
281 843 
816 271 
1834 610 
1629 4887 
1011 336 
1149 3447 
568 1704 
1946 5838 
1328 3984 
1349 4047 
671 671 
1117 1117 
685 685 
997 997 
960 960 
1598 532 
757 251 
1505 501 
1089 1089 
895 2685 
1884 5652 
1137 1137 
1950 5850 
747 747 
1061 1061 
1622 540 
477 1431 
1973 657 
1212 3636 
985 327 
954 954 
1076 3228 
839 2517 
697 697 
1739 579 
1372 4116 
1405 467 
1909 5727 
867 288 
1670 5010 
92 30 
711 711 
900 299 
197 65 
687 687 
1109 1109 
206 68 
1863 5589 
1595 531 
1557 4671 
1427 475 
1084 3252 
989 989 
787 787 
1307 1307 
972 2916 
1043 3129 
942 942 
949 949 
1056 1056 
1191 1191 
1222 1222 
724 240 
1257 3771 
294 97 
897 2691 
1486 4458 
1373 4119 
1752 583 
82 26 
1196 1196 
1441 4323 
1735 577 
531 1593 
1724 574 
724 724 
1148 1148 
1610 4830 
1034 1034 
812 270 
795 264 
1443 4329 
289 95 
1295 1295 
1250 1250 
1107 1107 
1306 1306 
780 259 
1809 5427 
1133 377 
1471 489 
851 851 
932 310 
856 2568 
1205 3615 
726 726 
1422 4266 
1588 4764 
320 106 
1830 609 
349 115 
720 720 
397 1191 
974 2922 
1124 1124 
1517 505 
149 447 
701 701 
1571 4713 
1866 5598 
701 233 
1530 509 
1188 395 
1038 1038 
1085 1085 
248 744 
729 729 
1294 430 
1580 4740 
678 678 
393 1179 
1304 3912 
861 2583 
1118 372 
996 2988 
1027 341 
1744 5232 
218 654 
1299 1299 
1934 5802 
669 669 
991 329 
1398 4194 
1029 1029 
795 795 
322 106 
1261 1261 
974 974 
790 790 
429 142 
1945 647 
1278 1278 
1070 3210 
964 964 
1843 5529 
954 2862 
483 1449 
1115 371 
1181 1181 
90 270 
1256 1256 
1039 1039 
1203 400 
853 853 
1320 1320 
908 302 
839 839 
583 193 
890 296 
1160 1160 
1110 369 
577 191 
222 73 
462 153 
1192 1192 
276 828 
1249 415 
484 160 
1118 1118 
1562 520 
531 176 
1919 639 
842 842 
1685 5055 
930 930 
761 2283 
676 676 
35 105 
1556 518 
751 2253 
1721 5163 
1074 3222 
683 227 
579 192 
451 1353 
1159 1159 
1235 411 
1008 3024 
291 96 
783 783 
358 118 
580 1740 
1559 519 
1289 1289 
1650 4950 
1959 652 
938 312 
1573 523 
1010 1010 
987 2961 
1365 4095 
973 2919 
754 250 
319 105 
113 37 
1051 1051 
347 1041 
829 829 
1286 428 
12 3 
1304 1304 
1073 1073 
263 789 
1065 1065 
1393 463 
68 22 
1236 1236 
1392 463 
1924 5772 
39 117 
967 967 
734 2202 
930 309 
1979 659 
1480 4440 
1303 1303 
868 868 
872 872 
1324 3972 
781 259 
857 857 
1541 513 
1169 3507 
360 1080 
32 10 
1139 1139 
1264 1264 
739 739 
957 957 
1205 1205 
194 64 
805 805 
589 1767 
338 1014 
1083 3249 
810 2430 
1175 1175 
828 828 
1069 1069 
1822 5466 
1210 1210 
5 15 
1313 437 
215 645 
824 824 
979 979 
692 692 
233 77 
826 2478 
936 936 
1905 634 
627 208 
917 917 
528 1584 
998 998 
662 220 
978 325 
1576 524 
1478 4434 
921 306 
1711 569 
384 1152 
1136 1136 
1206 3618 
1151 3453 
81 243 
1844 5532 
1446 481 
877 291 
1249 1249 
645 214 
570 189 
710 710 
691 691 
522 1566 
1 3 
1216 3648 
1454 484 
198 594 
732 732 
515 171 
1030 342 
693 693 
106 318 
490 162 
1170 1170 
946 946 
1705 567 
1280 1280 
1156 1156 
1007 1007 
53 159 
1235 1235 
1052 1052 
465 1395 
1269 422 
1735 5205 
705 705 
1016 3048 
889 889 
118 38 
841 2523 
1696 564 
110 330 
52 156 
1171 389 
1166 1166 
1727 5181 
1099 1099 
929 2787 
1605 534 
1170 3510 
1208 3624 
812 2436 
1237 1237 
899 899 
136 408 
251 83 
561 186 
246 81 
458 1374 
1063 1063 
1684 560 
538 1614 
1692 5076 
1940 5820 
488 1464 
918 305 
1540 512 
901 2703 
1802 600 
268 804 
752 250 
155 465 
6 18 
1267 1267 
1447 481 
63 189 
599 1797 
1125 1125 
1153 3459 
793 793 
677 2031 
943 943 
1528 508 
17 51 
1640 546 
728 728 
964 320 
970 970 
621 1863 
274 822 
931 2793 
1896 631 
937 937 
1185 1185 
54 17 
1032 343 
1134 377 
1551 4653 
509 1527 
120 39 
1623 540 
1226 408 
694 694 
1066 1066 
1053 1053 
158 52 
1568 522 
1004 1004 
1255 417 
239 717 
755 251 
768 768 
1559 4677 
1322 1322 
1064 1064 
869 869 
1576 4728 
1612 4836 
1945 5835 
506 1518 
1116 3348 
1496 4488 
783 2349 
440 1320 
1037 3111 
914 2742 
1838 612 
609 202 
643 1929 
1667 555 
961 961 
1097 1097 
1694 5082 
1521 506 
1268 1268 
450 1350 
1775 5325 
731 731 
1495 4485 
1318 1318 
1650 549 
901 299 
3 0 
1253 1253 
1331 1331 
820 2460 
367 1101 
160 480 
1009 1009 
740 740 
1661 4983 
396 131 
1624 540 
408 135 
1849 615 
696 696 
350 116 
24 7 
1302 3906 
971 971 
156 468 
896 298 
985 985 
780 780 
1535 511 
935 935 
1033 1033 
430 142 
1288 1288 
1409 469 
769 255 
866 866 
1787 595 
921 2763 
326 978 
806 806 
761 253 
1271 3813 
849 849 
870 870 
1709 569 
1065 354 
1669 5007 
1208 1208 
880 880 
75 24 
792 2376 
1182 3546 
938 938 
1649 549 
793 2379 
1640 4920 
740 2220 
750 2250 
1216 1216 
456 151 
1049 1049 
776 776 
1060 1060 
1655 551 
955 317 
646 1938 
887 887 
1271 1271 
1947 648 
859 859 
847 847 
759 759 
883 883 
1427 4281 
940 940 
364 1092 
1917 638 
759 252 
1003 1003 
709 709 
965 965 
1259 1259 
1617 538 
1904 634 
1917 5751 
789 2367 
360 119 
1488 495 
667 221 
827 2481 
727 727 
1904 5712 
793 263 
1303 433 
673 673 
746 746 
771 256 
1127 1127 
1255 3765 
748 748 
826 826 
908 2724 
1119 1119 
441 146 
406 1218 
505 1515 
897 897 
1604 534 
1677 558 
770 770 
1313 1313 
733 2199 
1816 604 
1202 1202 
202 66 
579 1737 
66 21 
1173 3519 
1343 4029 
428 142 
933 2799 
349 1047 
1200 1200 
141 423 
1010 3030 
1538 512 
1174 390 
1314 1314 
1125 374 
1963 653 
1848 615 
1568 4704 
1944 647 
1288 428 
1272 1272 
990 990 
1632 543 
757 757 
1553 517 
297 98 
788 788 
677 677 
859 285 
926 308 
1485 494 
346 114 
1898 632 
1234 1234 
1319 1319 
374 124 
1358 4074 
1439 4317 
1219 1219 
741 741 
1258 1258 
745 745 
1327 1327 
151 49 
1668 5004 
1498 498 
1845 5535 
841 841 
1184 1184 
926 926 
1051 3153 
672 672 
616 204 
916 304 
131 43 
554 184 
494 164 
944 944 
1364 454 
292 96 
994 2982 
1749 582 
1009 335 
829 2487 
552 1656 
803 803 
1601 4803 
144 47 
845 845 
1105 1105 
1611 4833 
821 273 
1059 1059 
924 2772 
1813 603 
1697 5091 
882 293 
1926 5778 
905 905 
1892 630 
1530 4590 
288 864 
962 2886 
1011 1011 
1291 3873 
1367 4101 
783 260 
401 133 
769 769 
1987 661 
855 855 
550 182 
71 213 
1366 454 
684 684 
753 753 
1700 566 
1857 5571 
1260 1260 
797 2391 
664 1992 
1089 3267 
1084 1084 
1992 5976 
719 2157 
1252 416 
191 63 
1671 5013 
1680 559 
1126 3378 
436 144 
415 137 
1986 661 
1144 3432 
782 782 
864 864 
1689 5067 
270 89 
1111 369 
368 122 
1193 3579 
416 1248 
796 796 
1028 1028 
1645 4935 
1453 4359 
1454 4362 
851 2553 
226 678 
1107 3321 
1228 1228 
659 1977 
1284 1284 
850 850 
670 222 
924 307 
955 955 
1804 5412 
874 290 
474 157 
802 802 
1294 1294 
186 558 
1441 479 
575 191 
873 873 
794 264 
354 1062 
1828 5484 
1493 4479 
1208 402 
174 522 
844 2532 
822 822 
695 2085 
1252 1252 
910 2730 
710 236 
1087 1087 
1326 1326 
1825 5475 
1352 450 
1017 3051 
1916 5748 
115 345 
848 848 
1263 1263 
1095 1095 
896 896 
480 159 
1290 1290 
212 70 
1332 3996 
1061 3183 
1514 504 
1476 491 
1138 378 
752 2256 
1058 1058 
927 2781 
627 1881 
1086 1086 
87 28 
700 700 
1332 1332 
555 1665 
1000 1000 
577 1731 
695 695 
888 295 
1032 1032 
1093 363 
834 834 
641 1923 
351 116 
731 2193 
1811 603 
1007 3021 
950 950 
1214 3642 
1765 5295 
730 242 
685 2055 
1394 464 
553 1659 
781 781 
792 792 
1068 355 
1260 3780 
1003 333 
1390 462 
918 2754 
1963 5889 
871 871 
571 189 
1255 1255 
1633 543 
307 921 
635 211 
1377 458 
900 900 
522 173 
356 118 
704 234 
670 670 
1194 1194 
823 823 
1819 605 
1310 1310 
1467 4401 
1419 472 
327 108 
1294 3882 
1859 619 
1587 4761 
827 275 
620 206 
1574 524 
1758 585 
1627 4881 
1063 3189 
937 311 
1475 4425 
1008 1008 
1465 487 
1147 3441 
138 45 
1129 3387 
1615 4845 
676 224 
1980 5940 
817 817 
1820 5460 
1231 1231 
910 910 
1124 374 
725 725 
1226 3678 
1158 1158 
330 990 
1284 3852 
1251 1251 
1899 5697 
1566 521 
1433 477 
932 932 
996 996 
1071 1071 
1018 1018 
560 1680 
843 843 
41 13 
1837 611 
892 892 
984 2952 
1103 1103 
1639 4917 
1321 1321 
572 1716 
1914 637 
1536 4608 
1512 503 
188 62 
267 801 
20 6 
1799 5397 
801 801 
929 929 
1279 425 
1855 5565 
1201 1201 
1642 4926 
1689 562 
1131 1131 
982 2946 
666 1998 
1168 1168 
452 150 
324 107 
98 32 
1634 4902 
995 995 
464 1392 
1625 541 
1185 3555 
1355 4065 
1140 1140 
1179 1179 
1181 3543 
1664 4992 
1113 1113 
1327 441 
385 127 
1198 3594 
1495 497 
1455 484 
439 145 
426 141 
1291 1291 
1355 451 
1101 1101 
1045 1045 
1110 3330 
1083 1083 
1805 601 
1130 376 
512 170 
1263 3789 
912 303 
229 75 
767 767 
1145 3435 
899 299 
1253 417 
1995 664 
946 314 
993 993 
735 2205 
38 12 
1037 1037 
1030 1030 
835 2505 
1049 349 
1021 1021 
259 85 
1703 5109 
1934 644 
1989 5967 
1154 1154 
1262 420 
718 2154 
1477 4431 
1930 642 
1276 3828 
169 507 
1102 1102 
1364 4092 
8 24 
942 313 
1687 561 
1918 638 
1225 1225 
1285 1285 
1885 627 
786 2358 
1886 628 
1873 5619 
1133 1133 
19 5 
1204 3612 
43 129 
458 152 
668 668 
717 2151 
596 1788 
15 4 
1259 3777 
1000 332 
992 992 
913 913 
1628 4884 
1161 386 
1287 1287 
1116 1116 
901 901 
1065 3195 
706 706 
1099 365 
681 681 
1283 1283 
220 660 
1889 5667 
1102 366 
443 1329 
318 105 
1365 454 
1984 5952 
1982 660 
510 1530 
1123 3369 
415 1245 
986 986 
1499 499 
721 721 
818 818 
918 918 
846 2538 
1190 1190 
1730 576 
1658 552 
600 1800 
1570 522 
1874 624 
1152 1152 
1726 574 
1292 3876 
1096 1096 
1141 1141 
1021 3063 
1188 1188 
1316 3948 
698 232 
1241 413 
980 980 
699 2097 
1206 1206 
204 612 
1375 457 
1172 3516 
1326 441 
470 1410 
792 263 
925 2775 
1078 1078 
1193 1193 
846 846 
478 1434 
1104 3312 
770 2310 
1079 1079 
1383 4149 
1139 3417 
1040 1040 
1015 3045 
1220 1220 
2001 666 
969 969 
1930 5790 
1382 460 
1537 4611 
148 444 
699 232 
761 761 
1230 409 
1862 5586 
1563 520 
1232 1232 
1404 467 
1795 597 
679 679 
1481 4443 
683 683 
1415 4245 
976 976 
738 738 
1719 572 
1080 1080 
206 618 
1916 638 
378 125 
1302 1302 
1020 339 
1122 1122 
1835 611 
75 225 
1401 4203 
1015 337 
1380 4140 
1164 1164 
1249 3747 
1266 1266 
821 821 
1330 1330 
858 858 
192 576 
304 100 
1277 425 
1431 476 
734 244 
1011 3033 
785 2355 
1677 5031 
808 808 
714 714 
1579 525 
1493 497 
1180 392 
829 275 
1506 501 
856 856 
971 2913 
713 237 
1672 556 
1743 580 
786 786 
224 74 
719 719 
298 894 
1211 1211 
1137 3411 
1166 3498 
67 21 
1299 3897 
1204 1204 
766 766 
69 207 
883 2649 
683 2049 
749 749 
97 31 
84 252 
1977 658 
1186 1186 
1843 613 
257 771 
830 830 
1094 364 
870 2610 
1554 4662 
1845 614 
1201 3603 
819 819 
1816 5448 
1128 3384 
1167 1167 
1238 412 
875 875 
108 324 
234 77 
1682 5046 
1145 1145 
392 130 
910 302 
943 313 
941 941 
1207 1207 
1135 1135 
256 84 
861 861 
797 797 
283 849 
454 150 
369 122 
874 874 
923 923 
1605 4815 
226 74 
1064 3192 
1180 3540 
567 1701 
1491 496 
1105 3315 
668 2004 
973 973 
351 1053 
1046 3138 
1147 1147 
1543 513 
1769 5307 
1074 1074 
1633 4899 
1126 1126 
1020 1020 
914 914 
1870 622 
1075 357 
1229 1229 
1320 3960 
633 210 
207 621 
777 777 
750 249 
1213 3639 
1157 385 
708 708 
940 2820 
1752 5256 
1417 4251 
592 1776 
733 733 
1031 1031 
853 2559 
876 876 
1275 1275 
1212 1212 
185 555 
1002 1002 
958 958 
181 59 
502 166 
765 2295 
1098 1098 
1482 493 
1532 510 
1097 365 
520 1560 
1319 439 
682 682 
713 713 
1782 593 
726 241 
1026 1026 
702 233 
758 758 
1958 652 
542 180 
813 2439 
1281 1281 
978 978 
920 920 
1570 4710 
799 799 
732 243 
536 1608 
1308 435 
1351 449 
879 879 
196 588 
760 760 
1318 3954 
1182 1182 
93 30 
1019 339 
743 247 
1152 383 
1198 1198 
1292 430 
1759 585 
1876 5628 
1120 1120 
1180 1180 
966 966 
446 1338 
1547 515 
911 2733 
809 809 
1338 445 
855 284 
888 888 
1877 625 
715 715 
1661 553 
504 1512 
1887 5661 
1269 1269 
410 1230 
686 686 
213 70 
1075 1075 
1385 4155 
399 132 
1132 376 
836 278 
778 778 
1078 3234 
781 2343 
1081 1081 
1093 1093 
1042 1042 
999 999 
917 305 
1134 1134 
1177 391 
884 884 
826 274 
863 863 
1151 383 
885 885 
1293 1293 
774 774 
891 891 
832 2496 
1136 378 
1743 5229 
1001 1001 
833 277 
977 977 
454 1362 
852 2556 
844 844 
1939 645 
969 2907 
1572 4716 
815 815 
1138 1138 
699 699 
763 763 
154 462 
675 675 
263 87 
704 704 
1712 5136 
773 773 
1049 3147 
961 2883 
1603 4809 
1590 4770 
712 236 
1150 1150 
1293 430 
1162 1162 
1800 599 
970 2910 
1300 1300 
716 716 
1127 3381 
1091 1091 
1538 4614 
1157 1157 
1607 535 
1836 5508 
1244 3732 
840 840 
1238 1238 
1244 414 
1798 5394 
1624 4872 
403 1209 
909 909 
340 112 
1744 580 
772 2316 
1013 3039 
1285 3855 
342 1026 
922 922 
1809 602 
1209 1209 
1092 1092 
1129 1129 
1161 1161 
1504 4512 
753 250 
744 744 
1119 3357 
601 1803 
1029 342 
1758 5274 
1090 1090 
766 254 
1718 5154 
722 722 
1199 1199 
188 564 
1098 365 
703 703 
982 982 
151 453 
1134 3402 
774 257 
1529 509 
816 2448 
447 1341 
1305 1305 
877 877 
1273 1273 
906 906 
1183 393 
1214 1214 
794 794 
718 238 
1798 598 
1964 654 
1328 1328 
1659 552 
984 327 
533 177 
947 947 
642 1926 
1652 4956 
1474 490 
1066 354 
562 186 
718 718 
1132 1132 
1178 1178 
61 183 
1035 1035 
1296 1296 
991 991 
1110 1110 
723 723 
412 136 
1812 5436 
812 812 
1717 5151 
859 2577 
90 29 
319 957 
1617 4851 
963 963 
1173 1173 
1146 1146 
1697 565 
1158 3474 
717 238 
862 286 
490 1470 
1174 1174 
1482 4446 
1686 561 
1254 1254 
1172 1172 
380 1140 
1044 1044 
1273 423 
361 1083 
1024 340 
902 902 
867 867 
891 2673 
1244 1244 
622 206 
1909 635 
1540 4620 
911 911 
1419 4257 
688 688 
383 1149 
50 150 
1915 637 
1017 1017 
1248 1248 
736 244 
677 225 
1059 352 
1012 1012 
1207 401 
1546 514 
672 223 
545 181 
1560 4680 
1195 3585 
126 378 
544 180 
1490 4470 
504 167 
1149 1149 
381 126 
852 852 
1693 563 
882 882 
1001 333 
203 609 
1998 5994 
1503 4509 
1082 1082 
712 712 
915 915 
865 2595 
1484 4452 
230 76 
290 96 
1950 649 
1246 1246 
1115 1115 
837 837 
904 904 
898 898 
948 2844 
1130 3390 
1931 643 
1163 1163 
689 229 
734 734 
1692 563 
275 91 
1442 4326 
1983 5949 
1699 5097 
1558 518 
1378 458 
832 832 
811 269 
1024 3072 
1647 548 
833 833 
1706 5118 
1213 403 
235 705 
1574 4722 
516 171 
595 1785 
525 174 
1968 655 
175 525 
994 994 
1824 5472 
739 245 
563 1689 
988 988 
344 1032 
1276 1276 
412 1236 
785 785 
1267 3801 
1849 5547 
825 2475 
1236 3708 
1215 3645 
854 854 
730 730 
1920 639 
376 1128 
311 103 
706 2118 
737 737 
211 633 
1231 409 
816 816 
934 934 
725 241 
649 1947 
679 2037 
630 1890 
600 199 
1663 4989 
1169 1169 
913 2739 
1350 449 
1006 1006 
503 1509 
983 2949 
745 247 
242 726 
1274 1274 
1227 1227 
1581 526 
1921 639 
1215 1215 
472 1416 
957 2871 
1195 1195 
755 755 
164 492 
814 814 
1824 607 
65 21 
610 1830 
10 30 
1016 1016 
1995 5985 
779 2337 
1182 393 
1684 5052 
751 249 
811 811 
1047 1047 
807 807 
1247 1247 
916 916 
1041 346 
1014 1014 
1012 336 
890 890 
1398 465 
1517 4551 
1611 536 
1123 1123 
1270 1270 
41 123 
1738 578 
1943 5829 
810 810 
1274 424 
1663 553 
878 878 
496 1488 
1777 591 
1240 1240 
1346 448 
11 3 
585 1755 
798 798 
1325 1325 
363 120 
750 750 
809 2427 
508 1524 
295 97 
10 2 
1668 555 
1410 4230 
581 193 
1324 1324 
1298 1298 
52 16 
987 987 
751 751 
1100 366 
1664 554 
1887 628 
486 161 
85 27 
1393 4179 
1470 4410 
1177 1177 
1929 642 
1171 1171 
1213 1213 
1679 559 
1853 5559 
752 752 
762 762 
1659 4977 
1262 1262 
1962 5886 
357 118 
423 140 
1144 380 
1594 530 
879 292 
838 838 
876 291 
130 42 
654 1962 
1072 1072 
1935 644 
299 99 
399 1197 
1315 1315 
1128 1128 
1239 412 
975 975 
1933 643 
1497 4491 
789 789 
37 111 
743 2229 
1165 387 
1526 508 
998 2994 
364 120 
865 865 
1228 3684 
653 1959 
1732 576 
1311 1311 
1013 1013 
988 328 
1057 1057 
1236 411 
1642 546 
1257 1257 
921 921 
549 1647 
878 292 
1312 1312 
1103 367 
1029 3087 
1616 4848 
1761 5283 
680 680 
1636 4908 
920 306 
952 952 
1309 1309 
1932 643 
520 172 
1226 1226 
1715 5145 
1902 633 
606 201 
1638 545 
1111 1111 
1466 488 
1055 1055 
738 245 
1400 4200 
931 931 
912 2736 
1520 4560 
165 54 
1584 4752 
1001 3003 
938 2814 
590 1770 
925 925 
1130 1130 
992 330 
1569 522 
1121 1121 
1292 1292 
962 962 
1187 1187 
237 711 
392 1176 
1763 587 
1473 4419 
966 321 
1958 5874 
105 34 
682 226 
820 272 
1155 3465 
618 1854 
1910 5730 
686 2058 
692 230 
1577 4731 
822 273 
1277 1277 
764 764 
1778 592 
732 2196 
1048 1048 
1966 654 
872 2616 
95 31 
276 91 
845 2535 
1211 3633 
824 274 
1449 482 
909 302 
165 495 
747 248 
593 1779 
1210 402 
1232 3696 
1240 412 
1046 1046 
873 290 
1219 405 
1073 357 
927 927 
1996 5988 
596 198 
834 277 
1931 5793 
1434 477 
1276 424 
933 933 
1470 489 
1830 5490 
1025 1025 
1323 3969 
893 893 
484 1452 
1253 3759 
168 504 
861 286 
903 903 
823 2469 
1243 1243 
1750 582 
598 198 
1282 1282 
1241 1241 
1243 413 
939 939 
1183 1183 
1905 5715 
658 218 
1469 4407 
79 237 
1176 1176 
1308 1308 
1106 1106 
975 2925 
1897 5691 
426 1278 
1524 4572 
1254 417 
813 813 
429 1287 
775 775 
1549 4647 
1127 375 
287 95 
968 968 
1228 408 
919 919 
894 894 
1508 4524 
1432 4296 
1156 3468 
828 2484 
1023 3069 
669 222 
1043 1043 
1050 1050 
195 585 
631 1893 
1602 533 
20 60 
240 79 
1406 4218 
1558 4674 
860 860 
1076 1076 
1242 1242 
492 1476 
956 956 
389 129 
1793 5379 
1047 3141 
951 951 
91 29 
1142 1142 
1381 4143 
993 330 
1534 4602 
438 145 
219 72 
706 234 
1108 1108 
713 2139 
457 151 
489 1467 
915 304 
1023 1023 
493 1479 
981 2943 
1329 1329 
772 772 
1151 1151 
845 281 
312 103 
1747 581 
995 2985 
1144 1144 
1545 4635 
868 288 
1954 5862 
7 1 
827 827 
509 169 
808 2424 
1239 1239 
1019 1019 
1056 3168 
930 2790 
1233 1233 
76 24 
742 742 
1153 1153 
744 2232 
1535 4605 
1896 5688 
1519 505 
1112 1112 
771 2313 
779 779 
1077 1077 
1042 3126 
1117 371 
868 2604 
1440 4320 
730 2190 
907 907 
1993 5979 
1059 3177 
743 743 
314 104 
1070 1070 
473 157 
1005 1005 
431 1293 
1024 1024 
834 2502 
729 2187 
271 813 
1791 5373 
1098 3294 
1223 1223 
204 67 
1536 511 
756 756 
836 836 
1360 4080 
179 59 
1720 572 
784 784 
1936 644 
1190 3570 
1022 1022 
886 886 
303 909 
1317 1317 
1370 456 
1062 1062 
1245 1245 
1054 1054 
1081 3243 
1197 1197 
1067 1067 
347 115 
611 203 
149 49 
800 800 
1284 427 
972 972 
574 190 
377 125 
1114 1114 
1094 1094 
850 2550 
1874 5622 
123 369 
984 984 
199 597 
305 101 
945 945 
1679 5037 
1205 401 
908 908 
94 30 
928 928 
1279 1279 
1218 1218 
903 300 
1343 447 
1155 1155 
1728 5184 
1695 564 
1685 561 
707 707 
1459 4377 
862 2586 
1184 3552 
1336 4008 
1563 4689 
394 130 
1416 4248 
1823 5469 
771 771 
1287 428 
825 825 
765 765 
1143 1143 
587 195 
1972 5916 
702 702 
1829 609 
689 689 
690 690 
1938 645 
1501 4503 
953 953 
674 674 
1299 432 
1796 5388 
1250 3750 
1634 544 
1415 471 
1693 5079 
1036 1036 
1301 1301 
763 253 
1436 478 
1527 4581 
1952 650 
1676 558 
223 669 
735 735 
1333 3999 
1165 1165 
404 1212 
131 393 
686 228 
788 2364 
764 2292 
1483 4449 
762 2286 
881 2643 
1015 1015 
1101 3303 
1104 1104 
1396 464 
1038 345 
1068 1068 
1297 1297 
655 1965 
892 296 
1973 5919 
589 195 
1094 3282 
1169 389 
31 9 
51 153 
1224 1224 
634 210 
1858 5574 
1406 468 
191 573 
663 220 
270 810 
1381 459 
945 2835 
1217 1217 
1238 3714 
1897 631 
948 948 
1003 3009 
1217 3651 
123 40 
1189 1189 
881 881 
981 981 
1414 4242 
653 217 
791 791 
29 9 
1544 4632 
1203 1203 
924 924 
1221 1221 
1768 5304 
1918 5754 
295 885 
1851 5553 
408 1224 
463 1389 
983 983 
1100 1100 
219 657 
1797 5391 
221 73 
200 66 
625 207 
1833 5499 
820 820 
912 912 
895 895 
137 45 
941 313 
564 187 
944 314 
959 959 
698 698 
835 835 
1090 362 
717 717 
536 178 
1221 406 
760 252 
854 2562 
1665 554 
1088 1088 
1286 1286 
754 754 
804 804 
1323 1323 
1399 465 
24 72 
1550 516 
1358 452 
1192 3576 
46 14 
547 1641 
173 57 
1714 570 
1598 4794 
494 1482 
