2500 1500
1351 1351 
1395 4185 
1811 5433 
2191 729 
2496 7488 
1647 1647 
1106 1106 
1973 5919 
483 160 
617 205 
964 2892 
1273 1273 
474 1422 
1439 4317 
2061 6183 
930 309 
825 274 
1539 1539 
759 252 
945 2835 
1454 1454 
884 2652 
1489 1489 
1816 5448 
723 240 
2169 6507 
1752 583 
186 558 
244 732 
1101 1101 
234 77 
2159 719 
936 936 
2296 6888 
1438 1438 
2120 6360 
1269 1269 
900 900 
1162 1162 
1459 1459 
1025 3075 
1220 1220 
2289 762 
490 162 
1336 444 
1071 1071 
1951 649 
1558 1558 
80 240 
1464 487 
497 165 
187 61 
750 249 
1376 1376 
1245 1245 
1727 575 
2430 809 
1396 1396 
863 2589 
333 999 
859 859 
1011 3033 
535 1605 
2376 7128 
1719 5157 
1185 1185 
332 110 
1064 1064 
2498 7494 
1572 1572 
1021 339 
1493 497 
117 351 
2439 7317 
1546 1546 
867 288 
1564 1564 
1548 515 
1133 3399 
1590 4770 
2066 688 
211 69 
1534 1534 
403 1209 
2426 808 
2424 807 
1732 5196 
337 1011 
1946 5838 
911 911 
1056 351 
1335 4005 
1941 5823 
1019 339 
370 122 
1487 1487 
2038 6114 
2356 7068 
1278 1278 
1917 5751 
2374 790 
1531 1531 
453 150 
1540 4620 
502 166 
118 38 
1403 4209 
2182 6546 
1554 4662 
1302 3906 
613 203 
2485 827 
1666 1666 
1169 3507 
1485 1485 
927 308 
1447 481 
1011 1011 
1353 1353 
1849 5547 
1080 1080 
1526 1526 
117 38 
1058 1058 
1157 1157 
996 331 
1785 5355 
2165 721 
1269 3807 
1686 5058 
2103 700 
431 143 
2107 701 
2047 6141 
1496 1496 
2223 740 
2352 783 
2221 739 
1393 1393 
1263 1263 
739 2217 
1309 1309 
1525 507 
2408 7224 
572 190 
1283 3849 
567 1701 
757 251 
245 81 
880 880 
220 72 
1041 1041 
420 139 
1417 1417 
1226 1226 
2416 804 
1852 5556 
1708 568 
128 42 
2047 681 
1312 3936 
1533 510 
1232 1232 
2012 6036 
1281 3843 
1836 5508 
910 910 
925 925 
1055 1055 
1446 1446 
641 213 
1349 1349 
1203 1203 
1385 461 
1363 1363 
1116 3348 
156 468 
1344 1344 
1661 1661 
2157 6471 
756 251 
819 272 
1354 1354 
2475 7425 
1375 457 
1223 1223 
940 940 
1751 583 
763 2289 
1113 1113 
318 105 
1928 5784 
1261 1261 
2136 6408 
839 279 
980 980 
268 804 
1598 1598 
838 838 
888 2664 
82 26 
1156 1156 
861 861 
1231 1231 
1057 1057 
898 898 
873 290 
1025 341 
1601 1601 
1114 1114 
435 144 
1512 4536 
1249 1249 
1039 345 
1509 1509 
43 13 
1751 5253 
1404 1404 
1205 1205 
1198 1198 
1869 622 
1853 617 
397 131 
1286 428 
366 1098 
998 2994 
1589 529 
968 968 
407 135 
1483 1483 
1443 1443 
41 123 
94 30 
765 254 
2349 7047 
1789 5367 
1633 4899 
904 2712 
1297 1297 
1034 1034 
1415 1415 
1665 1665 
1143 3429 
346 1038 
1021 1021 
1625 1625 
1554 517 
1470 4410 
930 930 
840 840 
1399 1399 
509 169 
2377 791 
259 777 
242 80 
449 1347 
1308 435 
952 2856 
2215 737 
1190 3570 
1457 485 
809 2427 
1552 1552 
481 1443 
1091 1091 
933 933 
933 2799 
2280 6840 
1375 1375 
1142 1142 
1641 1641 
1567 1567 
51 16 
957 957 
1086 361 
1851 5553 
342 1026 
1027 1027 
122 40 
470 156 
1749 5247 
1114 370 
1952 650 
1299 1299 
2352 7056 
376 1128 
449 149 
781 2343 
2433 810 
2201 6603 
2249 749 
644 1932 
1170 389 
1120 372 
1259 1259 
1254 1254 
1655 1655 
1163 3489 
2432 810 
994 330 
928 928 
1019 3057 
923 923 
973 973 
852 852 
1200 399 
1521 1521 
340 112 
943 943 
862 2586 
674 224 
1640 1640 
1001 1001 
280 840 
824 274 
2198 6594 
1319 3957 
976 324 
529 1587 
1656 1656 
848 848 
1050 1050 
1921 639 
674 2022 
1394 4182 
1323 440 
712 2136 
505 167 
1352 1352 
1739 579 
274 822 
1522 1522 
885 885 
2084 694 
899 899 
1623 1623 
1508 4524 
684 227 
921 921 
524 174 
1450 1450 
891 891 
1561 519 
302 906 
2441 7323 
1032 1032 
1743 580 
1447 1447 
2331 776 
840 279 
1200 1200 
2144 6432 
1290 429 
1210 1210 
929 929 
1505 4515 
2128 6384 
1515 1515 
1139 3417 
281 843 
1301 1301 
1446 481 
1247 1247 
1215 1215 
2337 778 
1389 1389 
1709 569 
1395 1395 
1105 1105 
2153 6459 
2437 7311 
900 299 
1094 1094 
48 15 
1721 573 
2195 6585 
1010 3030 
768 2304 
1040 1040 
1225 1225 
841 841 
1408 1408 
1467 1467 
694 230 
1451 1451 
284 94 
2065 6195 
2259 752 
1329 1329 
136 44 
836 836 
1286 3858 
663 220 
1729 575 
1403 1403 
961 319 
1385 1385 
1874 624 
1056 1056 
2193 730 
2181 726 
1741 579 
776 258 
1472 490 
1122 3366 
1136 1136 
885 294 
2421 7263 
855 2565 
754 250 
13 3 
1336 4008 
1209 1209 
1088 362 
2078 692 
1686 561 
1076 1076 
1478 492 
1321 1321 
2338 7014 
859 2577 
2257 751 
947 315 
959 2877 
1342 4026 
1794 597 
1373 457 
7 21 
1031 1031 
1279 425 
1930 642 
1499 1499 
977 325 
189 567 
188 62 
1383 460 
2026 674 
741 246 
90 29 
1374 1374 
2300 766 
447 148 
506 168 
891 2673 
191 573 
1836 611 
868 868 
1216 1216 
896 896 
892 296 
1047 1047 
224 672 
2035 6105 
1290 1290 
1235 1235 
1350 1350 
1532 1532 
1267 1267 
2398 798 
1634 1634 
1808 602 
465 154 
961 961 
419 139 
131 393 
1080 359 
61 183 
238 714 
945 945 
1514 4542 
1593 1593 
2149 6447 
1017 1017 
1657 1657 
1968 655 
1998 5994 
821 2463 
20 6 
1019 1019 
346 114 
1386 1386 
1395 464 
1545 1545 
2268 755 
1477 1477 
651 216 
928 2784 
738 245 
1320 3960 
1205 401 
137 45 
1426 4278 
496 1488 
1322 1322 
1554 1554 
2276 6828 
704 234 
1297 431 
1167 1167 
2485 7455 
1383 1383 
1195 1195 
987 987 
1343 1343 
133 43 
1453 483 
739 245 
1652 4956 
30 9 
1595 1595 
1196 398 
2286 761 
1401 1401 
995 995 
246 81 
321 963 
1555 1555 
14 42 
413 1239 
993 330 
1077 1077 
1735 5205 
833 2499 
1161 1161 
1507 1507 
1565 521 
1502 1502 
1444 4332 
1424 1424 
969 322 
1277 1277 
1302 1302 
1182 1182 
1589 1589 
2470 822 
1974 5922 
1661 4983 
1492 1492 
576 191 
1967 655 
1634 544 
1552 4656 
766 254 
1181 3543 
531 1593 
1023 1023 
619 1857 
840 2520 
1588 1588 
1510 502 
1516 1516 
2320 772 
1473 1473 
615 204 
1527 4581 
623 1869 
1548 4644 
2362 7086 
677 2031 
856 284 
481 159 
2343 780 
2204 734 
1004 334 
939 939 
1031 3093 
980 326 
1305 1305 
620 1860 
1658 4974 
1009 335 
388 1164 
2502 833 
633 1899 
1701 5103 
997 997 
1010 1010 
918 918 
1100 1100 
1619 1619 
1283 1283 
998 332 
650 216 
1072 1072 
655 1965 
395 131 
1224 1224 
1327 441 
192 63 
1348 4044 
149 49 
1328 1328 
1333 1333 
1465 4395 
877 877 
34 10 
1310 3930 
1627 1627 
1317 1317 
1464 1464 
1255 1255 
1191 396 
1813 603 
904 904 
881 881 
1326 441 
1967 5901 
217 651 
2261 6783 
1175 1175 
1662 4986 
2207 6621 
111 36 
1421 1421 
1581 1581 
1274 1274 
1229 1229 
1154 384 
589 195 
1803 5409 
676 224 
2126 6378 
1550 516 
774 257 
1109 1109 
1069 3207 
1371 4113 
1356 1356 
897 298 
1376 4128 
1411 469 
1514 1514 
1624 540 
762 2286 
1525 1525 
1447 4341 
1243 1243 
2174 6522 
308 924 
1152 1152 
1256 1256 
890 890 
2151 6453 
1354 450 
1295 1295 
607 1821 
1061 1061 
2172 723 
324 972 
1486 1486 
1400 466 
2471 7413 
1906 5718 
1346 1346 
1636 1636 
1373 4119 
214 642 
1519 1519 
1621 1621 
2225 741 
328 108 
1250 1250 
1391 1391 
76 228 
1386 4158 
1470 1470 
1594 4782 
2205 6615 
691 2073 
825 2475 
831 276 
2142 6426 
1309 3927 
433 1299 
2448 815 
1561 1561 
109 35 
409 1227 
389 129 
1193 1193 
1162 3486 
1951 5853 
1565 1565 
948 2844 
1401 4203 
2232 6696 
1605 534 
264 792 
1476 4428 
1337 4011 
1421 4263 
764 254 
1148 1148 
163 489 
909 909 
1436 1436 
1530 1530 
2341 7023 
837 837 
846 846 
871 289 
1637 4911 
28 84 
2287 761 
2279 759 
1077 358 
58 18 
2262 753 
140 46 
2321 773 
2391 7173 
1227 408 
754 2262 
274 90 
1716 571 
1490 1490 
1262 420 
1090 1090 
1154 1154 
2420 806 
1158 1158 
969 969 
1461 1461 
1052 1052 
1392 1392 
2299 765 
404 134 
1407 1407 
1935 5805 
1074 1074 
844 844 
1629 1629 
361 1083 
515 171 
2186 6558 
1330 442 
1128 3384 
1288 1288 
1120 3360 
359 1077 
301 903 
963 963 
617 1851 
2147 715 
1915 5745 
693 2079 
1914 637 
1536 4608 
1728 575 
1623 540 
1339 1339 
339 112 
1419 1419 
851 2553 
1063 1063 
1394 1394 
1589 4767 
1445 1445 
1531 509 
884 884 
1712 5136 
901 299 
1082 1082 
912 912 
419 1257 
1504 1504 
69 22 
1568 522 
304 912 
1360 452 
559 185 
1329 3987 
1046 1046 
1571 4713 
1684 560 
1907 5721 
1052 3156 
299 897 
1902 633 
494 1482 
1775 5325 
1085 1085 
1238 1238 
690 2070 
1149 1149 
1144 3432 
1458 1458 
783 260 
1334 444 
1528 1528 
2353 783 
67 21 
2491 829 
126 41 
2064 687 
1068 355 
1950 5850 
1258 1258 
166 54 
1945 5835 
1004 1004 
2188 6564 
959 959 
532 176 
1366 454 
1192 396 
303 909 
1523 1523 
1352 4056 
277 831 
1084 360 
2147 6441 
1630 4890 
1616 538 
1087 1087 
657 218 
464 154 
1018 1018 
126 378 
2494 7482 
1356 451 
736 2208 
1338 1338 
897 2691 
1228 3684 
319 105 
702 2106 
1576 524 
226 74 
1651 1651 
2425 7275 
1516 504 
1543 1543 
184 60 
1119 1119 
1929 642 
1501 1501 
1252 1252 
454 1362 
1078 1078 
1244 1244 
1427 1427 
216 648 
1962 653 
2331 6993 
1275 1275 
1772 590 
835 835 
1187 1187 
1778 5334 
1571 1571 
1841 613 
919 919 
1098 1098 
1468 1468 
2213 6639 
697 231 
2117 6351 
728 2184 
645 214 
1808 5424 
204 612 
309 102 
1630 1630 
1108 1108 
1950 649 
1743 5229 
1108 368 
1301 3903 
1831 5493 
1311 436 
771 256 
983 983 
1276 1276 
1066 1066 
2129 709 
711 236 
1441 4323 
1919 5757 
2402 7206 
1032 343 
1844 614 
935 935 
828 2484 
2246 6738 
1464 4392 
956 2868 
1319 1319 
190 62 
1201 399 
1061 353 
2489 829 
873 873 
104 34 
1323 3969 
416 138 
2348 782 
1044 1044 
1264 1264 
2419 805 
1479 1479 
628 1884 
541 1623 
21 6 
91 29 
2223 6669 
1652 550 
2488 7464 
1879 5637 
1597 1597 
1348 1348 
1444 1444 
2322 773 
1665 4995 
2111 703 
79 25 
1292 1292 
1348 448 
1176 3528 
1405 1405 
1476 1476 
1247 3741 
4 0 
1592 1592 
147 441 
1455 1455 
1550 1550 
1211 1211 
947 2841 
1207 1207 
1054 1054 
1038 1038 
1370 1370 
1484 1484 
1254 417 
602 200 
450 149 
1960 652 
1411 1411 
854 854 
1036 1036 
908 908 
1384 1384 
1208 1208 
2050 6150 
1028 1028 
360 1080 
1498 1498 
787 2361 
942 942 
1414 470 
34 102 
1643 4929 
1018 338 
1794 5382 
978 978 
1378 1378 
1418 1418 
2297 6891 
1626 1626 
323 969 
2166 721 
668 222 
1533 1533 
1398 1398 
1122 1122 
1696 5088 
495 1485 
1811 603 
1202 1202 
1577 1577 
493 1479 
610 1830 
1218 3654 
1590 1590 
378 125 
31 93 
1510 1510 
530 1590 
507 168 
131 43 
2053 683 
1985 5955 
1202 3606 
69 207 
1380 1380 
1756 5268 
1351 449 
2396 7188 
1170 3510 
1087 3261 
756 2268 
1112 1112 
994 994 
748 248 
1960 5880 
1217 1217 
1448 1448 
1169 1169 
1237 3711 
1723 573 
1501 499 
2355 784 
1437 1437 
1938 645 
2100 699 
1578 1578 
2319 772 
848 2544 
1997 665 
1937 5811 
1918 5754 
1428 1428 
1423 1423 
2201 733 
1265 1265 
1642 1642 
1131 1131 
385 1155 
1332 1332 
1664 554 
1852 616 
1117 371 
1093 1093 
240 720 
1081 359 
234 702 
1246 414 
996 996 
570 1710 
1602 1602 
1266 1266 
1095 3285 
384 1152 
931 931 
1570 1570 
1150 1150 
851 851 
1067 355 
2250 6750 
1585 4755 
1272 1272 
486 1458 
1824 5472 
1168 1168 
1610 1610 
1664 1664 
1043 347 
1022 1022 
1978 658 
2411 7233 
760 252 
1654 1654 
1006 3018 
903 903 
1544 1544 
2368 7104 
1524 1524 
1378 458 
1479 4437 
1658 1658 
357 118 
1429 1429 
582 1746 
641 1923 
868 288 
2090 696 
31 9 
2064 6192 
1307 1307 
1209 3627 
979 979 
2018 672 
1359 1359 
1387 4161 
827 2481 
583 1749 
1369 4107 
749 2247 
276 91 
1820 5460 
1127 1127 
1148 3444 
855 855 
54 17 
2304 767 
245 735 
280 92 
2442 813 
289 867 
524 1572 
1845 5535 
1332 443 
292 96 
500 166 
1088 1088 
2184 6552 
2131 709 
2342 7026 
1494 4482 
1523 507 
1414 1414 
1217 405 
2370 7110 
1342 1342 
1541 1541 
1070 1070 
1364 1364 
1389 462 
1717 5151 
1002 333 
2451 7353 
1539 512 
1323 1323 
1219 3657 
1592 530 
1288 3864 
1603 533 
1341 1341 
1100 366 
1654 550 
1576 1576 
1134 3402 
1593 4779 
1270 1270 
1503 500 
653 217 
1154 3462 
64 20 
619 205 
1067 1067 
787 261 
575 1725 
536 1608 
894 2682 
49 15 
1920 5760 
28 8 
888 295 
2151 716 
394 130 
538 178 
2412 7236 
1738 5214 
2154 6462 
225 74 
1 3 
1291 429 
1043 1043 
1787 595 
1725 5175 
1320 1320 
1368 4104 
753 250 
1512 503 
1632 1632 
490 1470 
58 174 
1463 1463 
1230 1230 
1888 5664 
2230 6690 
251 753 
1191 1191 
889 2667 
849 2547 
1959 5877 
89 267 
1221 1221 
1586 1586 
1422 1422 
2434 810 
1068 1068 
2416 7248 
1563 4689 
145 47 
1643 1643 
59 19 
594 197 
1567 521 
1108 3324 
1258 418 
1025 1025 
597 198 
1532 510 
1899 5697 
826 274 
2316 771 
1065 1065 
867 2601 
1380 459 
1923 5769 
1472 1472 
256 768 
1127 375 
83 249 
1674 5022 
992 992 
1119 3357 
1196 1196 
1201 1201 
1733 5199 
2312 770 
142 46 
1654 4962 
2401 7203 
1420 1420 
1897 631 
1680 559 
784 2352 
611 1833 
835 2505 
196 64 
1330 1330 
2346 7038 
1219 1219 
1095 364 
1079 1079 
593 1779 
1192 1192 
999 999 
946 946 
1215 404 
566 188 
920 920 
1659 1659 
1390 1390 
293 97 
1584 527 
1053 3159 
1005 1005 
2245 747 
1731 576 
111 333 
1197 1197 
2158 718 
1186 1186 
1190 1190 
1179 3537 
352 1056 
479 159 
2121 706 
977 977 
2156 718 
702 233 
2401 799 
1335 1335 
1649 4947 
558 1674 
1596 1596 
2382 793 
1588 528 
1174 1174 
1722 5166 
103 309 
547 181 
989 989 
831 2493 
470 1410 
1290 3870 
99 32 
883 883 
1562 1562 
552 1656 
1328 3984 
856 856 
1128 1128 
185 61 
902 902 
368 1104 
1726 574 
1465 1465 
179 59 
1132 376 
1983 5949 
1461 486 
1973 657 
1857 5571 
1433 1433 
1941 646 
2162 720 
533 1599 
889 889 
2087 695 
465 1395 
2358 785 
554 1662 
947 947 
958 958 
265 87 
382 1146 
967 967 
1452 483 
425 141 
1369 455 
1609 535 
2261 753 
1289 3867 
1507 4521 
1454 484 
2365 787 
1184 3552 
1032 3096 
1458 485 
2081 6243 
2161 6483 
2455 7365 
1499 499 
1980 659 
1027 3081 
426 1278 
1466 1466 
1603 1603 
109 327 
1357 1357 
579 192 
992 2976 
1371 1371 
607 201 
800 266 
66 21 
982 326 
680 226 
1660 1660 
906 906 
72 23 
116 38 
990 329 
1307 3921 
1134 1134 
1065 3195 
1591 529 
2000 666 
888 888 
1931 5793 
1503 1503 
2040 6120 
581 193 
976 976 
941 2823 
1177 1177 
1060 1060 
1445 4335 
1336 1336 
51 153 
1457 1457 
2217 738 
214 70 
1097 1097 
1064 3192 
965 965 
2145 714 
1624 1624 
506 1518 
1314 1314 
1536 1536 
2214 737 
389 1167 
867 867 
1037 345 
253 759 
1180 1180 
2464 7392 
356 1068 
103 33 
1121 1121 
917 305 
2006 6018 
843 280 
887 295 
1936 5808 
1427 4281 
1310 436 
1646 4938 
1060 3180 
2360 7080 
1797 598 
1774 5322 
886 886 
2345 7035 
842 842 
2369 789 
331 109 
600 1800 
811 2433 
946 2838 
917 917 
526 1578 
65 21 
725 241 
1117 1117 
578 192 
594 1782 
2033 6099 
1495 1495 
1775 591 
1253 1253 
1894 5682 
1013 1013 
1566 521 
1381 1381 
761 2283 
1326 3978 
314 942 
967 2901 
1516 4548 
1228 1228 
981 981 
1553 1553 
1361 1361 
1240 1240 
1311 1311 
1580 1580 
2435 7305 
2321 6963 
1837 611 
1126 1126 
2281 6843 
1257 1257 
1184 1184 
504 167 
1688 562 
1606 1606 
1318 1318 
682 226 
1166 1166 
1584 1584 
1120 1120 
1529 1529 
2236 744 
587 195 
1649 549 
2095 697 
1474 1474 
2373 7119 
722 240 
1896 5688 
1763 587 
1242 1242 
1987 661 
966 321 
2315 6945 
879 879 
367 1101 
727 2181 
996 2988 
1235 3705 
229 687 
1360 1360 
934 934 
499 165 
1264 3792 
665 1995 
432 143 
670 2010 
2069 6207 
1511 1511 
2451 816 
834 2502 
1585 1585 
57 18 
1431 1431 
1381 459 
806 2418 
1520 4560 
1073 1073 
195 64 
902 2706 
1949 649 
2433 7299 
914 914 
1434 1434 
930 2790 
22 6 
1293 1293 
1600 1600 
1557 1557 
1915 637 
822 273 
1418 472 
54 162 
993 993 
1412 1412 
1943 647 
1227 1227 
897 897 
1107 368 
706 234 
769 255 
1347 1347 
467 155 
1141 379 
1682 5046 
1251 1251 
250 82 
326 108 
1993 5979 
1667 5001 
1527 1527 
1496 4488 
1337 1337 
1096 1096 
27 8 
1171 1171 
1173 1173 
473 157 
692 2076 
1124 1124 
236 708 
1435 1435 
649 1947 
837 278 
805 2415 
1369 1369 
1049 1049 
879 2637 
2059 685 
1124 3372 
1761 586 
1923 640 
1823 607 
899 2697 
1279 1279 
1246 1246 
1197 3591 
975 975 
1029 1029 
224 74 
1285 3855 
66 198 
2430 7290 
1071 3213 
1517 1517 
1494 1494 
1121 373 
1256 3768 
1662 553 
1023 3069 
878 878 
2137 6411 
1035 1035 
516 171 
1159 1159 
276 828 
2219 739 
1905 634 
454 150 
2443 813 
1491 1491 
1203 400 
962 320 
737 245 
317 951 
944 944 
1713 5139 
719 239 
1783 593 
1477 491 
1362 1362 
1611 536 
1045 3135 
1595 4785 
964 964 
1517 4551 
1095 1095 
1105 367 
23 69 
2459 819 
1321 3963 
1113 3339 
483 1449 
1592 4776 
937 937 
1331 1331 
71 23 
839 839 
1341 446 
1135 1135 
500 1500 
1484 494 
1649 1649 
1559 1559 
1238 3714 
1135 377 
922 922 
1253 3759 
304 100 
1731 5193 
123 40 
1037 1037 
1608 535 
1146 1146 
2120 706 
543 180 
430 1290 
278 92 
602 1806 
991 991 
2150 6450 
283 849 
923 307 
9 27 
2495 831 
2232 743 
21 63 
985 985 
201 603 
1062 1062 
1288 428 
1189 1189 
279 837 
1312 1312 
2179 6537 
1631 1631 
949 949 
1548 1548 
1491 496 
902 300 
1099 1099 
853 853 
1856 5568 
1140 1140 
2045 681 
1104 1104 
1083 1083 
1512 1512 
1480 1480 
482 160 
1179 1179 
1132 1132 
2288 762 
2385 7155 
1435 477 
801 266 
1239 1239 
87 261 
2069 689 
1531 4593 
709 2127 
841 2523 
2161 719 
798 265 
1547 1547 
1641 4923 
2314 6942 
176 58 
560 186 
1397 465 
1377 1377 
478 158 
1355 1355 
1129 375 
1865 5595 
1241 1241 
577 1731 
911 2733 
1416 1416 
349 115 
890 2670 
1137 1137 
2494 830 
1165 3495 
634 210 
1003 1003 
820 272 
1718 5154 
1455 4365 
2301 766 
1505 1505 
130 390 
1270 3810 
1259 419 
2225 6675 
1575 4725 
2246 748 
1326 1326 
1205 3615 
1034 344 
1482 1482 
1172 1172 
1015 1015 
1398 4194 
1520 1520 
1791 5373 
1403 467 
327 108 
598 198 
950 950 
120 360 
1047 348 
1390 4170 
348 1044 
2130 6390 
2194 730 
1542 513 
1613 537 
1927 5781 
2203 733 
1936 644 
1872 623 
1810 5430 
1218 1218 
1888 628 
2015 6045 
891 296 
2189 6567 
243 80 
683 2049 
1551 1551 
1147 1147 
174 522 
2418 7254 
692 230 
70 210 
676 2028 
573 1719 
697 2091 
978 325 
1182 3546 
327 981 
429 142 
2182 726 
1508 1508 
2285 761 
1153 1153 
1537 1537 
2361 7083 
1545 4635 
595 1785 
1138 3414 
473 1419 
1206 3618 
1115 1115 
2075 691 
1007 1007 
717 2151 
1155 384 
1339 445 
1989 662 
1542 1542 
1590 529 
1556 1556 
1308 1308 
2323 773 
1613 1613 
157 51 
1102 1102 
2229 742 
1296 1296 
1316 438 
1113 370 
1460 1460 
966 966 
1620 1620 
1271 1271 
1390 462 
2265 754 
883 2649 
1194 3582 
954 2862 
948 948 
847 847 
2077 6231 
1324 1324 
1028 3084 
1878 625 
1183 1183 
237 711 
1863 5589 
2164 6492 
408 1224 
970 970 
531 176 
1294 1294 
2480 7440 
786 2358 
1300 1300 
1233 1233 
1186 394 
894 894 
687 228 
979 2937 
1859 5577 
1236 1236 
926 926 
1644 4932 
1287 1287 
468 1404 
960 960 
1121 3363 
609 1827 
733 243 
1442 1442 
1089 362 
2385 794 
1605 1605 
903 2709 
1142 380 
882 882 
1084 1084 
893 893 
1582 1582 
1475 4425 
1653 1653 
901 901 
199 597 
1456 1456 
866 866 
1340 1340 
1797 5391 
1563 1563 
563 1689 
1151 1151 
838 2514 
475 157 
380 126 
1351 4053 
2243 6729 
2452 7356 
1405 467 
2159 6477 
331 993 
1493 1493 
1144 1144 
1497 1497 
1217 3651 
1048 3144 
1093 363 
1165 1165 
1651 549 
845 281 
1037 3111 
2254 750 
559 1677 
1867 5601 
1352 450 
1294 3882 
2213 737 
1000 3000 
1449 1449 
1600 532 
1385 4155 
169 507 
943 313 
98 294 
2391 796 
240 79 
242 726 
2337 7011 
243 729 
1887 5661 
870 870 
1530 509 
1222 3666 
688 2064 
1462 4386 
270 89 
2330 6990 
1538 1538 
661 1983 
1133 1133 
1218 405 
375 1125 
1022 3066 
1788 595 
1382 1382 
1248 1248 
2269 755 
1834 610 
174 57 
1616 1616 
1622 1622 
1478 1478 
1430 1430 
1118 3354 
817 2451 
151 453 
1681 5043 
1670 556 
1417 471 
569 1707 
2307 6921 
798 2394 
1622 4866 
1322 3966 
56 18 
589 1767 
603 1809 
659 1977 
1048 348 
584 1752 
545 181 
1481 1481 
2452 816 
2450 7350 
78 25 
2366 7098 
1546 4638 
1626 4878 
1249 3747 
2267 755 
1033 1033 
517 1551 
1109 3327 
1020 3060 
718 2154 
1597 4791 
713 2139 
1313 1313 
603 200 
108 324 
2094 6282 
343 1029 
1240 3720 
1006 1006 
46 14 
1425 1425 
972 972 
1334 1334 
1448 482 
1901 633 
1262 1262 
230 76 
1444 480 
1503 4509 
250 750 
1396 464 
316 104 
1176 1176 
1980 5940 
1098 365 
1332 3996 
1024 1024 
1895 631 
2351 7053 
334 110 
1365 1365 
394 1182 
1286 1286 
746 248 
1596 4788 
75 24 
1662 1662 
1555 4665 
1129 1129 
1361 4083 
1596 531 
1183 3549 
873 2619 
369 1107 
1471 489 
1687 561 
551 183 
2057 6171 
56 168 
1957 651 
1033 343 
1545 514 
852 2556 
915 915 
916 304 
1013 337 
1628 1628 
1428 4284 
932 932 
1889 5667 
998 998 
1306 434 
1166 388 
1359 452 
1638 1638 
758 252 
1799 599 
1779 5337 
2000 6000 
1663 1663 
1016 1016 
2096 6288 
1130 1130 
1587 1587 
1481 493 
166 498 
1289 1289 
482 1446 
1618 1618 
2499 832 
239 79 
1579 1579 
1648 1648 
1103 1103 
2347 7041 
1613 4839 
1206 1206 
262 786 
1452 4356 
2468 822 
425 1275 
1118 1118 
1141 1141 
2050 682 
1570 4710 
887 887 
1413 1413 
1588 4764 
2032 676 
2010 669 
1952 5856 
541 179 
618 1854 
1138 1138 
695 2085 
1316 1316 
921 2763 
1178 1178 
1566 1566 
2049 682 
1139 379 
687 2061 
1779 592 
955 955 
1730 5190 
1073 3219 
1199 1199 
747 2241 
1409 1409 
1382 4146 
2323 6969 
1161 386 
2071 689 
1583 1583 
119 39 
1000 1000 
916 2748 
1633 1633 
1023 340 
513 1539 
1048 1048 
1760 5280 
2247 748 
1758 5274 
1462 1462 
1432 1432 
1549 4647 
1265 421 
1801 5403 
2305 6915 
1065 354 
1163 1163 
1500 4500 
648 1944 
1753 5259 
1304 1304 
1082 360 
904 300 
338 112 
1581 526 
1638 4914 
446 1338 
924 2772 
892 892 
1648 4944 
1420 472 
1110 1110 
1014 1014 
1194 1194 
1243 413 
2406 801 
1051 1051 
1350 449 
1644 1644 
1540 1540 
147 48 
1314 437 
862 862 
1879 625 
2497 7491 
869 869 
1366 1366 
202 66 
1004 3012 
160 52 
1193 397 
551 1653 
1522 4566 
1488 1488 
1513 1513 
1047 3141 
626 208 
1443 480 
1728 5184 
1911 5733 
1116 1116 
1671 556 
849 849 
1677 558 
1549 1549 
1143 1143 
23 7 
198 594 
953 953 
462 153 
1518 1518 
633 210 
1402 1402 
261 783 
764 2292 
1882 5646 
478 1434 
2431 7293 
1566 4698 
1405 4215 
705 2115 
1764 5292 
1261 3783 
1535 1535 
2344 7032 
2035 677 
1861 5583 
445 147 
2361 786 
1440 1440 
1574 1574 
418 1254 
1204 3612 
1161 3483 
1379 1379 
939 2817 
755 251 
863 863 
1431 4293 
1710 569 
1164 1164 
2224 740 
2104 700 
1017 3051 
1075 1075 
2400 799 
2183 6549 
986 2958 
656 218 
1310 1310 
971 971 
561 186 
860 860 
285 94 
962 962 
1075 3225 
219 657 
1607 1607 
1234 1234 
666 221 
910 302 
579 1737 
1646 1646 
1639 1639 
1891 629 
843 843 
1449 4347 
1943 5829 
866 2598 
1490 4470 
606 201 
1907 635 
1857 618 
1103 3309 
1651 4953 
613 1839 
1501 4503 
870 2610 
865 865 
1363 453 
294 97 
918 2754 
1170 1170 
858 858 
1615 1615 
974 974 
421 1263 
1790 5370 
1282 1282 
863 287 
1488 4464 
516 1548 
726 2178 
981 2943 
1291 1291 
2092 696 
2051 683 
106 34 
1002 1002 
2462 820 
1200 3600 
122 366 
417 138 
592 196 
1469 1469 
2072 6216 
1866 5598 
945 314 
1591 1591 
1012 1012 
1506 1506 
2094 697 
1652 1652 
1178 3534 
2496 831 
93 30 
205 67 
1188 1188 
231 76 
1748 582 
1384 460 
492 1476 
1368 1368 
1471 1471 
1358 1358 
1583 527 
1650 1650 
2116 704 
45 14 
2295 6885 
1526 4578 
790 2370 
1604 1604 
954 954 
74 222 
1674 557 
576 1728 
1612 1612 
1111 1111 
990 990 
1045 1045 
1410 1410 
2087 6261 
964 320 
1426 1426 
321 106 
193 63 
1550 4650 
2280 759 
1475 1475 
1406 1406 
984 984 
2099 6297 
1815 5445 
1865 621 
1026 1026 
2171 6513 
1235 411 
987 328 
2467 7401 
325 107 
2419 7257 
431 1293 
62 20 
675 224 
1400 1400 
913 913 
1367 1367 
1232 3696 
2044 6132 
1092 363 
875 875 
1635 1635 
2026 6078 
16 4 
990 2970 
1381 4143 
557 1671 
246 738 
29 9 
345 114 
2423 807 
1614 1614 
1014 337 
727 241 
2241 746 
1116 371 
796 2388 
2318 6954 
1985 661 
1059 1059 
1372 1372 
1145 1145 
597 1791 
2140 6420 
924 924 
2484 827 
1197 398 
632 210 
743 247 
545 1635 
1345 447 
177 58 
1257 418 
155 465 
1038 345 
561 1683 
2208 735 
1793 5379 
857 857 
1086 1086 
1480 4440 
2002 6006 
1089 1089 
681 2043 
1608 1608 
1059 352 
1560 519 
1776 591 
1281 1281 
1893 5679 
2192 6576 
1155 1155 
1297 3891 
1617 1617 
1237 1237 
2336 778 
1439 1439 
794 2382 
1573 1573 
821 273 
1628 542 
1039 1039 
286 858 
2383 793 
1821 5463 
1502 500 
1252 3756 
1280 1280 
1814 604 
1327 1327 
1462 486 
334 1002 
1260 1260 
1303 1303 
871 871 
1373 1373 
1020 1020 
1204 1204 
279 92 
1081 1081 
549 182 
1053 1053 
1282 426 
1397 1397 
1900 632 
1424 474 
875 2625 
1795 597 
1682 560 
565 187 
691 229 
1599 1599 
292 876 
2421 806 
799 265 
872 872 
2260 752 
2325 774 
2476 824 
1146 381 
1149 3447 
1179 392 
1214 1214 
1441 1441 
124 372 
510 169 
52 16 
1279 3837 
1569 1569 
1930 5790 
938 938 
1247 415 
1753 583 
1107 1107 
10 2 
1134 377 
1594 1594 
864 864 
1798 5394 
845 845 
2340 779 
1157 3471 
1705 5115 
907 907 
1361 453 
85 27 
1216 3648 
818 2454 
399 1197 
1560 1560 
1387 1387 
1325 1325 
1222 1222 
1782 5346 
629 209 
2036 6108 
466 154 
1284 1284 
385 127 
874 874 
916 916 
895 895 
526 174 
842 280 
2098 698 
2197 6591 
401 133 
1123 1123 
1212 1212 
1440 479 
1268 1268 
2274 6822 
2273 6819 
2240 6720 
785 2355 
850 850 
2304 6912 
2371 789 
951 951 
1964 654 
2312 6936 
1509 4527 
1637 1637 
1872 5616 
780 259 
1268 3804 
952 952 
1038 3114 
1125 1125 
2070 689 
355 117 
1574 524 
1008 1008 
1069 1069 
1645 1645 
519 1557 
1404 4212 
42 13 
1555 517 
1207 3621 
982 982 
956 956 
1213 1213 
1388 1388 
303 100 
1042 1042 
2325 6975 
1609 1609 
804 267 
927 927 
2110 702 
1345 1345 
905 905 
1306 1306 
942 2826 
1295 3885 
420 1260 
1139 1139 
1488 495 
1372 4116 
961 2883 
1453 1453 
324 107 
2176 724 
1298 1298 
876 876 
789 262 
693 230 
2037 6111 
941 941 
1500 1500 
1465 487 
686 228 
1181 1181 
180 540 
1285 1285 
986 986 
828 275 
988 988 
2106 6318 
1009 1009 
650 1950 
2240 746 
1575 1575 
293 879 
1568 1568 
1160 1160 
826 2478 
2233 743 
649 215 
1529 509 
1452 1452 
208 68 
1092 1092 
1030 1030 
1315 1315 
1816 604 
1611 1611 
