2000 4000
510 1530 
1039 345 
1079 3237 
214 642 
692 692 
291 96 
839 839 
404 1212 
1653 4959 
721 721 
884 884 
1122 1122 
856 856 
703 2109 
755 755 
1342 446 
1024 3072 
1806 601 
972 972 
1142 1142 
959 319 
1186 3558 
1606 4818 
707 707 
1503 4509 
807 2421 
281 843 
1310 1310 
590 1770 
1879 625 
1294 1294 
1464 487 
983 983 
883 883 
1204 1204 
57 171 
609 202 
1121 3363 
511 1533 
1263 420 
733 733 
851 283 
218 654 
1373 4119 
76 228 
715 2145 
956 956 
383 1149 
811 811 
26 78 
770 770 
804 804 
1443 480 
1309 1309 
1238 1238 
996 996 
1911 5733 
1005 334 
1041 1041 
107 35 
911 303 
827 827 
1562 4686 
751 2253 
799 799 
882 882 
229 687 
808 2424 
1265 3795 
1236 411 
1065 354 
1545 514 
1788 595 
1243 1243 
1277 1277 
644 214 
854 854 
1722 573 
969 969 
778 778 
416 138 
1307 1307 
1656 4968 
457 1371 
386 1158 
1872 5616 
1484 494 
586 1758 
1047 348 
1002 1002 
641 1923 
1670 556 
1560 4680 
975 975 
474 157 
927 308 
115 37 
890 2670 
703 703 
1048 1048 
1039 1039 
1306 1306 
1534 510 
1624 540 
1329 1329 
948 948 
1237 411 
1901 5703 
1050 1050 
1058 1058 
1838 5514 
1223 1223 
81 26 
521 1563 
385 127 
832 276 
1078 1078 
1035 344 
1420 4260 
1979 5937 
1200 399 
886 2658 
1209 3627 
934 934 
553 183 
409 135 
1784 594 
1604 534 
1055 3165 
914 914 
530 1590 
1000 1000 
999 2997 
1919 639 
606 1818 
1744 5232 
939 939 
467 1401 
321 106 
810 810 
1202 3606 
1114 1114 
1244 3732 
1550 516 
775 775 
1589 4767 
1401 4203 
1769 589 
1611 4833 
161 483 
1110 369 
1348 448 
1260 419 
1095 1095 
1091 1091 
1771 5313 
792 792 
38 12 
765 765 
1648 548 
1866 621 
691 691 
860 860 
822 273 
743 247 
1711 569 
892 892 
1573 523 
1327 1327 
543 1629 
762 2286 
814 814 
1235 411 
1139 379 
96 31 
1509 4527 
274 90 
789 2367 
1294 430 
1102 1102 
754 754 
629 1887 
995 995 
303 909 
1671 556 
812 812 
236 708 
294 97 
1215 1215 
207 68 
974 2922 
481 1443 
1465 4395 
1063 1063 
746 2238 
897 298 
1680 559 
1479 492 
997 997 
1688 562 
801 801 
1032 3096 
354 117 
850 850 
257 85 
1059 3177 
1182 1182 
282 93 
1140 1140 
1107 368 
1661 553 
128 42 
999 999 
1227 408 
796 796 
1126 1126 
137 45 
833 277 
1798 598 
86 28 
1427 4281 
82 246 
1113 3339 
196 64 
1530 4590 
1285 3855 
803 803 
1037 345 
1590 4770 
1196 3588 
763 763 
819 272 
23 7 
272 90 
638 1914 
1581 4743 
138 414 
709 2127 
1561 519 
1408 468 
1632 4896 
166 54 
972 323 
1532 510 
766 2298 
1526 508 
11 33 
375 124 
152 50 
1835 611 
968 2904 
623 1869 
1178 1178 
1321 1321 
1058 352 
1291 429 
694 2082 
644 1932 
813 813 
782 782 
964 964 
85 255 
1196 1196 
1146 1146 
698 698 
822 822 
942 2826 
22 66 
727 2181 
215 71 
1252 3756 
378 1134 
1984 660 
700 2100 
865 287 
243 80 
859 859 
653 217 
834 834 
1089 1089 
963 963 
1959 5877 
1041 3123 
595 197 
760 760 
683 227 
363 120 
121 39 
1927 641 
350 1050 
1486 4458 
1068 355 
1813 603 
1015 337 
1814 604 
926 926 
1228 1228 
1108 1108 
642 213 
1771 589 
1895 5685 
1354 4062 
535 1605 
1564 4692 
759 759 
1022 1022 
1396 4188 
670 670 
1033 1033 
1052 1052 
862 286 
819 819 
1057 3171 
207 621 
696 231 
561 186 
1020 339 
1869 622 
977 977 
421 139 
144 432 
1361 4083 
1103 1103 
1083 1083 
57 18 
1736 578 
1753 5259 
1301 3903 
1648 4944 
1725 574 
348 1044 
1794 5382 
1442 4326 
730 242 
1932 5796 
1627 4881 
658 218 
1880 5640 
1492 496 
264 792 
1666 554 
555 1665 
1967 5901 
1911 636 
1849 615 
1716 571 
1232 410 
1777 591 
930 930 
1816 5448 
1028 3084 
545 1635 
1761 5283 
1018 1018 
1937 5811 
674 674 
1165 387 
686 686 
886 886 
443 147 
749 749 
1267 1267 
95 31 
1953 5859 
1038 1038 
1019 1019 
563 187 
1169 1169 
495 164 
1190 1190 
1032 1032 
174 522 
397 1191 
1652 4956 
1238 3714 
832 832 
1 3 
982 326 
1188 1188 
162 486 
1298 1298 
902 902 
1446 4338 
1039 3117 
725 241 
1220 1220 
1034 1034 
1505 4515 
1578 4734 
1150 1150 
712 712 
361 1083 
975 324 
1194 397 
1669 5007 
75 24 
1737 5211 
726 726 
746 746 
1965 654 
1070 1070 
72 23 
1117 1117 
269 807 
675 675 
1027 341 
785 785 
1242 413 
95 285 
741 741 
550 182 
303 100 
1198 398 
737 2211 
827 275 
1968 655 
16 4 
933 933 
1281 1281 
968 968 
1208 1208 
906 906 
1060 1060 
687 687 
1325 1325 
49 147 
986 986 
1087 1087 
413 1239 
881 881 
1124 1124 
238 714 
986 2958 
1230 1230 
1040 3120 
1332 1332 
506 1518 
823 823 
785 261 
815 271 
1649 549 
307 101 
39 117 
1162 1162 
677 677 
236 78 
857 857 
1521 4563 
1301 433 
1241 1241 
1659 4977 
1876 624 
1056 1056 
554 1662 
108 35 
694 230 
1303 1303 
502 1506 
328 984 
1316 438 
384 127 
1130 1130 
416 1248 
1945 5835 
1756 5268 
1860 619 
1305 434 
1329 3987 
1601 4803 
607 1821 
845 845 
1099 365 
1745 5235 
1848 5544 
1915 637 
878 292 
1206 3618 
688 688 
670 2010 
1368 455 
1871 5613 
332 996 
778 258 
744 744 
1187 1187 
1381 4143 
732 732 
812 270 
1563 4689 
1017 1017 
54 17 
769 255 
301 903 
656 218 
516 1548 
928 928 
1009 1009 
448 1344 
1025 1025 
806 806 
879 879 
699 232 
1001 1001 
1752 5256 
967 967 
106 318 
662 1986 
793 2379 
959 2877 
1650 549 
631 1893 
94 30 
359 119 
1937 645 
1467 4401 
1482 493 
293 97 
679 679 
669 669 
1111 3333 
668 2004 
1608 535 
167 501 
750 750 
568 1704 
916 2748 
753 753 
1514 504 
739 739 
1665 4995 
1249 1249 
829 829 
891 891 
1470 4410 
1677 558 
1012 3036 
369 1107 
685 227 
1473 490 
831 831 
858 2574 
705 234 
952 952 
1557 518 
1658 552 
1718 572 
1234 410 
1034 3102 
1114 3342 
662 220 
1006 334 
781 2343 
1181 393 
1291 1291 
1192 1192 
28 8 
561 1683 
384 1152 
961 961 
1559 4677 
912 303 
1234 1234 
647 1941 
837 837 
419 139 
923 923 
1424 474 
1222 406 
958 958 
723 2169 
1210 1210 
758 252 
1064 354 
1299 1299 
1883 5649 
1694 5082 
297 891 
795 795 
1249 415 
938 312 
654 1962 
99 32 
1221 1221 
689 689 
92 30 
1234 3702 
89 29 
1395 4185 
336 1008 
1500 4500 
311 103 
1795 5385 
1878 5634 
754 250 
1797 5391 
1500 499 
1402 466 
507 168 
1528 4584 
955 955 
1930 5790 
781 781 
1072 356 
1259 419 
1305 1305 
92 276 
283 849 
909 2727 
369 122 
1207 1207 
875 875 
261 783 
1821 5463 
1877 5631 
1762 5286 
1157 1157 
1662 553 
715 715 
737 737 
1460 486 
1216 1216 
875 291 
1003 3009 
697 697 
542 1626 
924 2772 
519 172 
1118 372 
776 2328 
1997 5991 
1770 589 
202 66 
192 63 
189 567 
1074 1074 
345 114 
1177 1177 
1264 420 
1191 1191 
1292 3876 
1330 1330 
816 816 
1961 5883 
1437 478 
1004 334 
1827 5481 
1846 614 
218 72 
969 2907 
872 872 
491 163 
951 951 
1804 5412 
1508 4524 
944 314 
417 1251 
779 259 
1312 1312 
796 264 
409 1227 
992 330 
1119 372 
478 1434 
1217 1217 
742 2226 
911 2733 
978 978 
1614 4842 
206 68 
1315 437 
1086 1086 
734 2202 
1443 4329 
1847 615 
718 718 
805 2415 
920 920 
1214 3642 
1312 3936 
794 794 
129 42 
1363 4089 
719 719 
627 208 
678 678 
1778 5334 
109 327 
1107 1107 
661 1983 
1205 3615 
1367 455 
146 438 
1109 369 
768 768 
917 917 
1184 394 
1172 1172 
584 1752 
1958 652 
663 1989 
981 981 
1796 598 
1276 3828 
1148 382 
962 962 
1235 1235 
1064 1064 
821 2463 
789 262 
1542 513 
1003 1003 
1080 1080 
1180 3540 
1056 351 
748 748 
1300 432 
61 19 
570 1710 
1133 3399 
1763 587 
1010 1010 
1155 3465 
777 777 
1513 503 
1831 609 
1075 3225 
524 1572 
1386 4158 
355 117 
758 758 
1490 496 
784 784 
1141 1141 
1366 4098 
1013 1013 
885 2655 
858 858 
440 1320 
1966 654 
1426 474 
809 809 
1228 3684 
1597 4791 
1014 337 
1789 5367 
1245 1245 
385 1155 
1994 664 
848 282 
1427 475 
865 865 
1164 1164 
348 115 
1119 3357 
520 1560 
1865 621 
895 895 
83 27 
1751 5253 
896 896 
1250 1250 
1145 1145 
673 673 
1247 1247 
1015 3045 
1094 1094 
1295 1295 
552 183 
133 399 
347 115 
612 1836 
1585 527 
582 193 
1502 500 
927 927 
1527 4581 
1110 1110 
728 242 
318 105 
1203 1203 
1040 1040 
1076 3228 
1316 1316 
916 916 
1676 5028 
1914 5742 
1081 1081 
1226 1226 
988 988 
1242 1242 
1225 407 
1224 407 
841 279 
1200 1200 
1167 1167 
964 320 
940 940 
1824 607 
1308 1308 
1734 577 
921 921 
1840 5520 
1410 469 
1875 5625 
1320 1320 
1273 1273 
1205 1205 
1921 5763 
1239 3717 
958 2874 
747 747 
573 1719 
1281 3843 
1260 3780 
1540 4620 
924 924 
1313 1313 
1011 1011 
689 2067 
526 1578 
1300 1300 
821 821 
774 774 
1189 1189 
643 213 
544 1632 
1728 575 
364 120 
954 954 
1099 1099 
1147 381 
790 790 
1672 5016 
761 253 
1057 351 
337 111 
1683 5049 
931 2793 
783 783 
1940 5820 
1561 4683 
932 932 
1832 610 
1621 4863 
366 121 
712 2136 
158 474 
1132 3396 
442 146 
1897 631 
1065 3195 
282 846 
1632 543 
797 797 
424 1272 
537 1611 
693 693 
1276 1276 
583 193 
1811 603 
1944 647 
693 2079 
1231 1231 
805 805 
574 1722 
1820 606 
185 555 
779 779 
1318 3954 
1573 4719 
1333 3999 
1092 1092 
1861 619 
901 901 
731 731 
1064 3192 
621 206 
866 866 
623 207 
430 1290 
691 2073 
1882 5646 
798 798 
1605 4815 
705 2115 
315 104 
456 1368 
1041 346 
45 135 
1021 1021 
138 45 
1507 4521 
887 887 
547 1641 
1931 643 
869 869 
1053 1053 
1523 4569 
1018 338 
757 757 
1554 517 
1522 4566 
1925 641 
1069 1069 
1097 1097 
1707 5121 
605 201 
151 49 
309 927 
1270 1270 
684 227 
912 912 
1964 5892 
1071 1071 
1153 1153 
1991 5973 
1195 397 
781 259 
833 833 
73 219 
1187 395 
1125 1125 
847 847 
563 1689 
1703 5109 
1269 422 
1199 3597 
1396 464 
1970 656 
513 170 
877 877 
991 991 
1239 1239 
811 2433 
299 99 
1007 3021 
123 369 
1043 1043 
835 835 
1705 5115 
432 143 
309 102 
1072 1072 
129 387 
817 817 
1098 3294 
1645 4935 
1240 412 
356 118 
1586 528 
1293 1293 
1213 1213 
1583 4749 
1466 4398 
1058 3174 
965 321 
339 1017 
676 224 
700 700 
1321 3963 
1350 449 
1229 3687 
861 286 
1960 652 
1147 1147 
772 2316 
388 128 
711 711 
1046 3138 
1016 338 
1461 4383 
660 1980 
504 1512 
110 36 
1351 449 
767 767 
1318 438 
1531 509 
851 851 
1411 469 
1798 5394 
1140 3420 
1766 588 
1148 1148 
60 180 
1118 1118 
1059 1059 
116 348 
800 800 
538 178 
873 2619 
570 189 
1006 1006 
885 294 
1314 1314 
1057 1057 
1508 502 
802 802 
1130 376 
1962 5886 
937 937 
740 740 
1633 4899 
222 73 
874 290 
1703 567 
1837 611 
885 885 
994 994 
327 108 
1934 644 
704 2112 
1229 1229 
791 263 
1171 389 
1151 1151 
899 899 
727 241 
1224 3672 
983 327 
1016 1016 
702 702 
389 129 
1647 4941 
1044 1044 
773 773 
1102 366 
894 894 
215 645 
734 734 
62 20 
1581 526 
1100 3300 
517 171 
93 30 
897 2691 
579 1737 
1297 1297 
295 885 
1049 1049 
1257 418 
1180 1180 
1586 4758 
1414 4242 
1889 5667 
1158 385 
551 183 
840 840 
1270 422 
1193 1193 
1432 4296 
1996 5988 
424 140 
668 668 
1063 3189 
1271 1271 
1214 404 
368 122 
1131 1131 
1293 430 
1179 1179 
306 101 
1209 402 
693 230 
136 44 
714 2142 
798 2394 
1908 5724 
35 11 
1416 4248 
1290 3870 
714 714 
1547 4641 
855 855 
1105 1105 
1657 551 
1268 3804 
699 699 
871 871 
1278 1278 
1101 1101 
1190 3570 
1284 1284 
191 573 
1127 1127 
1438 478 
1876 5628 
1497 4491 
1139 3417 
100 300 
1423 4269 
128 384 
1650 4950 
2 6 
1636 4908 
942 942 
931 931 
1195 1195 
1129 1129 
1274 1274 
1158 1158 
1240 1240 
932 2796 
794 2382 
1902 633 
1419 4257 
1935 5805 
834 2502 
1588 528 
1319 3957 
1262 3786 
1322 1322 
1256 3768 
1998 665 
205 615 
604 200 
682 682 
241 723 
1370 4110 
1067 1067 
1431 476 
1566 521 
1224 1224 
1231 3693 
1704 5112 
974 324 
1170 389 
742 742 
1969 655 
1144 1144 
745 247 
893 2679 
1982 5946 
468 155 
1173 1173 
889 889 
946 946 
1106 1106 
1921 639 
22 6 
1246 1246 
338 1014 
1316 3948 
1958 5874 
1143 1143 
616 1848 
990 990 
1513 4539 
665 1995 
358 1074 
1219 1219 
921 306 
713 713 
1971 656 
224 672 
1002 3006 
771 771 
1780 592 
1275 1275 
997 2991 
1924 640 
1161 1161 
841 841 
966 966 
1690 5070 
800 266 
1202 1202 
1052 350 
1174 1174 
1654 4962 
1247 3741 
988 2964 
1293 3879 
1352 450 
1142 380 
13 39 
1124 3372 
1913 637 
811 269 
1182 3546 
1311 1311 
209 69 
808 808 
212 636 
913 913 
1602 4806 
1045 1045 
1132 1132 
1093 3279 
2000 666 
1101 3303 
698 2094 
1007 1007 
1116 1116 
764 254 
169 507 
1416 471 
849 849 
82 26 
189 62 
1719 5157 
1870 5610 
907 907 
1748 5244 
1533 510 
708 708 
1269 1269 
915 915 
1692 5076 
357 1071 
815 815 
878 878 
863 2589 
1126 3378 
933 2799 
1166 3498 
897 897 
727 727 
313 103 
1452 4356 
1259 1259 
390 1170 
1164 387 
791 791 
1167 3501 
230 690 
961 2883 
717 717 
899 299 
310 930 
1241 3723 
1568 4704 
1917 5751 
163 489 
954 317 
751 751 
258 85 
1020 1020 
1462 4386 
168 55 
769 2307 
1280 1280 
302 100 
1358 4074 
1701 566 
540 1620 
1214 1214 
1302 433 
1084 1084 
1115 1115 
1928 5784 
1161 3483 
1282 3846 
970 970 
486 161 
1780 5340 
31 9 
1339 445 
1472 4416 
187 61 
1719 572 
433 1299 
1160 386 
1636 544 
953 317 
1168 1168 
669 222 
580 192 
567 1701 
1061 1061 
756 756 
900 900 
925 925 
728 728 
991 329 
918 918 
316 104 
1401 466 
824 824 
753 2259 
405 134 
1036 1036 
1325 441 
980 326 
1248 1248 
1133 1133 
987 987 
90 270 
929 929 
36 108 
747 248 
1643 4929 
71 23 
1088 1088 
319 957 
947 947 
1793 5379 
1135 1135 
786 786 
905 905 
1822 5466 
934 310 
239 79 
637 1911 
864 864 
704 704 
230 76 
312 936 
1685 561 
1066 1066 
1046 1046 
9 27 
560 186 
943 2829 
1864 5592 
998 332 
259 777 
260 86 
935 935 
595 1785 
752 752 
959 959 
780 780 
119 39 
434 1302 
1351 4053 
1682 5046 
694 694 
1386 461 
135 405 
1285 1285 
1212 403 
1080 3240 
1244 414 
114 342 
1012 1012 
724 724 
1268 422 
606 201 
1792 596 
1570 4710 
1201 1201 
944 944 
30 9 
1264 1264 
695 695 
344 1032 
1185 1185 
1197 1197 
729 2187 
1431 4293 
1167 388 
1168 3504 
1004 1004 
1288 1288 
807 807 
1323 1323 
470 156 
15 45 
1324 1324 
239 717 
871 2613 
1977 658 
971 971 
1882 626 
1449 482 
1175 3525 
962 2886 
921 2763 
435 1305 
1785 594 
1205 401 
1863 620 
1112 1112 
709 709 
1150 382 
1193 3579 
1628 542 
1083 3249 
672 672 
1090 1090 
846 846 
1908 635 
777 2331 
246 738 
1702 5106 
1696 564 
1031 1031 
407 1221 
627 1881 
564 187 
723 723 
1209 1209 
1740 5220 
760 2280 
1552 516 
1584 4752 
875 2625 
908 908 
1002 333 
1625 541 
743 743 
787 787 
909 909 
953 953 
412 136 
181 59 
742 246 
1307 435 
1222 1222 
843 843 
1951 649 
1079 1079 
190 570 
769 769 
405 1215 
63 20 
354 1062 
31 93 
936 936 
941 941 
764 764 
426 1278 
1027 1027 
980 980 
748 2244 
1378 458 
50 16 
555 184 
710 710 
752 2256 
1342 4026 
1186 1186 
1050 3150 
1211 1211 
1232 1232 
113 339 
1499 499 
1085 1085 
1270 3810 
433 143 
603 200 
982 982 
1157 385 
701 701 
1160 3480 
1302 1302 
807 268 
965 965 
1315 1315 
1891 629 
1096 1096 
828 275 
531 1593 
1136 1136 
973 973 
113 37 
132 396 
855 2565 
1976 5928 
1123 3369 
1248 415 
232 76 
43 129 
1095 3285 
546 1638 
732 243 
1179 3537 
923 2769 
632 1896 
639 212 
1319 1319 
1669 555 
1732 5196 
1287 1287 
1730 5190 
498 165 
935 311 
702 2106 
1457 4371 
1151 383 
1236 1236 
1279 1279 
1257 1257 
1790 5370 
1919 5757 
6 1 
1783 593 
680 226 
1170 1170 
1864 620 
1168 388 
721 2163 
954 2862 
1055 1055 
1614 537 
1215 404 
1397 465 
1290 1290 
1156 1156 
917 305 
1084 360 
260 780 
1120 1120 
1134 3402 
1247 415 
671 223 
1385 4155 
1698 5094 
1254 1254 
1343 4029 
1872 623 
257 771 
974 974 
579 192 
690 690 
990 329 
864 2592 
874 874 
1557 4671 
1303 3909 
1896 631 
598 1794 
542 180 
1520 4560 
444 147 
1819 5457 
735 735 
392 130 
342 113 
1129 3387 
1755 5265 
887 295 
1037 1037 
1883 627 
1005 1005 
842 842 
1134 1134 
1047 3141 
4 0 
1109 1109 
868 868 
1093 1093 
818 818 
766 766 
1418 472 
1111 1111 
1260 1260 
193 579 
1019 339 
1164 3492 
938 938 
265 795 
25 7 
631 209 
1244 1244 
1828 608 
489 162 
919 919 
1755 584 
1474 490 
477 1431 
1851 5553 
126 378 
1773 590 
957 957 
1346 448 
1956 651 
504 167 
770 256 
1932 643 
1262 1262 
1029 1029 
1518 505 
1178 392 
856 2568 
1206 1206 
987 2961 
1142 3426 
1781 593 
174 57 
968 322 
1163 1163 
1318 1318 
1683 560 
1678 558 
437 1311 
1160 1160 
374 124 
165 495 
979 979 
1159 1159 
530 176 
1104 1104 
1717 5151 
863 863 
1227 1227 
397 131 
266 798 
1226 3678 
1292 1292 
949 949 
457 151 
1816 604 
1978 5934 
788 788 
722 722 
1868 5604 
828 828 
1368 4104 
1804 600 
1478 4434 
28 84 
3 9 
1237 3711 
854 284 
1176 1176 
1085 3255 
1308 435 
1738 5214 
1729 5187 
1110 3330 
349 115 
844 844 
56 168 
1441 4323 
1015 1015 
911 911 
454 150 
861 2583 
316 948 
1395 464 
1489 4467 
926 2778 
1894 630 
1675 557 
1786 5358 
1251 1251 
1268 1268 
540 179 
887 2661 
109 35 
1176 391 
626 208 
1621 539 
265 87 
1555 4665 
836 836 
1497 498 
1968 5904 
586 194 
1485 4455 
738 2214 
1073 1073 
1258 1258 
1426 4278 
1483 493 
1237 1237 
1496 4488 
1551 4653 
890 890 
1068 1068 
776 776 
1198 1198 
684 684 
848 848 
124 372 
248 82 
1834 5502 
960 960 
1166 1166 
1155 1155 
60 19 
881 293 
1093 363 
1233 1233 
1326 1326 
1546 514 
1179 392 
1562 520 
760 252 
1376 458 
1024 1024 
685 685 
943 943 
1283 427 
1436 478 
199 597 
1406 4218 
1137 1137 
789 789 
1733 5199 
464 1392 
1042 1042 
463 153 
131 43 
1282 1282 
68 22 
903 903 
1184 1184 
1081 359 
1139 1139 
1296 1296 
1328 1328 
1993 5979 
1477 4431 
1918 5754 
245 81 
1080 359 
267 801 
1301 1301 
708 2124 
862 862 
1277 425 
957 2871 
1404 4212 
775 2325 
484 1452 
976 976 
1271 423 
415 1245 
834 277 
780 2340 
1149 1149 
1183 1183 
418 1254 
182 546 
1504 4512 
1014 1014 
880 880 
1856 618 
861 861 
944 2832 
958 318 
723 240 
1265 1265 
1218 1218 
441 1323 
201 603 
844 2532 
947 2841 
1272 1272 
1154 1154 
1433 477 
1982 660 
1256 1256 
1475 491 
1253 1253 
993 993 
1165 1165 
509 169 
946 2838 
738 738 
825 825 
1870 622 
134 402 
1304 1304 
1375 4125 
1175 1175 
1026 1026 
838 838 
736 736 
1263 1263 
361 119 
1100 1100 
164 492 
1751 583 
1556 518 
1760 586 
1081 3243 
725 725 
1805 5415 
1203 400 
720 720 
687 2061 
772 256 
1075 1075 
503 167 
313 939 
1767 588 
1030 1030 
1850 5550 
105 34 
1580 4740 
1286 1286 
1035 1035 
664 1992 
619 205 
39 12 
159 52 
797 2391 
1082 1082 
1225 1225 
1885 627 
1358 452 
772 772 
1331 1331 
768 255 
1729 575 
676 676 
1123 1123 
1569 4707 
533 1599 
1435 477 
41 13 
1768 588 
1051 1051 
1187 3561 
1212 1212 
1115 3345 
1274 3822 
904 2712 
1630 542 
824 274 
1357 4071 
740 246 
765 2295 
1675 5025 
1553 517 
1258 418 
1503 500 
852 852 
853 853 
1252 1252 
1059 352 
993 2979 
730 730 
1076 1076 
1961 653 
1434 477 
1702 566 
1412 470 
761 761 
1137 378 
1571 4713 
1926 641 
945 945 
104 312 
1576 524 
1128 1128 
1243 3729 
483 160 
1199 1199 
998 998 
1126 374 
352 1056 
778 2334 
705 705 
308 102 
88 264 
190 62 
205 67 
648 215 
1071 356 
1138 1138 
616 204 
1054 1054 
673 2019 
1127 375 
1787 595 
763 253 
681 681 
826 826 
1938 5814 
1535 4605 
1723 573 
505 167 
1131 376 
729 729 
221 73 
55 165 
1606 534 
3 0 
106 34 
661 219 
1699 5097 
1028 1028 
655 217 
164 54 
671 671 
51 16 
683 683 
1062 1062 
1633 543 
696 696 
1317 1317 
1627 541 
1739 5217 
992 992 
458 152 
1252 416 
904 904 
1119 1119 
223 73 
1983 5949 
768 2304 
1807 601 
1008 1008 
1283 1283 
237 711 
950 950 
880 2640 
1605 534 
1376 4128 
893 893 
1137 3411 
442 1326 
1289 1289 
867 867 
1899 632 
1162 3486 
632 210 
1495 497 
420 139 
745 745 
1149 382 
1978 658 
1834 610 
719 239 
888 888 
830 830 
1985 5955 
1023 1023 
275 91 
1346 4038 
214 70 
455 151 
413 137 
787 261 
1720 572 
667 221 
130 390 
1146 381 
1371 456 
1171 1171 
1047 1047 
793 793 
91 273 
1980 659 
18 5 
1098 1098 
1194 1194 
984 984 
1970 5910 
1121 1121 
548 1644 
336 111 
1152 1152 
438 145 
1125 374 
842 280 
1266 1266 
971 2913 
449 1347 
876 876 
1011 336 
1255 1255 
1740 579 
1265 421 
910 910 
1947 648 
1313 437 
941 2823 
477 158 
1040 346 
744 2232 
104 34 
716 716 
870 870 
898 898 
1207 3621 
181 543 
1077 1077 
706 706 
430 142 
762 762 
480 1440 
680 680 
1261 1261 
90 29 
1042 3126 
1603 4809 
630 209 
1218 3654 
1900 5700 
1975 5925 
792 2376 
1065 1065 
989 989 
635 1905 
873 873 
1029 3087 
820 820 
1113 1113 
985 985 
1965 5895 
188 564 
532 1596 
922 922 
1181 1181 
