200 20100
154 154 
107 107 
39 39 
33 33 
188 188 
129 129 
15 15 
83 83 
106 106 
149 149 
183 183 
190 190 
125 125 
153 153 
113 113 
144 144 
40 40 
87 87 
199 199 
197 197 
139 139 
163 163 
25 25 
66 66 
186 186 
16 16 
128 128 
3 3 
77 77 
123 123 
44 44 
146 146 
17 17 
168 168 
147 147 
42 42 
131 131 
103 103 
19 19 
114 114 
94 94 
84 84 
86 86 
65 65 
12 12 
151 151 
59 59 
177 177 
141 141 
198 198 
34 34 
180 180 
155 155 
152 152 
157 157 
93 93 
167 167 
75 75 
20 20 
184 184 
45 45 
47 47 
118 118 
124 124 
43 43 
100 100 
122 122 
53 53 
51 51 
150 150 
196 196 
182 182 
64 64 
79 79 
137 137 
68 68 
187 187 
13 13 
140 140 
126 126 
166 166 
50 50 
6 6 
29 29 
67 67 
156 156 
105 105 
170 170 
191 191 
112 112 
89 89 
70 70 
159 159 
138 138 
78 78 
171 171 
193 193 
136 136 
116 116 
41 41 
134 134 
117 117 
62 62 
127 127 
101 101 
7 7 
173 173 
164 164 
172 172 
72 72 
174 174 
36 36 
176 176 
69 69 
161 161 
35 35 
60 60 
82 82 
81 81 
145 145 
11 11 
121 121 
132 132 
120 120 
115 115 
195 195 
8 8 
200 200 
119 119 
99 99 
9 9 
80 80 
169 169 
38 38 
56 56 
108 108 
102 102 
96 96 
85 85 
179 179 
97 97 
76 76 
32 32 
130 130 
5 5 
95 95 
27 27 
90 90 
24 24 
133 133 
57 57 
165 165 
111 111 
92 92 
178 178 
10 10 
55 55 
14 14 
135 135 
109 109 
61 61 
1 1 
189 189 
22 22 
142 142 
26 26 
54 54 
28 28 
160 160 
18 18 
52 52 
181 181 
185 185 
158 158 
46 46 
63 63 
58 58 
4 4 
23 23 
2 2 
21 21 
48 48 
30 30 
162 162 
88 88 
110 110 
192 192 
49 49 
194 194 
98 98 
31 31 
175 175 
91 91 
104 104 
148 148 
73 73 
71 71 
37 37 
74 74 
143 143 
