2500 5000
1579 1579 
1354 4062 
558 185 
1186 1186 
910 910 
2440 812 
869 2607 
1341 1341 
1160 1160 
2456 7368 
617 1851 
5 15 
1541 513 
1527 1527 
2116 704 
1463 4389 
1303 433 
2344 780 
1534 1534 
471 1413 
1183 1183 
2460 7380 
1488 495 
1255 1255 
594 197 
781 259 
266 88 
949 949 
957 957 
944 314 
1294 430 
1045 347 
293 97 
1594 1594 
1089 362 
2005 6015 
1347 448 
1732 5196 
515 171 
1586 1586 
1322 1322 
2212 6636 
979 325 
2104 700 
44 132 
623 1869 
1050 1050 
886 886 
1289 1289 
1881 5643 
534 1602 
1172 1172 
1650 1650 
941 941 
293 879 
1525 1525 
234 702 
358 1074 
992 2976 
2434 810 
628 208 
224 672 
2068 6204 
1399 465 
974 2922 
1305 3915 
1110 369 
1180 1180 
1336 1336 
2334 777 
341 113 
1559 1559 
1161 1161 
1279 425 
470 1410 
1994 664 
746 2238 
1623 540 
1469 4407 
1265 1265 
1819 5457 
321 963 
1954 5862 
1384 1384 
1646 4938 
1071 3213 
1543 4629 
1304 434 
80 26 
1213 403 
665 1995 
2106 6318 
2477 7431 
1215 1215 
1042 346 
1601 1601 
1130 376 
25 7 
190 570 
1613 1613 
1853 617 
2080 692 
1576 524 
1517 4551 
98 32 
1519 1519 
1439 479 
1152 1152 
50 150 
1433 477 
1076 358 
1278 1278 
1345 1345 
433 1299 
1076 1076 
2028 6084 
60 180 
1957 5871 
340 1020 
1367 1367 
952 2856 
626 208 
716 2148 
2346 781 
929 929 
1582 1582 
2329 6987 
1007 335 
754 2262 
2379 7137 
1361 453 
2263 6789 
437 1311 
550 1650 
1640 4920 
913 913 
943 943 
951 2853 
190 62 
794 2382 
1772 590 
1647 1647 
1447 481 
752 2256 
788 262 
975 2925 
502 166 
1137 3411 
1082 3246 
2173 6519 
1023 1023 
1492 1492 
1664 4992 
928 928 
1898 5694 
595 1785 
329 109 
192 576 
233 699 
1180 3540 
1355 451 
933 933 
1647 4941 
732 243 
1261 1261 
1408 1408 
362 1086 
1238 3714 
1631 543 
1427 475 
1810 602 
961 961 
1165 1165 
1693 563 
2191 729 
1973 657 
2455 817 
1502 1502 
1431 1431 
1859 5577 
990 990 
1218 1218 
339 1017 
1897 5691 
2385 7155 
1010 3030 
399 1197 
1034 1034 
1774 5322 
1258 1258 
116 348 
1602 533 
1398 465 
1617 1617 
1776 5328 
314 942 
952 952 
653 217 
243 729 
789 2367 
900 900 
993 993 
713 2139 
1589 1589 
2033 6099 
1138 1138 
1090 362 
215 645 
1609 1609 
367 121 
1592 1592 
1127 1127 
1055 1055 
1060 352 
1337 1337 
1991 663 
2288 762 
249 82 
1561 1561 
1907 5721 
1616 1616 
901 299 
1842 613 
1079 1079 
1182 1182 
1023 340 
1171 3513 
1611 536 
830 276 
2112 703 
1763 5289 
1617 4851 
902 2706 
2497 7491 
1885 627 
1133 1133 
1795 5385 
1429 1429 
1459 485 
967 321 
1281 1281 
1181 393 
1349 1349 
1629 1629 
448 1344 
1868 5604 
1269 3807 
1045 1045 
1221 1221 
1224 1224 
1666 554 
688 228 
1651 1651 
1583 527 
883 2649 
1177 3531 
1271 3813 
2035 677 
721 2163 
1032 1032 
1140 1140 
1251 1251 
897 897 
1581 1581 
2296 6888 
2213 737 
1604 534 
2095 697 
890 2670 
1722 5166 
618 1854 
150 49 
1076 3228 
1452 1452 
943 2829 
780 2340 
2387 7161 
383 127 
1354 450 
1631 4893 
146 438 
1780 5340 
1175 1175 
1889 629 
2457 7371 
171 56 
1381 1381 
1870 622 
61 19 
1099 365 
208 624 
1317 1317 
595 197 
1296 431 
1101 1101 
847 847 
2206 734 
815 271 
1053 1053 
1314 1314 
1948 5844 
1734 5202 
35 11 
213 639 
1583 1583 
1406 468 
511 169 
19 5 
1552 516 
1402 4206 
1925 641 
1143 1143 
2164 720 
1226 408 
1411 469 
849 282 
510 1530 
538 1614 
331 109 
1310 436 
2158 6474 
1074 1074 
1760 586 
1125 1125 
920 920 
828 2484 
1004 1004 
2111 6333 
843 843 
1591 4773 
1487 1487 
2326 774 
2061 6183 
1638 4914 
950 950 
654 1962 
395 1185 
942 2826 
1274 424 
942 942 
457 151 
901 2703 
2090 696 
1794 5382 
1604 1604 
2337 7011 
846 846 
2217 738 
1146 381 
1216 1216 
2030 6090 
1501 4503 
1271 1271 
1597 1597 
282 93 
1766 588 
680 2040 
164 492 
2333 6999 
1525 4575 
925 307 
1596 4788 
1094 3282 
1380 1380 
1690 562 
623 207 
296 98 
1222 1222 
1340 1340 
1540 1540 
1248 3744 
1227 1227 
144 432 
669 2007 
1407 1407 
1452 483 
1176 1176 
965 965 
1660 1660 
1297 1297 
695 2085 
1851 616 
1475 1475 
358 118 
1607 535 
1149 1149 
1516 504 
434 144 
1375 1375 
1194 1194 
894 894 
787 261 
1410 469 
911 911 
890 890 
833 277 
1411 1411 
1002 333 
1372 4116 
1426 474 
1561 519 
2078 692 
347 115 
1130 1130 
2290 762 
1990 5970 
1432 1432 
1717 5151 
1111 369 
562 1686 
2316 6948 
1301 1301 
1049 3147 
1022 1022 
425 141 
929 2787 
885 294 
2211 736 
1538 4614 
1353 4059 
794 264 
1293 3879 
332 996 
1016 1016 
1908 5724 
1337 4011 
866 866 
1623 1623 
1373 4119 
535 177 
568 188 
2342 7026 
1565 1565 
529 175 
248 744 
1316 1316 
1229 1229 
1544 1544 
880 880 
1228 1228 
2119 705 
908 302 
1482 493 
1211 3633 
1685 561 
1148 3444 
1400 1400 
499 165 
2378 792 
491 163 
1416 1416 
1107 1107 
2447 815 
271 813 
1398 1398 
592 1776 
1427 1427 
1554 1554 
1356 1356 
1123 1123 
1614 1614 
1060 1060 
1489 1489 
2004 667 
2186 728 
2041 679 
1436 1436 
2402 800 
1846 5538 
920 306 
1266 3798 
1607 1607 
2352 783 
1267 421 
2275 757 
969 322 
2351 783 
1047 3141 
2405 801 
2370 789 
2475 824 
601 199 
379 1137 
1203 1203 
1060 3180 
1063 1063 
1521 4563 
114 342 
922 922 
65 195 
1936 644 
1059 3177 
1695 5085 
1905 5715 
2394 797 
1031 3093 
1581 4743 
1320 3960 
911 2733 
213 70 
1459 4377 
1011 1011 
1776 591 
72 216 
1686 5058 
180 540 
1086 1086 
700 2100 
1655 1655 
1364 1364 
1332 1332 
1558 518 
1054 1054 
281 93 
2502 833 
1379 1379 
1829 5487 
2204 734 
971 2913 
1459 1459 
430 142 
912 303 
1139 1139 
1315 437 
877 877 
1557 1557 
917 917 
922 2766 
1045 3135 
1128 3384 
2137 6411 
1634 1634 
1235 1235 
1193 1193 
1053 3159 
298 98 
890 296 
1441 479 
1184 1184 
1116 1116 
2179 6537 
617 205 
1563 1563 
2174 6522 
317 105 
1383 1383 
1304 1304 
790 2370 
1108 1108 
1155 3465 
1358 4074 
165 495 
2343 7029 
2240 746 
1654 1654 
2480 7440 
2355 784 
2066 6198 
1158 1158 
899 899 
876 2628 
436 1308 
546 1638 
1106 368 
2093 697 
1110 1110 
316 948 
1478 492 
842 842 
892 892 
1196 1196 
79 25 
249 747 
909 2727 
910 302 
1316 438 
895 2685 
1047 1047 
1150 1150 
916 916 
1553 1553 
1912 5736 
1100 1100 
145 47 
903 903 
1041 346 
1295 1295 
1456 1456 
275 91 
397 131 
917 2751 
2202 6606 
2057 6171 
1181 3543 
1539 512 
432 1296 
1152 3456 
972 2916 
2190 729 
1263 420 
1293 1293 
1303 3909 
804 2412 
1231 1231 
2366 788 
1556 4668 
2152 6456 
1118 1118 
426 1278 
378 125 
1240 1240 
2176 724 
2251 749 
1075 1075 
307 101 
1395 1395 
294 97 
1613 537 
222 73 
235 705 
1588 1588 
2459 819 
1605 1605 
743 247 
1088 1088 
896 2688 
1142 1142 
1280 1280 
1632 1632 
1448 482 
1415 1415 
1256 418 
462 153 
220 72 
1537 1537 
2199 6597 
214 70 
1475 4425 
1026 341 
2073 690 
2182 726 
1281 3843 
1355 1355 
762 253 
1442 1442 
1584 4752 
341 1023 
1258 3774 
1265 3795 
1495 1495 
222 666 
1030 1030 
228 75 
1584 1584 
85 27 
1447 1447 
714 2142 
670 222 
1446 4338 
359 1077 
1404 1404 
1977 5931 
909 302 
964 964 
2114 6342 
1739 579 
1099 1099 
1012 3036 
110 330 
1769 589 
578 1734 
1285 427 
1230 3690 
1578 525 
1950 649 
969 969 
1887 5661 
2283 6849 
1217 1217 
1134 1134 
49 147 
1041 1041 
811 2433 
1103 367 
988 2964 
604 200 
1485 4455 
1022 3066 
1963 653 
55 17 
1252 1252 
1505 1505 
1906 5718 
811 269 
1547 515 
646 1938 
1472 1472 
1226 1226 
342 1026 
905 301 
1010 1010 
1170 389 
1038 345 
1122 373 
904 904 
1837 611 
936 936 
384 1152 
1389 1389 
865 865 
1197 1197 
1645 547 
1575 4725 
409 1227 
14 4 
2079 6237 
1428 1428 
232 696 
2069 6207 
1348 4044 
1008 3024 
1474 4422 
1323 1323 
772 256 
1237 1237 
489 1467 
1458 485 
1184 3552 
1005 1005 
1410 1410 
1309 1309 
1597 4791 
1239 1239 
882 882 
1093 1093 
955 317 
580 192 
1048 3144 
346 1038 
1714 570 
1115 1115 
1439 1439 
2046 681 
2312 6936 
275 825 
1526 508 
860 860 
1291 3873 
1168 1168 
1547 1547 
889 889 
223 73 
1878 5634 
2139 6417 
1350 1350 
977 977 
1290 1290 
603 200 
99 297 
1666 1666 
2038 678 
2059 6177 
2084 6252 
2498 7494 
1167 3501 
2192 730 
1703 5109 
845 281 
1396 1396 
1508 4524 
44 14 
1112 1112 
2062 686 
418 138 
1200 1200 
2037 6111 
1135 3405 
2127 6381 
1016 338 
1504 1504 
1081 359 
1413 1413 
2113 6339 
1625 1625 
536 1608 
363 120 
968 968 
1773 5319 
1940 646 
175 57 
891 2673 
2308 6924 
1328 1328 
2207 6621 
2115 6345 
42 13 
839 2517 
1366 1366 
924 2772 
199 65 
921 921 
2108 6324 
1844 5532 
1687 5061 
490 1470 
1066 354 
131 43 
917 305 
1940 5820 
1046 1046 
1344 1344 
22 66 
2439 812 
1648 1648 
1982 5946 
927 308 
1232 1232 
531 1593 
363 1089 
1427 4281 
1418 1418 
1520 506 
2435 811 
1755 584 
527 175 
1866 621 
307 921 
1962 5886 
637 1911 
205 615 
2083 693 
497 1491 
1385 1385 
1208 1208 
761 2283 
262 786 
701 233 
2098 698 
1434 1434 
1479 492 
1282 1282 
983 983 
989 329 
1507 1507 
2209 735 
1950 5850 
1014 1014 
2472 7416 
1657 1657 
1476 4428 
492 163 
2324 6972 
855 284 
800 2400 
959 959 
1084 3252 
219 72 
1405 1405 
385 127 
675 224 
1392 463 
1302 1302 
1447 4341 
2320 6960 
1376 458 
1104 1104 
2296 764 
383 1149 
1362 1362 
1455 1455 
1197 398 
2494 7482 
1347 1347 
2462 820 
1933 643 
730 2190 
1092 1092 
1288 3864 
1640 546 
1628 1628 
1390 4170 
1210 1210 
547 181 
2359 785 
648 1944 
1109 1109 
619 205 
143 47 
1335 444 
1360 4080 
2303 767 
1571 523 
139 417 
1441 4323 
2248 748 
803 267 
1642 1642 
966 2898 
1025 3075 
464 1392 
1395 464 
297 891 
2450 816 
2097 698 
1694 564 
843 280 
1568 1568 
1610 4830 
261 783 
1129 3387 
1274 1274 
1497 1497 
1520 1520 
967 967 
1840 612 
118 38 
1513 4539 
1382 4146 
902 902 
428 142 
1329 1329 
864 864 
558 1674 
2180 6540 
1931 643 
2484 7452 
1514 1514 
1587 1587 
1425 1425 
652 216 
32 10 
1271 423 
1363 1363 
2245 747 
1483 1483 
597 1791 
1399 4197 
730 242 
1571 1571 
862 2586 
1372 1372 
1535 511 
868 288 
1282 426 
1601 533 
1151 1151 
1817 605 
43 13 
1349 4047 
1146 1146 
1039 1039 
1928 5784 
1211 1211 
958 958 
651 1953 
944 944 
606 201 
1641 546 
1506 1506 
659 219 
932 310 
1968 5904 
2381 7143 
768 2304 
1087 1087 
53 17 
1436 4308 
28 84 
1511 1511 
1954 650 
1505 501 
1976 5928 
982 982 
1082 1082 
857 285 
1421 1421 
1634 4902 
1764 5292 
1361 4083 
1784 594 
1068 1068 
2332 776 
636 211 
1736 578 
1574 524 
1588 528 
2267 6801 
290 96 
441 1323 
196 588 
1371 1371 
1351 1351 
1873 623 
2055 684 
549 182 
1290 429 
1591 1591 
1631 1631 
1120 1120 
1869 5607 
1566 4698 
1052 1052 
1415 4245 
223 669 
1430 1430 
1551 4653 
1536 1536 
1038 1038 
1070 3210 
1869 622 
1091 363 
805 267 
645 1935 
83 27 
2031 676 
2412 803 
923 923 
1461 4383 
226 678 
1230 1230 
2254 6762 
308 924 
154 50 
1523 507 
1542 513 
252 756 
2279 759 
1806 601 
2149 6447 
2041 6123 
653 1959 
479 159 
419 139 
1380 4140 
1549 4647 
1777 5331 
1324 1324 
1359 1359 
2314 6942 
2016 671 
169 55 
1089 1089 
1679 559 
960 2880 
1602 1602 
455 151 
1216 404 
542 180 
2068 688 
968 2904 
1499 499 
2357 7071 
1519 505 
908 908 
1107 3321 
608 202 
905 905 
1796 598 
1250 1250 
1178 3534 
851 283 
1759 5277 
803 2409 
773 2319 
1295 431 
1944 647 
1462 1462 
1175 3525 
1066 1066 
807 268 
1057 1057 
1590 4770 
1277 3831 
1313 1313 
1467 1467 
486 1458 
861 861 
2193 6579 
1807 601 
1311 1311 
31 9 
1547 4641 
348 1044 
854 854 
1326 1326 
340 112 
1618 538 
1803 600 
1420 1420 
465 1395 
1448 1448 
1198 1198 
1032 343 
2109 6327 
1352 1352 
254 84 
1238 1238 
1330 1330 
1410 4230 
1284 1284 
1662 1662 
162 53 
2425 807 
2337 778 
1128 1128 
2265 6795 
581 193 
3 0 
1888 628 
1031 1031 
2075 6225 
841 841 
1033 1033 
1299 3897 
1049 1049 
506 168 
136 44 
2305 767 
2388 7164 
1932 643 
1158 385 
1861 619 
2410 802 
560 1680 
1351 449 
1306 1306 
335 1005 
958 2874 
1569 1569 
1419 472 
953 2859 
850 850 
664 1992 
357 1071 
1366 4098 
945 945 
1338 1338 
2425 7275 
611 203 
981 981 
1339 4017 
895 895 
1982 660 
312 103 
867 867 
879 879 
1145 1145 
344 114 
1478 1478 
963 963 
1243 1243 
1757 5271 
1690 5070 
919 919 
1543 1543 
1626 1626 
2141 6423 
868 868 
238 714 
1257 1257 
1256 1256 
1084 360 
1199 1199 
2253 750 
69 22 
1124 1124 
1938 5814 
1334 1334 
2325 774 
2330 776 
1095 1095 
1578 1578 
1189 1189 
40 120 
998 332 
483 160 
835 835 
1058 1058 
1279 1279 
801 2403 
1623 4869 
461 1383 
1111 1111 
832 276 
584 194 
570 189 
825 2475 
423 140 
1204 1204 
986 328 
262 86 
940 2820 
2274 6822 
1990 662 
638 1914 
1465 1465 
185 555 
1632 4896 
1864 5592 
301 903 
926 2778 
1102 366 
858 858 
1570 1570 
678 225 
182 546 
2008 6024 
702 233 
979 979 
2156 718 
178 534 
779 259 
1397 1397 
1097 1097 
819 272 
302 100 
1649 549 
1446 1446 
248 82 
395 131 
531 176 
2326 6978 
738 245 
986 986 
1872 5616 
996 996 
1424 4272 
893 893 
2047 6141 
2230 742 
2438 812 
735 2205 
2251 6753 
2056 684 
1177 1177 
139 45 
472 1416 
1334 4002 
1361 1361 
1275 1275 
593 197 
407 1221 
1646 1646 
1515 1515 
1795 597 
1117 371 
327 108 
1630 1630 
968 322 
1477 1477 
1069 1069 
988 328 
2201 6603 
1124 3372 
88 264 
625 1875 
896 896 
1377 1377 
504 1512 
1392 1392 
353 1059 
1633 1633 
634 1902 
615 1845 
2414 7242 
1277 1277 
1482 4446 
556 1668 
529 1587 
399 132 
921 2763 
1371 4113 
148 444 
1298 1298 
901 901 
1350 4050 
1373 457 
1805 5415 
909 909 
2311 769 
1335 1335 
2371 789 
555 184 
1479 1479 
1810 5430 
1822 5466 
1555 1555 
1811 5433 
859 859 
1619 539 
2067 6201 
1526 1526 
1595 4785 
1263 1263 
1428 475 
1419 1419 
587 1761 
1445 1445 
1420 472 
1034 344 
654 217 
1233 1233 
2374 790 
1319 3957 
1665 1665 
1435 4305 
2490 829 
263 789 
2323 6969 
2463 820 
1312 1312 
2299 6897 
1319 1319 
2466 821 
1376 1376 
1253 1253 
1035 1035 
947 2841 
1574 1574 
1394 1394 
887 2661 
1573 1573 
1019 1019 
543 180 
390 1170 
1009 1009 
1556 1556 
1010 336 
192 63 
615 204 
509 1527 
1307 1307 
1667 5001 
1276 1276 
913 2739 
1162 1162 
849 849 
1255 417 
501 166 
1424 1424 
1465 4395 
2233 6699 
862 862 
1919 5757 
1126 1126 
1078 3234 
1212 1212 
236 708 
1391 463 
853 853 
1911 5733 
1670 5010 
1223 1223 
1470 1470 
829 275 
507 1521 
1348 1348 
1378 4134 
1160 3480 
977 325 
1781 593 
1428 4284 
662 1986 
2483 827 
396 131 
1417 1417 
469 155 
1124 374 
2045 681 
872 872 
1560 1560 
1676 558 
2025 6075 
318 105 
1191 1191 
1279 3837 
1187 1187 
954 2862 
1294 1294 
1529 1529 
1585 1585 
202 66 
1142 3426 
1077 358 
2415 7245 
1247 415 
694 2082 
1518 1518 
916 304 
1374 1374 
1445 481 
1015 3045 
664 220 
2488 828 
1015 1015 
987 328 
1006 334 
1064 1064 
89 267 
1531 1531 
1471 1471 
283 849 
525 1575 
280 92 
1802 600 
649 1947 
1460 1460 
1012 1012 
1664 1664 
739 2217 
2006 6018 
1468 488 
1220 1220 
1377 4131 
844 844 
1201 1201 
856 856 
1339 1339 
1528 1528 
1075 3225 
351 116 
1206 3618 
1169 1169 
1856 618 
236 78 
827 275 
2154 717 
1760 5280 
1564 4692 
1745 5235 
1941 5823 
1674 5022 
1566 1566 
975 975 
265 795 
1085 3255 
1017 1017 
1438 1438 
52 156 
1192 1192 
1026 3078 
1530 1530 
818 272 
2449 815 
873 873 
1132 1132 
1524 507 
1219 1219 
1225 1225 
2445 7335 
1910 636 
43 129 
1163 1163 
1901 5703 
772 2316 
1091 1091 
853 283 
1308 1308 
428 1284 
289 95 
1118 372 
1511 4533 
1517 1517 
1607 4821 
1874 5622 
1558 1558 
528 175 
991 991 
1063 3189 
1522 1522 
2210 6630 
1260 1260 
884 884 
1989 662 
1376 4128 
1546 1546 
94 30 
255 765 
1206 1206 
965 321 
1167 1167 
865 287 
2045 6135 
159 52 
1048 1048 
2340 7020 
1037 1037 
1357 1357 
1370 1370 
713 237 
764 254 
1192 396 
791 263 
2346 7038 
2147 715 
1214 1214 
1298 3894 
1000 3000 
1551 1551 
708 2124 
1024 1024 
587 195 
391 1173 
1067 1067 
1141 1141 
1515 4545 
51 16 
1489 495 
1273 1273 
1507 4521 
122 40 
1572 523 
630 1890 
1639 545 
1423 4269 
2436 811 
985 985 
1972 5916 
1210 3630 
597 198 
1444 1444 
1099 3297 
261 86 
9 2 
1321 1321 
2188 6564 
1148 1148 
163 53 
1636 544 
583 193 
1608 1608 
1468 4404 
2437 7311 
170 56 
746 248 
1382 1382 
508 1524 
387 1161 
1366 454 
874 874 
1610 1610 
372 1116 
474 1422 
1387 1387 
1658 1658 
848 2544 
1658 4974 
940 940 
1103 1103 
537 1611 
763 253 
876 876 
632 1896 
1724 574 
2148 6444 
709 2127 
1190 1190 
1120 372 
1007 3021 
1399 1399 
1613 4839 
935 311 
1933 5799 
822 2466 
1667 555 
1471 4413 
1437 1437 
2295 6885 
605 201 
1488 1488 
1314 3942 
1001 1001 
2500 832 
1036 3108 
2483 7449 
2238 745 
2017 6051 
1017 338 
1496 1496 
2368 788 
2234 6702 
2224 740 
926 926 
980 980 
1241 1241 
463 1389 
881 881 
122 366 
23 7 
966 966 
1136 1136 
2418 7254 
918 918 
1266 1266 
1181 1181 
14 42 
1136 3408 
1503 4509 
1619 1619 
1615 4845 
1550 1550 
742 2226 
989 2967 
2408 802 
896 298 
1541 1541 
886 2658 
1908 635 
130 390 
2299 765 
1318 438 
1743 5229 
481 1443 
1020 339 
2115 704 
2457 818 
592 196 
1272 1272 
1500 1500 
2204 6612 
1147 1147 
1531 509 
844 280 
699 2097 
687 2061 
343 113 
237 78 
355 117 
1756 5268 
1826 608 
1365 1365 
1454 1454 
206 68 
1584 527 
224 74 
1378 1378 
1331 1331 
1446 481 
542 1626 
998 998 
166 498 
1464 1464 
2127 708 
2284 760 
1659 1659 
1117 1117 
853 2559 
1420 4260 
225 74 
836 278 
1077 3231 
318 954 
953 953 
972 972 
1207 1207 
1798 598 
925 925 
1170 1170 
1616 538 
1894 5682 
1493 497 
1405 4215 
2114 704 
1586 528 
931 931 
338 1014 
2453 817 
1096 1096 
91 273 
1481 1481 
1164 1164 
1000 332 
1640 1640 
120 39 
1267 1267 
2226 6678 
2130 6390 
1620 1620 
1264 1264 
439 1317 
2444 814 
34 10 
1673 5019 
621 206 
847 2541 
461 153 
1001 333 
678 2034 
285 94 
1205 1205 
751 249 
1513 503 
634 210 
2431 7293 
1818 5454 
883 883 
830 2490 
1325 441 
875 2625 
1512 1512 
1967 5901 
1062 353 
1020 1020 
1268 1268 
1262 3786 
1491 1491 
1071 1071 
1956 651 
264 87 
1564 1564 
960 960 
2471 823 
113 339 
1398 4194 
2398 798 
1624 540 
907 907 
510 169 
392 1176 
2397 7191 
212 70 
962 962 
1878 625 
836 836 
1886 5658 
770 2310 
2218 738 
648 215 
96 288 
1508 1508 
837 837 
1234 1234 
451 149 
205 67 
1648 548 
2451 7353 
1081 1081 
1879 625 
291 873 
989 989 
1244 414 
1915 637 
535 1605 
1453 1453 
701 2103 
871 871 
1122 3366 
1029 1029 
39 12 
2047 681 
1958 5874 
441 146 
1560 519 
2499 832 
2112 6336 
1202 1202 
629 1887 
1413 470 
845 845 
992 992 
1993 663 
537 178 
2368 7104 
891 296 
1241 3723 
2187 728 
2233 743 
1606 534 
2426 808 
1494 1494 
533 177 
1276 424 
1906 634 
870 870 
797 265 
364 1092 
1537 511 
1983 660 
1811 603 
1663 1663 
1624 1624 
10 2 
2180 726 
360 1080 
1156 384 
741 246 
1937 645 
228 684 
864 287 
919 2757 
1386 461 
273 819 
26 8 
1683 5049 
2459 7377 
1340 4020 
1534 510 
1070 1070 
1528 4584 
137 45 
1303 1303 
191 573 
995 995 
2336 7008 
2478 825 
1903 633 
58 174 
2071 6213 
1652 1652 
1641 1641 
1498 1498 
1538 1538 
1050 3150 
1353 1353 
2159 719 
1550 4650 
528 1584 
1288 1288 
2373 790 
1092 363 
933 2799 
1655 4965 
999 999 
1061 1061 
394 1182 
575 1725 
1346 1346 
2061 686 
2104 6312 
1065 1065 
1721 5163 
201 603 
2245 6735 
1939 5817 
1075 357 
1174 1174 
36 11 
1562 1562 
1169 3507 
2099 699 
81 26 
18 5 
589 195 
1320 1320 
1109 3327 
12 36 
1078 358 
2165 721 
1493 1493 
1386 1386 
1433 1433 
76 228 
994 994 
888 888 
938 938 
837 278 
1441 1441 
661 1983 
1935 644 
694 230 
1157 1157 
1137 1137 
1740 5220 
1285 1285 
1892 5676 
1408 468 
1820 606 
1114 1114 
1131 1131 
1709 569 
2305 6915 
912 912 
1112 370 
869 289 
851 2553 
1832 610 
1269 422 
633 1899 
1065 354 
1902 633 
2314 770 
1189 395 
1434 477 
1159 1159 
211 633 
2236 744 
1510 1510 
2479 825 
1500 499 
1396 464 
1899 5697 
2231 743 
1576 1576 
1163 3489 
1442 480 
1681 559 
956 956 
683 2049 
1026 1026 
1550 516 
70 22 
2345 7035 
985 327 
2364 787 
870 289 
878 878 
1129 1129 
1757 585 
2402 7206 
2328 775 
330 109 
1269 1269 
1006 1006 
1522 506 
702 2106 
334 1002 
1248 415 
1454 4362 
1462 486 
1300 1300 
869 869 
1501 1501 
425 1275 
2253 6759 
1500 4500 
2036 6108 
1466 1466 
434 1302 
1409 1409 
1007 1007 
1955 651 
1403 1403 
1059 1059 
1515 504 
2178 6534 
704 2112 
180 59 
2118 6354 
1245 1245 
1598 1598 
848 848 
1166 1166 
1712 570 
1085 1085 
1649 1649 
1080 1080 
1346 4038 
588 1764 
741 2223 
1991 5973 
1450 1450 
874 290 
1498 4494 
1090 1090 
1316 3948 
458 1374 
930 930 
1788 595 
574 1722 
104 312 
1368 455 
2232 743 
885 885 
1119 1119 
839 279 
2330 6990 
2012 670 
1919 639 
26 78 
2072 6216 
650 216 
1098 1098 
1521 1521 
1249 1249 
1753 5259 
2092 6276 
2309 6927 
692 2076 
160 480 
934 310 
1084 1084 
863 863 
1638 1638 
1391 1391 
609 1827 
520 172 
132 396 
1105 1105 
1043 1043 
725 241 
2294 764 
127 381 
422 140 
1131 376 
514 1542 
1788 5364 
1567 1567 
163 489 
1533 1533 
1325 1325 
2201 733 
1382 460 
1611 4833 
1262 1262 
1310 1310 
941 313 
2119 6357 
1523 1523 
1017 3051 
1973 5919 
1402 1402 
967 2901 
1134 377 
1357 4071 
2283 760 
2415 804 
1375 457 
1426 1426 
1291 1291 
1080 359 
2185 727 
914 914 
424 1272 
1672 556 
1039 3117 
1664 554 
128 42 
590 1770 
1018 1018 
397 1191 
1248 1248 
2474 7422 
1401 1401 
1287 1287 
1558 4674 
2254 750 
2138 712 
935 935 
1254 1254 
1879 5637 
1552 1552 
176 58 
1532 1532 
1877 625 
1490 4470 
584 1752 
1028 1028 
1622 1622 
2184 727 
1867 621 
1545 4635 
1893 630 
1333 1333 
842 280 
1330 442 
915 915 
722 2166 
721 239 
1133 3399 
1372 456 
1486 4458 
1913 5739 
798 265 
1639 1639 
1715 5145 
1406 1406 
1615 537 
1603 1603 
936 311 
2155 717 
2088 6264 
1414 1414 
946 946 
1493 4479 
838 838 
1283 1283 
828 275 
957 2871 
1532 4596 
1533 4599 
75 225 
1882 5646 
1643 1643 
1470 4410 
2154 6462 
1590 1590 
737 245 
1713 5139 
1485 1485 
1244 1244 
988 988 
1237 3711 
491 1473 
1892 630 
485 161 
1746 581 
1373 1373 
974 974 
1296 1296 
1156 1156 
59 19 
207 68 
559 1677 
1179 1179 
2036 678 
1173 1173 
345 114 
1600 1600 
406 134 
119 39 
1002 1002 
887 887 
1423 1423 
1577 1577 
780 259 
1555 4665 
1102 1102 
2057 685 
1242 1242 
1844 614 
156 468 
638 212 
1527 4581 
1155 1155 
1656 1656 
1388 1388 
1186 394 
1135 1135 
107 35 
1768 588 
1105 3315 
1703 567 
806 268 
1025 1025 
1727 575 
2259 752 
656 1968 
2284 6852 
1354 1354 
1292 1292 
1457 1457 
2458 818 
1580 1580 
1463 1463 
1224 407 
2320 772 
1435 1435 
1176 391 
1976 658 
1083 360 
2393 7179 
912 2736 
932 932 
121 363 
735 244 
2336 778 
1854 617 
1036 1036 
2248 6744 
2447 7341 
2430 7290 
1499 1499 
906 301 
1474 1474 
1579 4737 
438 1314 
2416 7248 
891 891 
1535 1535 
860 286 
1270 1270 
1482 1482 
2167 721 
955 955 
898 898 
1476 491 
305 915 
1358 1358 
2202 733 
1299 1299 
622 206 
2499 7497 
1611 1611 
1668 5004 
682 2046 
1472 490 
1113 1113 
1318 1318 
530 1590 
987 987 
126 378 
1495 497 
1523 4569 
1599 1599 
984 2952 
98 294 
2237 6711 
417 1251 
1503 1503 
1083 1083 
1167 388 
1513 1513 
1575 1575 
1801 599 
978 978 
698 232 
1305 1305 
1062 1062 
755 2265 
1823 607 
692 230 
274 822 
771 2313 
1329 3987 
907 2721 
906 906 
2270 6810 
109 327 
1480 1480 
1405 467 
506 1518 
231 76 
753 2259 
851 851 
413 137 
1344 447 
2098 6294 
151 49 
2111 703 
1451 1451 
1487 495 
370 1110 
919 305 
1185 1185 
1236 1236 
402 1206 
2228 742 
382 1146 
1825 607 
2303 6909 
1612 1612 
173 57 
2443 813 
875 875 
1508 502 
1620 4860 
2126 6378 
1816 604 
915 304 
1986 661 
839 839 
984 984 
1072 1072 
1728 575 
2348 782 
602 1806 
1542 1542 
1161 386 
1449 1449 
1044 1044 
1095 364 
1388 4164 
2076 691 
1286 1286 
1199 3597 
1333 3999 
386 1158 
298 894 
1745 581 
324 107 
1645 1645 
1506 501 
2360 7080 
1490 1490 
1342 1342 
1473 1473 
484 160 
997 997 
1635 1635 
1849 5547 
1037 3111 
2140 6420 
1457 485 
855 855 
1557 518 
1841 5523 
1154 1154 
1618 1618 
518 1554 
439 145 
1360 1360 
1549 1549 
1548 1548 
508 168 
454 150 
1336 4008 
954 954 
551 183 
1570 522 
2473 7419 
951 951 
1637 1637 
1644 1644 
1191 396 
59 177 
1661 1661 
1234 3702 
2487 7461 
162 486 
1343 1343 
625 207 
1629 4887 
1468 1468 
1156 3468 
899 299 
1122 1122 
20 60 
1653 1653 
1596 1596 
121 39 
233 77 
1209 1209 
875 291 
1393 1393 
1056 3168 
1094 1094 
927 927 
2265 754 
466 154 
1042 1042 
1767 588 
1166 3498 
809 269 
691 229 
1443 1443 
197 591 
1565 4695 
1195 1195 
970 970 
1013 1013 
1306 3918 
457 1371 
1934 5802 
2156 6468 
1182 3546 
840 840 
1717 571 
1275 424 
2087 6261 
313 939 
1056 1056 
1440 1440 
2000 6000 
1134 3402 
582 1746 
971 971 
2198 6594 
1828 608 
1390 1390 
1040 1040 
934 934 
308 102 
706 234 
1711 5133 
1996 5988 
1078 1078 
1144 1144 
1335 4005 
2070 6210 
1096 3288 
1936 5808 
976 976 
955 2865 
1606 1606 
1486 1486 
1004 3012 
1875 624 
2417 7251 
1730 5190 
1581 526 
1158 3474 
1615 1615 
2446 814 
2348 7044 
1021 1021 
1291 429 
1539 1539 
1235 411 
1484 1484 
1003 1003 
1476 1476 
1259 1259 
1169 389 
554 184 
1188 1188 
1696 564 
1389 462 
1213 1213 
1002 3006 
1688 5064 
515 1545 
658 1974 
1046 348 
1171 1171 
111 333 
564 1692 
1461 1461 
1000 1000 
377 1131 
948 948 
1368 1368 
1327 1327 
1572 1572 
1173 390 
857 857 
1027 1027 
58 18 
1832 5496 
1862 620 
1077 1077 
2144 714 
1733 5199 
1678 5034 
622 1866 
1458 1458 
1247 1247 
590 196 
1073 1073 
1095 3285 
1341 4023 
1469 1469 
1132 3396 
939 939 
929 309 
1315 1315 
2243 747 
1153 1153 
519 172 
460 1380 
614 204 
973 973 
1473 4419 
937 937 
1509 1509 
1246 1246 
1301 3903 
1422 1422 
2395 7185 
1636 1636 
2142 713 
70 210 
1136 378 
1621 1621 
2281 6843 
1627 1627 
1178 1178 
1412 1412 
1930 642 
1516 1516 
1332 3996 
1008 1008 
1597 531 
2406 7218 
947 947 
1524 1524 
1771 589 
1389 4167 
411 136 
1765 587 
2022 673 
712 2136 
924 924 
1051 1051 
1163 387 
809 2427 
2223 740 
1106 1106 
1121 1121 
2227 741 
1826 5478 
2019 6057 
2379 792 
1502 4506 
195 64 
525 174 
1545 1545 
1913 637 
1790 5370 
1369 1369 
2026 674 
871 2613 
688 2064 
852 852 
2372 790 
2033 677 
1165 387 
1593 1593 
1848 5544 
400 132 
1595 1595 
