3500 7000
1458 485 
557 185 
2398 7194 
1111 3333 
1466 4398 
1392 4176 
1867 1867 
1781 1781 
2064 2064 
2303 2303 
2510 836 
1830 609 
1314 3942 
1530 1530 
1163 387 
3188 9564 
2123 2123 
3236 9708 
1703 5109 
3015 1004 
2790 929 
1274 3822 
2151 6453 
3448 10344 
1437 478 
1611 536 
1216 3648 
3044 9132 
2301 2301 
1429 475 
3395 10185 
3336 1111 
1792 1792 
1362 453 
1258 1258 
3174 1057 
1981 1981 
1277 1277 
617 1851 
1437 4311 
1925 1925 
2070 2070 
2976 8928 
2650 7950 
1753 1753 
3430 1142 
2053 2053 
2635 877 
1503 1503 
2240 2240 
2140 712 
3339 1112 
1203 1203 
329 987 
2312 2312 
1906 5718 
1934 5802 
2081 2081 
2184 2184 
378 125 
1335 444 
2712 8136 
1779 1779 
184 60 
1977 658 
756 251 
1274 1274 
1979 1979 
2669 8007 
2152 716 
2407 7221 
2580 7740 
715 2145 
2156 2156 
1643 547 
1918 638 
1647 1647 
435 144 
1677 5031 
2009 2009 
846 2538 
97 31 
176 58 
1174 1174 
3474 10422 
1561 4683 
1842 5526 
2120 706 
2027 675 
1758 585 
2230 2230 
2416 7248 
894 297 
1968 655 
3270 9810 
2169 6507 
2759 8277 
1197 3591 
1933 1933 
34 102 
2233 743 
3160 9480 
1455 1455 
1177 391 
1144 3432 
668 222 
1172 3516 
488 1464 
1139 379 
2106 701 
137 45 
2226 2226 
2548 848 
568 188 
1486 1486 
1429 1429 
2747 8241 
2833 943 
2125 2125 
3304 9912 
1657 1657 
1541 513 
2024 674 
1829 1829 
1461 1461 
724 240 
3209 1069 
556 184 
1960 652 
1678 558 
2966 988 
1025 3075 
102 306 
3317 9951 
241 79 
1237 1237 
2360 7080 
1515 504 
2251 749 
1544 1544 
1501 1501 
227 75 
1217 1217 
1577 4731 
265 87 
2237 2237 
888 295 
1201 3603 
1697 5091 
1856 618 
1535 4605 
1365 1365 
3404 10212 
3454 10362 
1499 499 
475 157 
3266 9798 
3496 10488 
2442 7326 
1169 1169 
1662 1662 
2438 812 
1480 492 
1085 361 
1922 1922 
2180 2180 
1735 5205 
1839 1839 
2200 6600 
1430 4290 
830 276 
2506 7518 
2843 8529 
505 167 
1879 1879 
1194 3582 
844 2532 
1623 4869 
2018 6054 
1704 1704 
1297 1297 
1022 340 
2467 7401 
1745 1745 
2599 7797 
2189 2189 
577 1731 
2518 7554 
343 113 
2896 8688 
1209 1209 
3397 10191 
3274 9822 
2279 2279 
793 2379 
1373 1373 
2370 789 
1966 1966 
2245 747 
3044 1014 
3198 1065 
2093 6279 
2141 2141 
521 1563 
2145 2145 
1423 473 
3466 1154 
1958 1958 
2100 699 
1576 1576 
112 336 
243 729 
1536 511 
3264 9792 
1028 342 
1982 1982 
1307 1307 
40 120 
3063 1020 
2076 691 
1865 1865 
2608 868 
1304 1304 
1313 1313 
1061 3183 
366 121 
2148 2148 
2440 7320 
1425 1425 
1355 4065 
2173 723 
2101 699 
1974 657 
2872 956 
2423 807 
3266 1088 
729 242 
882 2646 
2626 7878 
2110 2110 
2279 759 
1099 365 
454 150 
3447 10341 
1132 376 
1700 5100 
3143 1047 
2571 7713 
1711 1711 
856 2568 
134 44 
3112 1036 
2477 7431 
1253 1253 
742 2226 
2426 7278 
2486 7458 
2090 696 
3338 10014 
749 2247 
1272 1272 
2397 798 
1238 1238 
3473 10419 
3019 1005 
942 313 
3338 1112 
1726 1726 
1646 1646 
159 477 
2015 2015 
1923 1923 
1345 447 
1653 550 
2053 683 
2818 938 
2864 8592 
2991 8973 
3189 9567 
406 1218 
2806 934 
3272 9816 
2807 8421 
1929 642 
1473 4419 
3370 10110 
1720 1720 
1338 445 
1491 1491 
3152 9456 
1219 1219 
71 23 
172 516 
2250 6750 
2232 2232 
1430 1430 
2939 8817 
1903 1903 
2556 7668 
2210 736 
1763 587 
3163 1053 
2064 6192 
1670 1670 
1921 5763 
1213 1213 
3151 1049 
1530 4590 
1644 1644 
2651 7953 
1509 1509 
1405 1405 
3349 1115 
1692 1692 
1762 586 
1087 361 
1477 4431 
3381 10143 
2835 944 
3074 9222 
270 89 
1285 1285 
2586 861 
896 2688 
2330 2330 
1480 1480 
1360 452 
2003 667 
1494 1494 
1888 1888 
1511 4533 
2379 792 
3097 9291 
1673 1673 
2853 950 
2303 767 
1220 1220 
86 258 
4 0 
636 211 
2314 2314 
2033 677 
531 1593 
3433 10299 
2676 8028 
463 1389 
3176 9528 
3138 9414 
1263 1263 
2702 8106 
2568 855 
1980 1980 
2192 2192 
1724 5172 
1352 1352 
2470 7410 
3251 1083 
1354 1354 
1815 1815 
239 79 
1372 1372 
788 2364 
2593 863 
2576 858 
2552 850 
1534 4602 
1308 3924 
802 266 
1814 1814 
2198 2198 
36 108 
2270 2270 
580 1740 
2266 6798 
2982 993 
2920 972 
1914 1914 
2519 839 
1702 1702 
1265 421 
2414 7242 
1350 1350 
49 147 
1748 1748 
2877 958 
439 1317 
1816 1816 
2584 7752 
1561 519 
453 150 
783 260 
1998 1998 
3110 1036 
1719 1719 
1789 5367 
1090 3270 
2654 7962 
1465 4395 
1856 1856 
2489 7467 
84 27 
2712 903 
60 180 
538 178 
1911 1911 
2035 2035 
2108 2108 
1250 1250 
168 504 
1766 1766 
2286 6858 
3319 1105 
2228 2228 
1548 1548 
567 1701 
593 197 
2055 2055 
1420 1420 
2659 885 
2051 2051 
1791 596 
1788 1788 
1743 1743 
89 267 
707 2121 
1404 467 
947 2841 
1273 3819 
2972 990 
1337 1337 
2017 6051 
420 1260 
2089 695 
1260 1260 
1793 1793 
3204 1067 
1599 532 
2720 8160 
1972 1972 
1763 1763 
2452 816 
1724 1724 
3260 1086 
1606 1606 
2475 824 
1520 506 
1002 333 
1674 1674 
1848 1848 
1587 1587 
2268 2268 
2525 7575 
1597 4791 
524 174 
1659 1659 
1275 424 
1190 1190 
2632 876 
1567 1567 
2808 8424 
1485 4455 
3403 1133 
1950 1950 
746 248 
340 1020 
685 227 
1983 1983 
1652 1652 
1925 5775 
1336 4008 
1266 421 
1957 1957 
1511 503 
371 123 
2560 852 
2026 6078 
3430 10290 
1154 3462 
2187 2187 
2313 2313 
2552 7656 
85 27 
1780 1780 
3047 9141 
1470 1470 
118 38 
1290 429 
1761 586 
2981 993 
1924 1924 
3325 1107 
1413 1413 
1447 4341 
170 510 
2788 8364 
1421 4263 
2310 769 
1542 4626 
1847 1847 
1454 484 
1948 1948 
3037 1011 
1456 1456 
2048 682 
839 279 
2915 971 
351 1053 
3478 10434 
2621 873 
2074 690 
1407 468 
3271 9813 
1212 1212 
1466 1466 
2874 957 
1199 3597 
2918 972 
195 585 
3196 9588 
1767 5301 
925 307 
1916 1916 
1712 1712 
2854 8562 
254 84 
1244 1244 
2205 734 
2329 2329 
1678 1678 
1376 4128 
1181 1181 
323 969 
1240 412 
2219 2219 
2838 8514 
2147 2147 
3182 1060 
937 311 
931 2793 
1185 394 
2652 883 
79 25 
2054 2054 
72 216 
3334 10002 
578 192 
1596 1596 
2268 755 
2900 8700 
1725 1725 
1659 4977 
2319 772 
3360 1119 
3461 1153 
3308 1102 
1953 1953 
638 1914 
921 306 
3057 1018 
785 261 
781 2343 
1660 1660 
2062 2062 
436 1308 
3249 1082 
1960 1960 
615 204 
1390 1390 
1653 4959 
1774 1774 
245 81 
111 333 
1223 3669 
2079 692 
1236 3708 
1912 1912 
1881 5643 
2067 6201 
1409 1409 
317 951 
1988 1988 
1914 637 
634 1902 
1469 1469 
841 279 
1243 413 
1872 5616 
1044 347 
2062 686 
799 2397 
2037 2037 
2146 2146 
744 247 
2218 738 
1477 1477 
3142 9426 
2603 867 
2186 2186 
1936 1936 
1437 1437 
933 2799 
1157 385 
1585 1585 
2259 2259 
1882 1882 
1570 522 
1298 1298 
1685 561 
1240 1240 
1232 1232 
673 223 
3035 9105 
2380 7140 
1943 1943 
2283 2283 
320 106 
901 2703 
1327 441 
3107 1035 
1578 1578 
1861 1861 
566 1698 
3002 1000 
683 227 
1829 609 
1364 454 
2826 941 
705 2115 
3261 1086 
3048 9144 
222 73 
1625 4875 
3482 1160 
146 438 
1907 1907 
1254 1254 
2616 871 
1516 1516 
215 645 
2194 2194 
2569 855 
2434 810 
1518 1518 
2806 8418 
1730 1730 
207 621 
1897 1897 
370 122 
2842 8526 
2121 2121 
1305 434 
200 600 
1679 1679 
692 230 
875 2625 
876 291 
2016 2016 
229 75 
1264 420 
1655 4965 
3479 10437 
2069 2069 
3036 1011 
317 105 
1948 648 
983 327 
2776 924 
1102 3306 
3087 9261 
2032 2032 
1387 461 
1332 443 
1641 1641 
1468 1468 
969 2907 
1640 1640 
2161 6483 
373 1119 
2245 2245 
2802 8406 
2077 2077 
1524 507 
3063 9189 
1218 1218 
2889 962 
2042 680 
2324 2324 
1358 1358 
1329 1329 
1573 1573 
1057 351 
1868 1868 
1618 4854 
1319 3957 
3096 9288 
2257 6771 
1926 641 
1786 1786 
2825 8475 
3140 1046 
1327 1327 
1981 5943 
1629 542 
380 126 
3014 1004 
1187 3561 
3129 1042 
1862 1862 
2841 8523 
3486 10458 
2257 751 
3146 1048 
2181 2181 
631 209 
1512 1512 
2769 8307 
3004 1000 
2987 8961 
1800 1800 
2394 7182 
2249 2249 
2717 8151 
3293 1097 
1398 1398 
2965 987 
2158 718 
693 2079 
1319 1319 
2167 2167 
1269 1269 
2704 8112 
1170 1170 
1031 3093 
2054 684 
1630 1630 
2019 672 
915 2745 
2435 7305 
2601 7803 
1251 1251 
1854 617 
921 2763 
198 594 
1902 1902 
1598 1598 
2584 860 
1625 1625 
698 2094 
2261 6783 
965 2895 
1758 1758 
1289 429 
2125 707 
1397 1397 
1849 615 
1701 1701 
399 1197 
1326 1326 
1919 1919 
610 202 
1681 1681 
1075 357 
1688 1688 
3085 1027 
285 855 
2878 8634 
662 220 
2716 904 
834 2502 
2087 6261 
1041 3123 
1282 1282 
2341 779 
262 786 
2548 7644 
348 1044 
1570 1570 
1360 1360 
2065 6195 
1343 4029 
3308 9924 
437 145 
1807 601 
1546 514 
284 94 
1445 481 
829 275 
1894 1894 
1084 3252 
2391 7173 
2282 2282 
3141 9423 
1177 3531 
2794 8382 
1879 625 
1662 4986 
832 276 
3141 1046 
3324 9972 
1618 1618 
2983 8949 
2055 684 
333 110 
2337 7011 
2683 8049 
2109 6327 
1961 1961 
1964 1964 
2136 2136 
1811 1811 
2187 728 
2327 775 
1417 4251 
1264 1264 
1803 600 
3199 1065 
1478 4434 
1827 5481 
886 2658 
1296 431 
2298 2298 
1149 3447 
1926 1926 
2825 941 
1365 454 
82 26 
2999 8997 
553 183 
2873 8619 
1445 1445 
3405 1134 
585 1755 
2774 8322 
2307 2307 
2044 680 
456 151 
1432 1432 
3111 1036 
1316 1316 
486 1458 
1248 1248 
2710 8130 
2024 2024 
3290 1096 
1156 384 
2096 2096 
2083 2083 
409 135 
3395 1131 
2772 923 
1717 571 
1917 5751 
3316 1104 
1441 4323 
1223 1223 
2510 7530 
1975 1975 
1312 1312 
917 2751 
2700 899 
3116 9348 
1375 1375 
1394 464 
351 116 
407 135 
1796 1796 
395 1185 
1589 1589 
374 124 
2576 7728 
1347 1347 
1433 477 
879 2637 
2586 7758 
1905 5715 
2028 675 
137 411 
2260 6780 
1415 471 
1194 397 
1628 1628 
678 2034 
1927 1927 
1342 4026 
1348 1348 
1797 598 
3400 10200 
1569 1569 
2000 2000 
1426 1426 
1922 5766 
1843 613 
2309 769 
561 186 
2627 875 
3488 10464 
2814 937 
950 316 
993 330 
3055 1017 
1728 1728 
1457 485 
539 179 
2062 6186 
1968 5904 
2139 712 
565 187 
2568 7704 
2608 7824 
2215 2215 
2208 6624 
1502 4506 
1658 552 
2019 2019 
2109 2109 
2071 689 
80 26 
1719 572 
3371 1123 
2119 2119 
1844 1844 
2309 2309 
3173 9519 
1733 1733 
1346 1346 
1892 1892 
1697 1697 
2984 8952 
1496 498 
2060 686 
1196 1196 
1268 1268 
2402 7206 
1689 1689 
865 287 
2034 6102 
2174 2174 
1686 1686 
1428 1428 
798 265 
1389 462 
1588 1588 
1403 1403 
1885 1885 
9 27 
1984 5952 
2649 7947 
2159 2159 
2869 8607 
1586 1586 
2254 2254 
487 1461 
420 139 
2241 2241 
1705 1705 
1698 1698 
714 2142 
1808 1808 
743 247 
1773 1773 
3188 1062 
2216 738 
1727 1727 
3388 10164 
2168 2168 
1446 1446 
1366 1366 
399 132 
1970 5910 
1505 1505 
1451 1451 
2373 7119 
2748 915 
2266 754 
592 1776 
1955 5865 
1315 1315 
1221 1221 
2139 6417 
1438 1438 
1527 1527 
2879 8637 
1322 1322 
1767 1767 
2267 755 
3199 9597 
3337 10011 
108 324 
3226 1074 
1864 1864 
429 142 
2221 2221 
1230 1230 
1092 3276 
2862 8586 
2209 2209 
1381 4143 
1284 1284 
3387 10161 
1043 347 
2217 2217 
1834 1834 
1810 1810 
2398 798 
1740 1740 
242 726 
3372 1123 
1915 5745 
432 143 
449 149 
2048 2048 
1058 3174 
1402 4206 
1471 489 
1328 1328 
2463 7389 
2113 703 
2171 2171 
3165 9495 
3062 9186 
2063 2063 
1414 1414 
312 103 
2883 8649 
1650 1650 
1542 1542 
2156 718 
840 2520 
2936 978 
2258 2258 
2310 2310 
1742 5226 
3369 1122 
10 30 
3489 1162 
1918 1918 
1898 5694 
1639 1639 
1805 1805 
1683 1683 
363 120 
1536 1536 
1591 1591 
1491 4473 
3209 9627 
3134 9402 
786 261 
201 603 
1952 1952 
1869 1869 
2294 2294 
1194 1194 
3205 9615 
570 189 
2323 2323 
1604 1604 
1615 1615 
885 2655 
953 317 
1820 1820 
1335 4005 
1604 4812 
431 143 
1422 1422 
2955 8865 
3421 10263 
1130 3390 
734 244 
2885 8655 
601 1803 
1419 1419 
1738 5214 
3074 1024 
1648 548 
1749 5247 
1853 1853 
1150 3450 
1594 4782 
3394 10182 
1823 1823 
2067 2067 
2273 757 
2113 2113 
2274 2274 
1302 433 
3161 1053 
2096 698 
90 29 
1613 1613 
64 20 
2311 2311 
1189 1189 
1771 1771 
2639 7917 
1320 1320 
1592 1592 
1238 3714 
2288 2288 
1256 418 
1690 1690 
2812 936 
1145 3435 
1921 1921 
315 945 
1741 1741 
2949 982 
2782 926 
171 513 
2930 976 
3270 1089 
1325 1325 
1611 1611 
2196 2196 
1291 1291 
546 181 
369 1107 
2008 668 
1571 1571 
1644 547 
2298 765 
1881 626 
1976 1976 
1089 3267 
2557 7671 
1703 1703 
2748 8244 
2048 6144 
2282 6846 
2047 2047 
2115 704 
1479 4437 
1050 349 
1663 4989 
1321 1321 
3168 9504 
1543 513 
3126 9378 
2172 723 
1015 337 
2863 8589 
1193 1193 
2425 7275 
2095 2095 
1878 1878 
1331 1331 
2547 7641 
2188 2188 
2792 8376 
1769 1769 
1166 388 
1132 3396 
1349 1349 
3049 1015 
2133 2133 
1525 1525 
1478 1478 
748 2244 
2785 927 
1387 1387 
3213 1070 
1485 494 
2180 6540 
740 2220 
2314 6942 
2305 2305 
2144 2144 
1993 1993 
2534 844 
1187 1187 
1176 3528 
1399 1399 
2758 8274 
2423 7269 
1245 3735 
1556 1556 
2154 6462 
1402 1402 
3005 1001 
3196 1064 
1825 5475 
980 2940 
2670 889 
1895 1895 
346 114 
2279 6837 
2013 6039 
2161 2161 
1803 5409 
1225 1225 
1209 3627 
1207 3621 
1818 5454 
2575 7725 
1462 1462 
1661 1661 
983 2949 
12 36 
1723 1723 
511 169 
289 95 
293 879 
1447 1447 
1850 1850 
2122 6366 
2112 2112 
1502 1502 
1868 622 
1221 406 
2401 7203 
447 1341 
2236 744 
2665 7995 
3090 9270 
150 450 
1765 5295 
858 285 
834 277 
2735 911 
2377 7131 
2044 2044 
3095 9285 
92 30 
362 120 
1790 5370 
1180 1180 
1609 1609 
779 2337 
2087 2087 
3336 10008 
2326 774 
2138 712 
1934 1934 
1795 1795 
301 99 
2953 8859 
2182 2182 
1538 4614 
2912 970 
2480 7440 
1137 3411 
735 244 
899 2697 
1361 453 
982 2946 
2326 6978 
1290 1290 
2117 2117 
1904 1904 
104 312 
1782 593 
2919 8757 
2897 8691 
1808 5424 
3458 1152 
1985 1985 
364 1092 
1021 3063 
1381 459 
1860 1860 
1202 1202 
2462 820 
624 1872 
1359 1359 
2229 2229 
1488 1488 
1668 1668 
1301 1301 
1972 656 
2179 6537 
868 2604 
3296 9888 
3016 9048 
1706 1706 
2941 8823 
613 203 
3318 1105 
2319 6957 
2300 2300 
2596 864 
2216 2216 
2212 6636 
3499 10497 
1723 573 
1615 537 
2549 849 
2206 2206 
3466 10398 
333 999 
2417 7251 
1855 1855 
3468 1155 
3214 1070 
1500 499 
294 97 
1565 1565 
54 162 
1559 1559 
1546 4638 
2002 2002 
1787 1787 
1986 661 
3098 9294 
3031 9093 
1568 1568 
1440 1440 
850 282 
1545 514 
1873 1873 
1768 5304 
1539 1539 
2312 770 
2318 2318 
2665 887 
2307 6921 
1843 1843 
1929 1929 
2369 7107 
3147 1048 
1999 1999 
1797 1797 
158 52 
32 96 
2730 8190 
2726 8178 
1523 507 
3292 1096 
1627 1627 
1999 5997 
1172 1172 
2607 868 
2088 2088 
3001 999 
787 261 
2574 857 
2876 8628 
2736 911 
1861 619 
1301 433 
2892 8676 
2254 750 
2535 7605 
1369 455 
2751 916 
1894 5682 
2164 720 
1450 4350 
2133 710 
1851 1851 
3126 1041 
2140 2140 
571 189 
1239 1239 
544 1632 
2236 2236 
1069 355 
2122 2122 
3130 1042 
202 606 
470 156 
2198 732 
1225 3675 
687 228 
2082 2082 
614 1842 
1317 1317 
801 2403 
860 2580 
2810 8430 
3364 1120 
1942 1942 
1441 479 
731 243 
2004 2004 
1367 1367 
2867 8601 
1495 1495 
1175 1175 
2292 2292 
906 2718 
1631 1631 
2109 702 
1717 1717 
3432 1143 
3396 1131 
424 140 
2939 979 
1555 1555 
867 2601 
2998 8994 
2415 7245 
1199 1199 
1473 1473 
650 216 
636 1908 
769 2307 
730 242 
1662 553 
3444 1147 
1401 1401 
2028 6084 
2278 2278 
1987 1987 
3387 1128 
1820 606 
1859 1859 
1334 1334 
51 153 
3185 9555 
1104 367 
1517 1517 
2224 2224 
489 1467 
1273 1273 
2524 7572 
2078 6234 
1329 442 
1635 4905 
2481 7443 
1077 3231 
575 1725 
481 159 
2066 6198 
2754 917 
2403 800 
1283 1283 
1470 489 
2655 7965 
508 1524 
267 801 
2265 6795 
2338 7014 
1173 1173 
833 2499 
2120 2120 
1901 1901 
1249 1249 
1748 582 
2208 2208 
193 579 
2928 8784 
1198 1198 
1537 1537 
1434 1434 
1822 1822 
544 180 
3051 9153 
3131 9393 
93 279 
1400 466 
1535 511 
64 192 
3222 9666 
1944 5832 
1041 346 
1870 1870 
2076 2076 
1206 1206 
1380 1380 
1439 479 
123 40 
2128 708 
1045 347 
3327 9981 
1658 4974 
2001 2001 
1318 3954 
3000 9000 
69 207 
2332 2332 
1155 384 
283 849 
1541 1541 
1232 410 
2331 2331 
1452 1452 
296 98 
1858 618 
1475 1475 
2244 2244 
1630 542 
1699 1699 
2173 2173 
1709 1709 
200 66 
2956 984 
2017 2017 
224 672 
1777 1777 
1253 3759 
1996 1996 
1730 5190 
210 630 
1197 1197 
3258 1085 
2195 2195 
1471 1471 
1962 1962 
235 705 
2227 2227 
1977 1977 
1318 1318 
30 90 
1359 4077 
2277 6831 
2214 6642 
2554 7662 
1514 4542 
1694 1694 
1799 1799 
2234 2234 
2932 976 
3436 1144 
2214 2214 
482 160 
2417 805 
2013 2013 
1756 1756 
1400 1400 
1661 4983 
2033 2033 
2313 770 
1388 462 
2800 8400 
1243 1243 
415 137 
1530 509 
1910 1910 
2288 6864 
3042 1013 
852 283 
1299 432 
1649 549 
2937 978 
1962 5886 
48 15 
846 281 
2207 735 
671 2013 
2780 8340 
1740 5220 
1493 1493 
3310 1102 
2299 765 
1142 3426 
2647 881 
1747 1747 
2092 2092 
1965 1965 
1453 1453 
1789 595 
555 1665 
3226 9678 
440 146 
2284 2284 
2901 8703 
2123 6369 
1782 1782 
1677 1677 
247 741 
934 2802 
2191 729 
1223 407 
2976 991 
1218 405 
147 48 
2079 2079 
1515 4545 
925 2775 
2301 6903 
1404 1404 
53 159 
2868 8604 
1047 3141 
806 268 
2507 7521 
2158 2158 
1443 1443 
3194 9582 
1431 476 
278 834 
477 1431 
67 201 
1120 3360 
1742 580 
957 2871 
1294 430 
1731 5193 
2080 2080 
1994 664 
1286 1286 
2181 6543 
3170 1056 
1765 1765 
2778 8334 
1913 637 
2278 6834 
3493 1163 
1863 1863 
2185 2185 
2098 6294 
1583 1583 
1817 1817 
3383 1127 
2257 2257 
2322 2322 
912 303 
1849 1849 
2632 7896 
1027 341 
2194 730 
2845 8535 
1742 1742 
345 1035 
747 2241 
1281 1281 
3137 1045 
1876 624 
409 1227 
1339 1339 
766 2298 
2094 2094 
1139 3417 
1067 3201 
1282 3846 
620 1860 
727 241 
1378 458 
1580 1580 
2080 692 
936 311 
2132 2132 
616 1848 
316 948 
954 2862 
1109 369 
291 96 
2063 687 
2167 721 
1382 1382 
1506 1506 
1560 1560 
1009 3027 
465 154 
2315 2315 
1927 5781 
3262 9786 
1971 1971 
3120 9360 
988 2964 
1552 1552 
3117 1038 
299 897 
2556 851 
2516 838 
24 7 
1886 1886 
1171 1171 
1278 1278 
2101 2101 
1247 1247 
815 2445 
1342 1342 
1692 563 
1234 1234 
2411 803 
1897 5691 
2463 820 
2550 7650 
2414 804 
1461 4383 
3243 9729 
108 35 
3220 9660 
512 1536 
2150 2150 
2128 6384 
945 2835 
2248 2248 
1442 1442 
3092 1030 
777 258 
2528 842 
247 81 
2343 7029 
1072 3216 
1632 1632 
1441 1441 
2106 2106 
2025 2025 
1510 4530 
3389 10167 
62 20 
1982 5946 
1482 4446 
1242 1242 
1750 1750 
3467 10401 
1476 1476 
2451 816 
3174 9522 
2207 2207 
1484 1484 
2367 788 
2295 2295 
3403 10209 
1680 1680 
1601 1601 
359 1077 
75 24 
2715 904 
2881 959 
1487 1487 
2986 8958 
1691 1691 
2523 840 
1313 437 
218 654 
1339 445 
1942 646 
2272 2272 
1794 597 
3133 9399 
2328 2328 
938 2814 
1789 1789 
2744 914 
2142 2142 
734 2202 
3022 1006 
1913 1913 
1483 1483 
3397 1131 
1052 350 
2273 2273 
264 792 
1989 5967 
2898 8694 
821 2463 
3254 1084 
568 1704 
1890 1890 
1822 5466 
2753 917 
1212 3636 
2998 998 
3001 9003 
1974 1974 
1504 1504 
326 978 
1533 4599 
365 121 
1919 5757 
1150 382 
1581 1581 
2951 983 
3343 10029 
1861 5583 
3078 9234 
727 2181 
1210 1210 
2014 2014 
2175 724 
1385 1385 
1484 4452 
1458 1458 
1752 1752 
453 1359 
1708 568 
2073 6219 
1241 1241 
1762 1762 
314 104 
1324 3972 
2940 8820 
881 2643 
472 156 
776 258 
3057 9171 
3302 9906 
2032 6096 
2562 853 
811 269 
1159 385 
2021 6063 
27 8 
1207 401 
2073 2073 
371 1113 
2231 2231 
2963 8889 
291 873 
1365 4095 
2289 6867 
1713 1713 
3363 10089 
264 87 
334 110 
375 1125 
616 204 
1192 1192 
2130 2130 
1302 1302 
3448 1148 
1760 1760 
1287 3861 
2127 2127 
1205 1205 
2543 7629 
2804 934 
2118 2118 
2151 2151 
2205 2205 
1304 3912 
255 84 
1532 510 
1696 1696 
1803 1803 
584 1752 
1802 1802 
2136 711 
1932 1932 
1624 1624 
412 1236 
1386 461 
3498 1165 
1510 1510 
507 1521 
1490 1490 
3480 10440 
1527 508 
2492 7476 
2242 6726 
1602 1602 
934 310 
1593 4779 
2072 2072 
180 59 
1053 3159 
1293 1293 
2086 694 
631 1893 
3068 9204 
1824 5472 
1838 1838 
1208 1208 
1287 1287 
1645 1645 
736 244 
552 1656 
1503 500 
2527 7581 
3254 9762 
749 249 
576 1728 
2560 7680 
1529 1529 
3021 9063 
615 1845 
1759 1759 
3409 1135 
1749 1749 
3494 1164 
1459 1459 
3204 9612 
92 276 
1489 1489 
1267 3801 
1341 1341 
2335 7005 
1882 626 
1612 1612 
271 89 
1288 3864 
1608 1608 
2016 6048 
579 1737 
1548 515 
3427 1141 
1260 419 
1909 1909 
1392 1392 
3218 1072 
637 211 
2374 790 
1553 1553 
147 441 
543 180 
1710 1710 
3422 10266 
210 69 
2947 981 
2108 6324 
287 861 
2916 8748 
2107 2107 
1138 378 
2093 2093 
1819 1819 
2242 2242 
497 165 
1392 463 
1270 1270 
2521 7563 
796 2388 
3263 1087 
696 231 
1362 1362 
1802 600 
638 212 
1593 1593 
1775 591 
1063 3189 
96 31 
3154 1050 
130 390 
2172 2172 
2255 2255 
2950 982 
3321 1106 
1736 1736 
1684 560 
2052 2052 
1582 1582 
1363 4089 
2217 738 
560 186 
2030 2030 
559 185 
2045 2045 
485 161 
2484 7452 
1827 1827 
2072 690 
1867 621 
1246 1246 
2058 2058 
3197 9591 
2364 7092 
831 2493 
802 2406 
1668 5004 
2286 2286 
2308 2308 
1877 1877 
989 329 
3295 9885 
606 201 
1356 1356 
1754 5262 
2284 6852 
2287 2287 
2848 8544 
2201 2201 
2153 6459 
2057 685 
1498 1498 
1187 395 
2262 2262 
764 2292 
2446 7338 
790 2370 
398 1194 
206 618 
1664 1664 
1179 3537 
2297 2297 
1042 346 
1540 1540 
1252 1252 
1310 3930 
650 1950 
3452 1150 
2222 740 
871 289 
2613 870 
2993 997 
1098 3294 
2084 2084 
648 1944 
2974 8922 
2675 891 
1000 3000 
1515 1515 
1422 4266 
3486 1161 
1266 1266 
2796 8388 
974 324 
677 225 
1896 1896 
41 123 
1146 3438 
930 309 
1270 3810 
3354 1117 
2444 7332 
780 2340 
557 1671 
1842 1842 
1845 1845 
3401 1133 
1549 1549 
796 264 
2936 8808 
1663 1663 
1314 1314 
3489 10467 
1805 601 
3477 10431 
1211 1211 
1184 1184 
610 1830 
1849 5547 
4 12 
443 147 
1288 1288 
740 246 
2149 6447 
1355 1355 
1584 1584 
1546 1546 
1176 1176 
1649 1649 
2041 2041 
849 282 
1920 639 
2917 971 
2311 769 
2291 6873 
1384 1384 
3483 1160 
2818 8454 
1407 1407 
2059 2059 
3439 1145 
1118 372 
3202 1066 
671 223 
1939 1939 
1465 1465 
1893 5679 
895 297 
1224 3672 
986 2958 
2089 2089 
2266 2266 
758 2274 
1177 1177 
1821 1821 
2395 797 
1581 526 
2006 2006 
2763 8289 
1276 1276 
646 214 
1439 1439 
1575 1575 
265 795 
2116 2116 
3422 1140 
1669 1669 
917 305 
2305 6915 
2252 6756 
2225 2225 
2162 720 
2191 2191 
252 83 
1032 343 
2325 2325 
2902 966 
2733 910 
1739 1739 
1306 1306 
1566 1566 
1756 5268 
959 2877 
643 1929 
2487 7461 
1772 5316 
1450 1450 
1607 1607 
1418 1418 
3423 10269 
3086 1028 
2116 6348 
1105 3315 
2905 967 
2958 985 
1687 1687 
2711 903 
1550 1550 
741 2223 
2007 6021 
1293 3879 
3171 1056 
2290 2290 
127 41 
1859 619 
3077 1025 
2345 7035 
2376 791 
3253 1083 
3441 10323 
445 147 
2289 2289 
8 2 
2086 2086 
1846 1846 
1568 522 
1617 1617 
1068 355 
1511 1511 
3205 1067 
1670 5010 
1672 1672 
623 207 
1664 554 
1941 1941 
1722 1722 
1412 1412 
1744 1744 
2803 8409 
1807 1807 
46 14 
3437 10311 
976 324 
1518 505 
940 312 
2721 8163 
2028 2028 
1131 3393 
1423 1423 
1333 443 
1620 539 
794 2382 
1136 378 
1944 1944 
1866 1866 
2040 2040 
1746 1746 
1806 1806 
2699 8097 
1366 4098 
1307 3921 
2367 7101 
2661 886 
1378 4134 
1935 1935 
603 1809 
1104 3312 
1844 5532 
1416 1416 
1554 1554 
1374 4122 
2088 6264 
1908 635 
535 1605 
2460 819 
2966 8898 
2129 709 
1558 518 
2176 6528 
2537 7611 
2886 8658 
1634 1634 
911 303 
1295 1295 
3281 9843 
3129 9387 
1778 1778 
2945 981 
1603 533 
1226 1226 
1302 3906 
864 287 
1389 1389 
1258 418 
1411 1411 
2581 7743 
1200 1200 
926 308 
3460 10380 
1285 427 
1701 566 
2985 994 
1685 1685 
948 315 
1771 5313 
2544 7632 
2219 739 
3109 1035 
2195 731 
1045 3135 
2350 782 
392 1176 
1636 1636 
1945 5835 
1973 1973 
1979 5937 
1215 1215 
1835 5505 
1391 463 
1381 1381 
1303 1303 
1468 488 
2104 2104 
1185 1185 
1377 1377 
2175 2175 
1616 1616 
3420 1139 
1086 361 
1995 1995 
3497 10491 
1448 1448 
3013 9039 
938 312 
2731 909 
1474 1474 
1920 1920 
1948 5844 
1648 1648 
152 456 
2145 714 
922 306 
387 1161 
1841 1841 
2110 702 
562 186 
1860 5580 
1308 1308 
1951 1951 
1011 3033 
1424 1424 
2415 804 
1637 1637 
2695 897 
1729 5187 
2978 992 
884 294 
1400 4200 
2646 7938 
2315 6945 
1323 1323 
1651 549 
2798 932 
1259 1259 
1920 5760 
1930 5790 
1984 660 
2885 961 
1347 4041 
1265 1265 
3324 1107 
2163 6489 
2822 8466 
2811 936 
3281 1093 
2124 2124 
25 7 
2239 2239 
2679 892 
26 8 
2432 810 
1255 1255 
63 189 
2220 2220 
1110 3330 
2320 2320 
913 2739 
3099 1032 
1908 1908 
296 888 
1857 1857 
2437 7311 
595 197 
1557 4671 
1015 3045 
2064 687 
3362 10086 
188 564 
2509 7527 
1583 4749 
1544 514 
2178 2178 
1772 1772 
1994 1994 
70 22 
116 348 
3208 9624 
1751 5253 
2980 8940 
1353 1353 
2216 6648 
2237 745 
3175 9525 
1415 1415 
905 301 
2022 2022 
197 65 
1945 1945 
258 85 
3073 1023 
1976 658 
38 12 
1828 1828 
1161 3483 
2602 7806 
177 531 
3379 10137 
3242 1080 
1858 1858 
2328 775 
2012 2012 
840 279 
226 678 
1891 1891 
3265 1087 
2169 2169 
3030 1009 
1463 1463 
1836 611 
2473 823 
1558 1558 
1159 3477 
1309 1309 
1343 1343 
2443 7329 
1038 345 
219 657 
813 270 
3332 9996 
2231 6693 
2644 880 
2289 762 
3127 9381 
2065 2065 
1228 1228 
1178 392 
2291 2291 
1643 1643 
430 1290 
1265 3795 
668 2004 
478 1434 
1751 1751 
1459 485 
2316 771 
1410 1410 
1253 417 
27 81 
784 2352 
911 2733 
1605 1605 
1436 1436 
1721 5163 
1315 437 
1990 5970 
255 765 
1305 1305 
1294 1294 
3492 1163 
694 2082 
1436 4308 
1622 4866 
1538 1538 
2058 685 
2317 2317 
2706 901 
1770 589 
2304 2304 
1954 1954 
1417 1417 
1528 1528 
3115 9345 
1885 627 
2269 2269 
2660 886 
1283 427 
52 156 
55 165 
633 1899 
3016 1004 
943 313 
1229 1229 
1239 412 
1060 3180 
2206 6618 
2699 899 
598 1794 
3264 1087 
2709 902 
1635 1635 
2302 2302 
230 690 
1419 4257 
1521 4563 
1970 1970 
1406 1406 
2152 2152 
1825 1825 
2043 2043 
307 921 
1345 1345 
1695 1695 
2050 2050 
2951 8853 
3487 1161 
341 113 
1376 1376 
717 238 
2971 989 
1230 3690 
427 141 
1201 1201 
2503 7509 
1326 441 
1227 1227 
2633 7899 
126 41 
1840 1840 
880 292 
1012 3036 
832 2496 
2101 6303 
2229 6687 
2126 708 
179 59 
2741 8223 
3454 1150 
1809 1809 
1196 3588 
3243 1080 
1235 1235 
1621 1621 
2341 7023 
1638 1638 
1949 1949 
2779 925 
1531 1531 
1720 5160 
3171 9513 
1396 1396 
2250 2250 
540 179 
1494 497 
2738 912 
2267 2267 
1165 387 
1624 4872 
1368 455 
217 71 
1775 1775 
782 260 
1572 523 
1963 1963 
1333 1333 
2131 6393 
1815 604 
1686 5058 
851 283 
1285 3855 
316 104 
2372 790 
506 168 
2697 898 
1986 1986 
2274 757 
1315 3945 
1991 1991 
2003 2003 
2420 806 
1846 614 
1373 4119 
1363 1363 
1335 1335 
1906 1906 
2271 2271 
2239 6717 
1479 1479 
713 2139 
2861 8583 
1492 1492 
649 215 
817 2451 
1683 560 
1700 1700 
1667 1667 
1911 636 
1040 3120 
2200 2200 
2068 6204 
1555 517 
2783 927 
260 780 
2029 2029 
2253 2253 
1716 1716 
709 2127 
1654 1654 
1955 651 
738 2214 
1872 1872 
2591 863 
589 1767 
1337 445 
1370 1370 
2321 6963 
1103 3309 
1416 4248 
1456 4368 
476 158 
524 1572 
2517 838 
2359 785 
1216 1216 
1391 1391 
3271 1089 
2829 942 
1556 4668 
2944 8832 
655 1965 
1214 1214 
77 25 
877 2631 
3309 9927 
447 148 
1044 3132 
1076 358 
3172 9516 
2277 758 
1523 1523 
3334 1110 
919 305 
1345 4035 
1693 563 
3444 10332 
908 2724 
1516 504 
818 272 
2261 2261 
1843 5529 
2084 6252 
967 2901 
1845 5535 
1880 1880 
2066 2066 
234 77 
2243 2243 
2256 2256 
1027 3081 
2351 783 
1707 1707 
2434 7302 
2075 2075 
886 294 
2648 7944 
602 1806 
1835 1835 
1005 334 
1482 1482 
2689 8067 
1989 1989 
1761 1761 
900 2700 
2008 2008 
2405 7215 
2183 2183 
1734 1734 
282 93 
1967 655 
266 798 
1721 1721 
1817 5451 
692 2076 
226 74 
686 2058 
1633 1633 
1374 1374 
2031 676 
113 339 
2164 2164 
1836 5508 
1188 1188 
1875 1875 
3087 1028 
1831 1831 
1178 3534 
1836 1836 
2558 852 
2822 940 
31 93 
2233 2233 
59 19 
1340 1340 
2260 2260 
697 231 
2165 2165 
1280 1280 
2011 2011 
417 1251 
1451 483 
2193 2193 
1271 3813 
3012 1003 
1481 4443 
1931 5793 
2192 6576 
2358 7074 
2223 2223 
2504 7512 
1557 518 
1964 5892 
2155 2155 
875 291 
3487 10461 
2316 2316 
356 1068 
951 316 
3352 10056 
1757 585 
1675 1675 
160 52 
1449 1449 
336 111 
1656 1656 
2021 2021 
386 128 
2280 2280 
3093 1030 
1791 1791 
2641 7923 
1775 5325 
1533 1533 
2138 2138 
2177 2177 
145 435 
418 1254 
2132 6396 
1211 403 
1521 1521 
1203 400 
1571 4713 
2281 759 
2844 8532 
335 111 
530 176 
1653 1653 
1421 1421 
2412 7236 
1296 1296 
1956 1956 
285 94 
1647 4941 
611 1833 
3318 9954 
1379 1379 
2119 705 
340 112 
771 2313 
1899 1899 
2662 7986 
2128 2128 
775 2325 
1614 1614 
1706 568 
605 1815 
2957 8871 
2033 6099 
1547 1547 
325 107 
444 147 
1289 1289 
174 522 
1314 437 
3335 10005 
1467 1467 
2264 2264 
1501 499 
812 270 
732 243 
1794 1794 
1408 1408 
2276 2276 
166 54 
2773 923 
547 181 
1564 1564 
1257 1257 
1796 5388 
2275 2275 
1784 1784 
3431 10293 
523 173 
1453 483 
466 1398 
1522 1522 
2135 2135 
2097 2097 
2730 909 
1854 5562 
1562 1562 
1383 1383 
1398 465 
1599 1599 
2068 2068 
2130 709 
1222 1222 
675 2025 
1403 467 
3119 1039 
352 1056 
959 319 
1368 1368 
1542 513 
1883 1883 
1837 1837 
2371 789 
1008 335 
2640 7920 
105 34 
3228 9684 
3428 1142 
78 25 
669 2007 
1610 1610 
3088 1028 
2695 8085 
401 1203 
3235 1077 
1603 1603 
2319 2319 
1874 1874 
2459 819 
1597 1597 
2330 6990 
1204 1204 
1655 1655 
676 224 
986 328 
2042 2042 
2057 2057 
7 21 
1738 1738 
1338 4014 
2813 937 
2796 931 
971 323 
3006 1001 
2645 881 
1256 1256 
2749 915 
1383 460 
421 139 
2306 2306 
1954 650 
3371 10113 
1755 1755 
1543 1543 
591 1773 
1330 3990 
2190 729 
1776 1776 
2027 2027 
2432 7296 
2520 7560 
790 262 
2031 6093 
1656 551 
2290 6870 
24 72 
1794 5382 
976 2928 
2545 7635 
2954 984 
2390 7170 
1841 5523 
1590 1590 
1613 4839 
188 62 
2252 2252 
1007 3021 
1417 471 
2797 931 
2119 6357 
1001 333 
2293 2293 
1871 1871 
1311 3933 
1631 543 
1247 415 
2031 2031 
1460 1460 
1710 5130 
1629 1629 
1754 1754 
792 263 
1122 373 
1300 1300 
2002 6006 
1923 5769 
522 173 
155 465 
1991 5973 
3136 1044 
1826 1826 
136 44 
1854 1854 
2441 813 
352 116 
1946 1946 
1264 3792 
3330 9990 
629 209 
1852 5556 
1435 4305 
1777 591 
556 1668 
808 2424 
287 95 
3304 1100 
1852 1852 
438 1314 
1410 4230 
1522 4566 
2733 8199 
2075 6225 
1312 436 
1526 1526 
1524 1524 
586 1758 
1195 1195 
1303 3909 
1186 1186 
1866 621 
1832 5496 
1270 422 
833 277 
1310 1310 
446 148 
1444 4332 
100 300 
2389 795 
3184 1060 
2098 2098 
3180 1059 
1946 5838 
353 1059 
1435 1435 
1938 1938 
1532 1532 
246 81 
2090 2090 
1893 1893 
3435 10305 
1809 5427 
2246 2246 
1898 1898 
2139 2139 
2230 6690 
2090 6270 
587 195 
1838 5514 
1622 1622 
2803 933 
868 288 
1837 5511 
1651 1651 
2441 7323 
1411 469 
88 28 
3376 10128 
308 102 
2218 2218 
1619 1619 
2711 8133 
1191 1191 
1881 1881 
1141 3423 
1010 3030 
2336 7008 
2970 8910 
897 2691 
607 1821 
3326 9978 
1824 1824 
593 1779 
2126 2126 
1715 1715 
56 168 
159 52 
2160 2160 
2099 2099 
2629 875 
2103 2103 
1909 635 
1682 1682 
1561 1561 
2800 932 
2005 2005 
80 240 
1467 4401 
1731 576 
2687 895 
2889 8667 
1496 4488 
1594 1594 
3451 10353 
1997 1997 
2569 7707 
2210 2210 
1708 5124 
1718 1718 
1500 1500 
3064 9192 
3472 10416 
2056 2056 
1330 1330 
2162 2162 
1245 1245 
1731 1731 
1394 1394 
3183 1060 
1233 1233 
3339 10017 
2995 997 
2277 2277 
1454 4362 
1486 494 
2531 7593 
1930 1930 
1889 1889 
393 130 
417 138 
2422 7266 
173 57 
2332 776 
3065 9195 
1395 1395 
2261 753 
1064 354 
1058 352 
1485 1485 
1708 1708 
1520 1520 
1563 1563 
1357 1357 
2037 6111 
335 1005 
2060 2060 
1551 1551 
1663 553 
53 17 
1514 1514 
3201 1066 
1424 474 
1361 1361 
1728 575 
1768 1768 
1273 423 
471 156 
2458 7374 
1978 658 
3169 1055 
3123 1040 
2213 2213 
120 360 
228 75 
3382 1126 
1230 409 
1684 1684 
1671 556 
653 1959 
2199 2199 
2625 874 
797 2391 
2770 8310 
1286 428 
452 150 
1452 483 
1364 1364 
2020 2020 
2709 8127 
1969 1969 
1626 1626 
2884 960 
3203 9609 
2227 741 
706 234 
795 264 
1572 1572 
1513 1513 
3157 9471 
2074 2074 
1841 613 
1904 634 
2625 7875 
3287 1095 
1557 1557 
511 1533 
1759 5277 
2154 2154 
585 194 
1790 1790 
3241 9723 
2115 2115 
495 1485 
1729 1729 
765 254 
1585 527 
1984 1984 
596 198 
3475 1157 
1046 348 
2166 2166 
3071 1023 
2149 2149 
2043 680 
2030 6090 
800 2400 
2450 816 
1913 5739 
2018 2018 
1267 1267 
3135 1044 
2817 8451 
2757 8271 
1915 637 
2686 8058 
2036 2036 
2506 834 
2197 2197 
3263 9789 
1693 1693 
1207 1207 
2250 749 
1876 1876 
1553 4659 
2212 2212 
2788 928 
2536 7608 
2143 2143 
1937 1937 
1910 5730 
1388 1388 
2115 6345 
2737 911 
1658 1658 
2049 682 
1261 1261 
1534 1534 
2134 2134 
1783 5349 
1269 3807 
1496 1496 
1905 1905 
683 2049 
94 30 
2897 965 
2363 787 
2678 8034 
1785 1785 
3319 9957 
2023 2023 
1804 600 
1614 537 
1380 459 
882 293 
1431 1431 
1886 5658 
1128 375 
1369 1369 
2038 2038 
204 612 
1757 1757 
1477 491 
1433 1433 
708 235 
1497 1497 
2732 8196 
2224 6672 
1732 1732 
1830 1830 
1754 584 
1190 3570 
1247 3741 
429 1287 
1537 511 
1744 580 
2851 8553 
1967 1967 
1655 551 
1783 1783 
2879 959 
98 294 
3256 9768 
789 262 
1735 1735 
205 615 
1894 630 
2265 2265 
2085 2085 
2340 779 
967 321 
1427 1427 
1295 3885 
2049 2049 
3322 1106 
3169 9507 
246 738 
3212 1070 
269 89 
1156 3468 
203 67 
1135 3405 
68 204 
1411 4233 
2402 800 
2082 6246 
2971 8913 
1722 573 
2455 7365 
1393 1393 
1586 4758 
1577 1577 
2913 8739 
1970 656 
1602 4806 
1378 1378 
268 804 
2111 2111 
1070 356 
3066 1021 
3136 9408 
1595 1595 
1371 1371 
2793 8379 
2288 762 
3500 1166 
3341 10023 
1454 1454 
1545 1545 
3432 10296 
1600 1600 
1673 557 
1179 1179 
202 66 
1628 4884 
2039 2039 
2984 994 
2832 943 
1338 1338 
269 807 
85 255 
2088 695 
2652 7956 
508 168 
1457 1457 
1813 5439 
3158 1052 
953 2859 
1508 1508 
2163 2163 
1224 1224 
2290 762 
3157 1051 
2357 785 
3018 9054 
1235 411 
1671 1671 
3009 9027 
3413 10239 
2903 8709 
2688 895 
3118 1038 
669 222 
1519 1519 
1959 1959 
1956 5868 
820 2460 
1574 1574 
1928 1928 
1148 382 
1298 3894 
2046 2046 
2051 683 
2900 966 
513 1539 
2091 2091 
1716 5148 
1182 1182 
694 230 
1591 529 
308 924 
2263 2263 
1917 1917 
2190 2190 
2439 812 
1450 482 
263 87 
1275 1275 
2137 2137 
1344 1344 
2321 2321 
1538 512 
738 245 
3398 1132 
2314 770 
1227 3681 
1311 436 
3114 9342 
2259 752 
2617 7851 
763 253 
1689 5067 
2247 2247 
5 1 
1056 3168 
1233 3699 
697 2091 
3374 1124 
2179 2179 
1801 1801 
3021 1006 
1444 1444 
1549 4647 
1855 5565 
1623 1623 
3417 10251 
1813 1813 
1507 1507 
1667 555 
3224 9672 
1119 372 
1651 4953 
3357 10071 
1566 521 
2211 2211 
1654 550 
412 136 
2773 8319 
1416 471 
425 141 
1940 5820 
2369 789 
2815 8445 
775 257 
1925 641 
1764 1764 
1093 3279 
1634 544 
1393 463 
1714 570 
1631 4893 
1299 1299 
1915 1915 
654 217 
2162 6486 
3460 1152 
284 852 
305 915 
1931 1931 
140 420 
2007 2007 
1336 1336 
2891 8673 
2129 2129 
2102 700 
2281 2281 
1667 5001 
3359 1119 
1770 1770 
3455 1151 
1499 1499 
1311 1311 
2370 7110 
442 1326 
1324 1324 
1627 4881 
3105 9315 
665 1995 
604 200 
282 846 
645 214 
229 687 
2209 735 
1802 5406 
2296 2296 
554 184 
2444 814 
1947 1947 
956 318 
2530 7590 
1399 4197 
2159 719 
1865 621 
155 51 
3465 1154 
1818 1818 
2958 8874 
1116 3348 
2696 8088 
2542 7626 
1804 1804 
2774 924 
609 202 
350 116 
2222 2222 
2100 2100 
2512 7536 
1666 1666 
1642 1642 
2007 668 
2973 990 
309 102 
2653 7959 
191 573 
1178 1178 
1817 605 
1900 1900 
1737 1737 
110 36 
2068 688 
1940 1940 
659 1977 
1950 649 
3127 1041 
2659 7977 
3120 1039 
1676 1676 
2078 2078 
2251 2251 
3019 9057 
2235 2235 
3079 1025 
2654 884 
979 325 
2969 989 
1978 1978 
1183 1183 
2114 6342 
2061 2061 
1481 1481 
2327 2327 
1111 369 
1833 1833 
2326 2326 
101 303 
2114 2114 
1944 647 
1255 417 
558 185 
2538 7614 
1255 3765 
1957 5871 
1605 4815 
2385 7155 
3358 10074 
3269 9807 
862 2586 
2071 2071 
1640 546 
1271 1271 
1990 1990 
2041 679 
1665 1665 
2203 2203 
826 274 
3035 1011 
608 202 
3302 1100 
2157 2157 
1864 5592 
6 18 
1535 1535 
1168 388 
2691 8073 
2193 6579 
239 717 
1895 631 
1966 654 
3417 1138 
1262 1262 
2102 2102 
3147 9441 
2507 835 
2791 929 
72 23 
1402 466 
2566 7698 
2226 6678 
2238 2238 
1784 5352 
1714 1714 
1236 1236 
1513 503 
2746 914 
3140 9420 
2204 2204 
565 1695 
2384 794 
1332 1332 
121 39 
1612 536 
1464 1464 
252 756 
1434 477 
2493 830 
1798 1798 
810 2430 
1292 1292 
2892 963 
2505 834 
331 109 
1968 1968 
1900 632 
1578 525 
2692 896 
2026 2026 
212 636 
720 239 
2131 2131 
2567 7701 
1279 1279 
1386 1386 
365 1095 
2741 913 
2455 817 
2302 6906 
1884 1884 
2285 2285 
1832 1832 
1620 1620 
1942 5826 
3392 1130 
3200 1066 
1887 1887 
2573 7719 
3309 1102 
2045 681 
3026 1008 
199 65 
1689 562 
3052 1016 
1633 4899 
2878 958 
2092 696 
1579 1579 
2030 676 
2136 6408 
962 320 
914 304 
851 2553 
121 363 
1351 1351 
2202 2202 
3004 9012 
1665 4995 
2170 722 
2105 2105 
2153 2153 
1280 3840 
3123 9369 
1560 4680 
3433 1143 
1992 1992 
1472 1472 
303 100 
2170 2170 
377 1131 
1231 1231 
2010 2010 
2691 896 
1969 655 
1078 3234 
1456 484 
2176 2176 
1892 630 
2186 728 
1160 3480 
8 24 
583 1749 
1828 5484 
2722 906 
1955 1955 
893 2679 
1075 3225 
1334 4002 
499 1497 
1812 1812 
1168 1168 
3440 10320 
2661 7983 
2034 2034 
1973 5919 
2875 8625 
551 183 
2400 799 
2299 2299 
