3500 5000
1581 1581 
760 2280 
2061 6183 
1800 1800 
1500 499 
1427 1427 
569 1707 
1396 4188 
1605 4815 
2975 991 
1408 4224 
2150 2150 
3005 1001 
652 1956 
1441 1441 
1277 1277 
2161 2161 
1610 4830 
2177 2177 
1511 1511 
500 1500 
133 43 
1480 1480 
1170 1170 
2284 6852 
370 122 
2885 8655 
1669 1669 
357 118 
1195 3585 
1228 3684 
2118 2118 
1947 1947 
1711 1711 
1211 403 
427 1281 
2666 7998 
1512 503 
2401 799 
1871 623 
1375 1375 
3050 9150 
991 2973 
2143 713 
3211 1069 
695 2085 
1719 1719 
2058 2058 
2255 2255 
911 2733 
1830 1830 
1869 1869 
1305 1305 
1960 652 
3259 9777 
1362 453 
2848 8544 
1948 1948 
1912 5736 
1672 1672 
1527 4581 
1362 1362 
2019 6057 
1897 5691 
1573 1573 
720 2160 
1313 1313 
2286 6858 
1194 1194 
1495 497 
1964 5892 
2047 2047 
1889 629 
1524 1524 
1559 1559 
2890 8670 
3085 9255 
361 119 
34 102 
665 1995 
822 273 
1516 1516 
2180 2180 
1669 555 
1137 378 
1304 3912 
2234 6702 
2104 2104 
257 771 
3289 1095 
2427 7281 
2649 7947 
2559 7677 
1758 1758 
1454 4362 
1970 5910 
2175 2175 
1563 1563 
1426 474 
3362 10086 
437 145 
781 2343 
922 306 
2661 886 
2506 7518 
3131 1043 
441 146 
2885 961 
589 1767 
2334 777 
3405 1134 
1744 1744 
3454 10362 
1932 1932 
2836 8508 
1290 3870 
1311 1311 
968 2904 
1258 418 
1229 1229 
610 202 
1919 5757 
1903 1903 
1225 407 
3293 9879 
1173 3519 
1491 1491 
883 293 
554 1662 
647 215 
1752 1752 
2544 847 
416 1248 
2330 2330 
2512 836 
2390 796 
1854 617 
1432 476 
1384 1384 
736 2208 
2924 974 
3114 9342 
1870 1870 
19 5 
504 167 
3458 1152 
3447 1148 
2769 8307 
971 2913 
2806 8418 
1712 5136 
1590 1590 
2155 2155 
2178 725 
1828 1828 
2248 2248 
12 3 
776 258 
2131 2131 
1415 1415 
1195 1195 
1796 5388 
1705 5115 
1454 1454 
1543 513 
2282 2282 
2006 2006 
2017 6051 
3229 1075 
1212 3636 
52 156 
2066 688 
434 1302 
1554 4662 
656 218 
1252 1252 
283 849 
2902 966 
2993 997 
1827 608 
127 41 
2343 780 
3014 1004 
1309 1309 
2191 6573 
1430 4290 
1690 562 
175 525 
2217 2217 
2868 8604 
1880 5640 
505 1515 
2230 742 
3161 9483 
1658 1658 
975 2925 
1312 1312 
646 214 
1551 4653 
244 732 
2159 2159 
3293 1097 
827 275 
344 114 
932 310 
1173 1173 
1942 1942 
1400 1400 
1347 1347 
3111 1036 
11 3 
1633 1633 
1295 1295 
2218 2218 
640 212 
2034 677 
264 792 
1205 1205 
2299 6897 
1566 4698 
1171 1171 
1553 1553 
1941 1941 
925 2775 
1698 5094 
110 330 
1452 483 
1694 1694 
2308 768 
1731 576 
2410 802 
1929 5787 
1196 3588 
533 1599 
2136 711 
1698 1698 
3397 1131 
3021 9063 
1826 1826 
1371 1371 
1860 1860 
2995 8985 
1172 390 
68 22 
3292 9876 
2053 2053 
1820 1820 
2126 2126 
1044 347 
2746 8238 
1793 1793 
2821 939 
2772 8316 
2036 2036 
1545 1545 
71 23 
1284 1284 
1360 1360 
2280 6840 
1809 602 
799 265 
1642 1642 
2030 6090 
2074 6222 
2084 694 
1681 1681 
2374 790 
2440 812 
2517 7551 
718 238 
1578 1578 
1409 1409 
1721 573 
1554 1554 
353 1059 
2057 2057 
1197 1197 
2860 8580 
89 29 
1882 1882 
1821 606 
1179 1179 
1395 1395 
1687 1687 
3335 1111 
3065 9195 
2869 955 
2836 944 
1273 1273 
1628 542 
1624 1624 
2170 2170 
2032 676 
1051 3153 
3460 10380 
2185 727 
1484 1484 
2074 690 
756 251 
3379 1125 
426 141 
1593 530 
2068 2068 
2932 8796 
1722 1722 
1325 3975 
2305 2305 
1609 1609 
3422 10266 
1945 1945 
503 1509 
3337 1111 
3376 1124 
2199 2199 
2250 2250 
1134 3402 
1351 1351 
711 236 
2038 6114 
1201 1201 
394 130 
256 84 
1884 1884 
2869 8607 
2321 773 
1561 519 
2392 7176 
2925 974 
1115 3345 
2276 2276 
3424 10272 
2059 2059 
2264 754 
2916 971 
1562 1562 
1785 594 
1818 5454 
2883 960 
2448 815 
1229 3687 
697 2091 
90 29 
2857 8571 
1639 545 
3313 1103 
3207 1068 
306 918 
2047 6141 
772 2316 
3282 9846 
2775 924 
3358 10074 
1315 1315 
3154 1050 
634 1902 
1389 1389 
1225 3675 
324 972 
2068 688 
1539 1539 
1868 1868 
3099 1032 
1446 1446 
2947 981 
2473 7419 
1610 1610 
2553 7659 
2303 767 
2318 772 
1698 565 
2154 2154 
1195 397 
2911 969 
2177 6531 
1788 595 
1426 1426 
1629 542 
2024 2024 
694 2082 
714 237 
1853 5559 
2767 921 
1230 409 
608 1824 
2650 882 
1852 1852 
3009 9027 
1436 1436 
918 2754 
341 113 
1481 1481 
355 117 
319 105 
2889 962 
898 298 
3155 9465 
3501 1166 
194 582 
2263 2263 
2120 2120 
2413 7239 
1371 4113 
2176 2176 
1274 1274 
1656 1656 
2718 8154 
755 2265 
2621 873 
2206 2206 
2384 794 
1786 1786 
885 294 
1880 1880 
1192 3576 
1656 4968 
353 117 
2539 7617 
1581 526 
1293 430 
643 1929 
1525 1525 
989 2967 
1344 1344 
1934 5802 
770 256 
2935 977 
2727 908 
3393 1130 
1783 1783 
341 1023 
1897 631 
1807 1807 
638 1914 
1422 1422 
3031 1009 
669 222 
3159 1052 
2129 2129 
2841 8523 
1382 1382 
3356 10068 
1619 1619 
2786 928 
2247 2247 
629 1887 
3406 10218 
1779 1779 
576 1728 
2264 6792 
1728 1728 
721 239 
151 453 
177 531 
2162 6486 
3350 1116 
2363 787 
1605 1605 
2615 871 
1819 5457 
3312 9936 
2179 6537 
3502 1166 
3015 1004 
839 2517 
987 2961 
2587 861 
2780 926 
2722 906 
2236 2236 
1971 1971 
358 1074 
1530 509 
3054 1017 
1974 1974 
2123 6369 
3367 10101 
3385 10155 
2179 2179 
2489 829 
1662 1662 
1442 480 
3424 1140 
1518 4554 
837 2511 
1470 1470 
1790 1790 
1328 442 
2021 2021 
1701 1701 
3118 9354 
1183 1183 
1674 1674 
2362 7086 
881 2643 
693 230 
1133 3399 
1561 4683 
279 92 
1202 1202 
2078 6234 
312 936 
1930 1930 
766 254 
319 957 
3105 9315 
2280 2280 
3029 1009 
2648 7944 
2549 7647 
2259 6777 
743 2229 
2581 7743 
2181 2181 
1654 1654 
2115 2115 
1238 1238 
1917 1917 
53 17 
1324 440 
2479 825 
1181 1181 
551 1653 
1180 3540 
1420 1420 
1588 4764 
2209 735 
3484 1160 
1265 421 
974 324 
418 1254 
1001 3003 
1861 1861 
1480 4440 
1501 499 
3164 1054 
3386 1128 
1827 1827 
1678 1678 
84 27 
1014 337 
1596 4788 
3058 1018 
1412 470 
1301 433 
1299 1299 
1525 4575 
3200 1066 
330 109 
1358 1358 
2186 6558 
1390 462 
2062 2062 
3071 1023 
1277 3831 
800 2400 
1865 1865 
2293 2293 
1286 1286 
176 58 
2322 2322 
1718 572 
2563 853 
154 462 
1461 486 
1377 1377 
184 60 
753 250 
460 1380 
1235 411 
2379 792 
3300 1099 
1125 374 
2018 2018 
3195 1064 
914 2742 
1340 1340 
1815 1815 
491 1473 
1498 498 
1337 1337 
2294 2294 
3203 1067 
2186 2186 
1270 422 
1875 1875 
1349 1349 
3242 9726 
2590 862 
1989 662 
1601 1601 
1250 3750 
2027 675 
648 215 
1218 1218 
2114 2114 
2564 7692 
1794 1794 
2002 2002 
2102 2102 
2545 847 
1185 1185 
3178 1058 
445 147 
1654 4962 
1184 3552 
1751 1751 
2946 981 
2844 8532 
1168 3504 
1826 608 
1138 378 
2073 2073 
1832 5496 
2224 2224 
1289 1289 
1799 1799 
2108 702 
1324 3972 
2641 879 
3294 9882 
2674 890 
492 1476 
1856 1856 
1107 368 
1679 5037 
1604 4812 
1675 1675 
249 82 
1568 4704 
646 1938 
1752 5256 
3316 9948 
2095 2095 
707 2121 
2301 766 
3255 9765 
1983 1983 
1493 1493 
3397 10191 
3185 1061 
1934 1934 
3493 10479 
335 1005 
2308 2308 
1979 1979 
3055 1017 
951 2853 
1514 1514 
1612 1612 
1569 1569 
1333 1333 
3354 1117 
599 1797 
1558 1558 
907 301 
942 313 
2182 2182 
224 672 
2898 8694 
1510 1510 
3090 1029 
2341 779 
648 1944 
2183 2183 
2482 826 
417 138 
1962 1962 
3 9 
940 312 
1244 3732 
852 283 
2253 2253 
2274 2274 
2309 769 
1164 3492 
1915 1915 
2488 828 
1096 3288 
2702 8106 
525 174 
1739 1739 
1850 1850 
2464 7392 
82 26 
1224 1224 
1260 419 
3462 1153 
1976 5928 
2086 2086 
1221 406 
1559 4677 
1989 1989 
2434 7302 
1276 3828 
2084 2084 
1347 4041 
3163 1053 
1840 5520 
1625 1625 
1355 451 
2032 2032 
902 2706 
2105 701 
1575 524 
1535 511 
2311 769 
2263 6789 
3487 10461 
2311 2311 
2752 8256 
2109 2109 
1326 441 
2426 7278 
2588 862 
1664 1664 
3347 1115 
2592 7776 
2391 7173 
1169 1169 
429 1287 
1951 649 
1479 1479 
1693 563 
1374 1374 
2946 8838 
2871 8613 
2205 6615 
603 200 
3133 1043 
1420 472 
2662 7986 
2350 782 
2181 6543 
2038 2038 
1492 496 
2177 725 
1726 5178 
2854 8562 
2124 2124 
1777 1777 
1457 1457 
1806 1806 
2431 7293 
1987 1987 
1996 1996 
1203 1203 
2074 2074 
167 55 
2344 780 
2277 6831 
1647 1647 
2216 2216 
2285 2285 
1079 359 
1453 4359 
3139 9417 
2113 2113 
2077 691 
2512 7536 
1364 1364 
3376 10128 
388 1164 
979 325 
1414 1414 
1835 1835 
2521 839 
2716 8148 
680 226 
136 44 
510 169 
2195 2195 
1534 1534 
2192 2192 
2262 2262 
1430 1430 
1943 5829 
280 92 
2971 8913 
546 181 
2302 2302 
1766 1766 
3496 1164 
1806 5418 
457 1371 
2919 972 
837 278 
237 78 
1088 362 
768 255 
1972 5916 
1638 4914 
2054 2054 
1709 1709 
1967 655 
333 999 
1644 4932 
1565 521 
1092 363 
1643 1643 
1369 4107 
3431 10293 
621 1863 
178 534 
528 1584 
2055 6165 
305 915 
3138 9414 
2389 795 
1762 5286 
1939 1939 
1915 5745 
414 1242 
1356 1356 
2037 6111 
3000 999 
3331 1109 
1331 1331 
2600 866 
354 1062 
2303 6909 
3115 9345 
1172 1172 
2216 738 
3202 9606 
1398 1398 
1289 429 
784 2352 
1824 1824 
1176 391 
1575 1575 
44 14 
1838 1838 
774 2322 
1015 3045 
1302 1302 
2134 2134 
3253 9759 
2123 707 
653 217 
496 1488 
1734 1734 
1087 3261 
1088 3264 
3317 1105 
842 280 
418 138 
1849 1849 
1871 1871 
2143 2143 
454 150 
1199 3597 
1112 370 
1780 1780 
3031 9093 
1578 4734 
2052 2052 
1042 3126 
278 92 
2001 666 
83 27 
1928 1928 
2983 8949 
2066 2066 
2771 923 
1956 5868 
582 1746 
1650 1650 
1774 1774 
1576 524 
1859 1859 
3349 10047 
1597 4791 
359 1077 
1699 5097 
1424 1424 
2052 683 
1980 1980 
2314 2314 
1660 552 
1580 526 
1471 1471 
302 100 
1301 1301 
1904 1904 
1246 3738 
297 891 
705 2115 
996 331 
2841 946 
826 274 
2445 7335 
2272 2272 
237 711 
3465 10395 
2613 870 
2732 910 
1576 1576 
1600 4800 
2739 8217 
2400 799 
1841 613 
1460 1460 
1725 1725 
3169 9507 
1916 638 
1648 1648 
1178 1178 
39 12 
56 18 
577 191 
3423 1140 
1805 1805 
87 261 
1059 352 
2787 928 
2877 958 
1855 617 
2187 2187 
3181 9543 
1391 1391 
2122 2122 
1937 645 
1493 4479 
1817 5451 
954 2862 
2162 2162 
2883 8649 
1819 605 
1814 5442 
1383 4149 
1773 1773 
1750 1750 
2603 7809 
484 160 
3035 1011 
1435 4305 
1209 3627 
2929 975 
1425 474 
2076 2076 
2595 864 
2081 2081 
1792 1792 
293 97 
1926 641 
1776 1776 
1230 3690 
1465 4395 
3385 1127 
1858 1858 
1361 1361 
151 49 
200 66 
3413 10239 
2295 6885 
2999 999 
1588 528 
1198 1198 
1802 1802 
3470 1156 
196 64 
2874 957 
1872 623 
1307 1307 
3174 9522 
1249 3747 
3482 10446 
421 139 
2673 8019 
241 79 
926 2778 
1854 1854 
3086 9258 
3296 1098 
1072 3216 
1408 468 
1243 3729 
2447 7341 
1201 399 
2427 808 
835 277 
1468 488 
1929 1929 
376 1128 
346 114 
2769 922 
81 243 
1541 4623 
3066 1021 
3454 1150 
1888 1888 
2163 2163 
3417 10251 
2050 2050 
2408 7224 
1821 1821 
1754 584 
3420 1139 
2804 8412 
1443 1443 
2032 6096 
1509 1509 
764 2292 
1732 5196 
1399 4197 
1969 1969 
1322 1322 
3111 9333 
3485 1161 
3477 1158 
1985 1985 
2299 765 
1910 636 
1958 1958 
2435 811 
1208 1208 
1367 4101 
1588 1588 
1437 1437 
1057 351 
1641 1641 
541 1623 
1809 1809 
1082 360 
1557 1557 
772 256 
1840 1840 
1837 1837 
2738 912 
3082 9246 
1953 1953 
66 198 
3328 9984 
2724 8172 
901 2703 
983 2949 
2172 2172 
1118 372 
1445 1445 
2694 8082 
2221 6663 
803 267 
2301 2301 
407 1221 
1544 1544 
1736 1736 
831 2493 
2572 856 
2229 2229 
1669 5007 
985 327 
105 315 
2416 804 
1566 1566 
3459 1152 
2799 8397 
2022 2022 
2744 8232 
7 21 
2468 7404 
618 1854 
59 19 
1439 1439 
2431 809 
43 13 
1239 3717 
103 309 
1250 416 
336 111 
2481 826 
290 96 
1472 4416 
2860 952 
1901 1901 
3003 9009 
205 615 
3373 1123 
3485 10455 
80 240 
3048 1015 
1590 4770 
2219 2219 
204 67 
1808 1808 
2331 6993 
1372 1372 
2257 2257 
933 2799 
2099 2099 
1477 4431 
1491 496 
2735 8205 
1823 607 
2536 7608 
2152 2152 
993 2979 
1342 1342 
2880 8640 
2310 769 
1055 351 
1841 1841 
2789 929 
1888 5664 
1748 1748 
3028 9084 
2625 874 
2374 7122 
1457 485 
234 702 
2981 993 
1982 1982 
2664 887 
3019 1005 
1373 1373 
2111 2111 
1555 1555 
1214 1214 
3448 10344 
2944 980 
1711 5133 
914 304 
3271 9813 
1247 1247 
2801 8403 
2958 8874 
1592 1592 
1779 592 
980 326 
1929 642 
2238 2238 
1251 1251 
1847 615 
1773 590 
2075 2075 
1484 494 
556 184 
3191 1063 
2991 996 
508 1524 
39 117 
2606 7818 
1405 1405 
2010 2010 
1896 1896 
3185 9555 
1245 1245 
2045 2045 
1458 485 
258 85 
117 38 
2886 8658 
1407 1407 
1269 1269 
609 202 
2882 8646 
1269 422 
3371 10113 
1253 1253 
406 1218 
2356 7068 
1730 1730 
2742 8226 
1762 1762 
3060 1019 
2324 774 
947 315 
1564 1564 
953 317 
2759 8277 
487 1461 
1227 1227 
1716 571 
1717 1717 
1238 412 
2245 2245 
1059 3177 
3126 9378 
1655 1655 
1771 1771 
2031 676 
867 2601 
1835 5505 
2108 2108 
1802 5406 
3161 1053 
1972 1972 
2306 2306 
2529 7587 
2141 6423 
1192 1192 
453 1359 
281 93 
1760 586 
1047 348 
1200 1200 
1782 5346 
1822 606 
695 231 
365 1095 
3119 9357 
1515 1515 
1767 1767 
188 62 
1005 334 
1170 389 
1900 1900 
2290 6870 
1568 522 
1518 505 
2281 2281 
1894 1894 
2760 8280 
1212 1212 
410 136 
34 10 
3238 1078 
276 91 
2117 6351 
1660 4980 
2534 7602 
2242 6726 
1927 1927 
2223 2223 
1359 1359 
1676 1676 
2397 7191 
3246 9738 
852 2556 
3157 9471 
1473 1473 
1256 3768 
2707 8121 
1416 1416 
2522 7566 
595 197 
2165 721 
454 1362 
1771 589 
3357 1118 
1682 1682 
1749 1749 
1522 506 
3036 1011 
3174 1057 
1187 1187 
2041 2041 
2151 2151 
1902 1902 
1626 4878 
1683 560 
1634 544 
2239 6717 
712 236 
101 303 
2326 2326 
1214 3642 
2419 805 
1788 5364 
1237 1237 
1908 1908 
3065 1021 
1346 1346 
377 1131 
630 209 
1335 1335 
2005 2005 
716 238 
2388 7164 
2014 2014 
217 651 
1348 1348 
3022 9066 
3321 9963 
840 279 
1397 1397 
3359 10077 
1683 1683 
2289 2289 
2158 6474 
1676 558 
1704 1704 
3418 1138 
1759 1759 
923 2769 
680 2040 
1785 5355 
1966 654 
366 121 
1973 657 
2782 926 
3126 1041 
2709 8127 
3327 1108 
1489 1489 
1142 380 
2142 2142 
1760 1760 
2319 772 
3219 9657 
1249 1249 
519 172 
1901 5703 
1656 551 
934 2802 
2398 798 
778 258 
1361 4083 
447 148 
1370 4110 
1535 1535 
1366 1366 
1905 5715 
2016 2016 
1379 1379 
673 223 
1850 616 
1000 3000 
1977 1977 
2741 8223 
2728 908 
2667 888 
2966 8898 
2480 7440 
2256 6768 
2194 2194 
1404 1404 
1703 5109 
1236 411 
2904 8712 
2275 2275 
2275 6825 
1797 1797 
2618 872 
2016 671 
1991 663 
2733 910 
1885 1885 
2899 965 
2470 7410 
2083 2083 
2950 8850 
2973 8919 
1286 428 
2803 933 
2532 7596 
1922 1922 
2029 2029 
2594 864 
2106 2106 
719 239 
2892 963 
40 12 
1715 5145 
1497 498 
1767 588 
3012 1003 
1629 1629 
1334 1334 
2434 810 
1403 1403 
2199 732 
2048 2048 
1235 1235 
3435 1144 
2943 980 
1878 1878 
270 810 
1494 497 
573 190 
2034 2034 
1261 1261 
1200 399 
2111 6333 
3250 9750 
1700 1700 
1176 1176 
2296 2296 
2903 8709 
228 684 
1623 1623 
792 2376 
2033 2033 
572 1716 
461 153 
1394 1394 
160 480 
2020 2020 
3459 10377 
3094 1030 
2014 6042 
1583 1583 
1612 536 
2820 8460 
259 85 
1478 1478 
2894 8682 
408 135 
19 57 
2844 947 
2289 762 
3427 1141 
2840 8520 
1810 5430 
2563 7689 
1634 1634 
700 2100 
532 176 
2261 753 
2586 7758 
1925 5775 
314 942 
2629 875 
2916 8748 
2291 2291 
1763 1763 
1390 1390 
730 242 
1895 1895 
1096 364 
3470 10410 
1288 1288 
1216 1216 
1768 5304 
1620 4860 
3398 1132 
3270 9810 
2310 2310 
1459 1459 
2259 2259 
1196 1196 
1475 491 
1411 1411 
2015 2015 
2171 2171 
621 206 
3153 9459 
1580 1580 
1983 660 
526 174 
1906 1906 
1070 3210 
1937 1937 
1814 1814 
1193 1193 
1381 1381 
2567 7701 
1999 665 
1965 1965 
2055 2055 
3063 9189 
2157 2157 
3478 1158 
2305 767 
1493 497 
1300 1300 
186 61 
2190 2190 
1067 3201 
3401 10203 
363 1089 
1455 484 
3260 1086 
1738 578 
1662 4986 
851 283 
2012 2012 
543 180 
91 29 
762 253 
1202 3606 
1670 556 
2203 2203 
811 2433 
1658 552 
3468 10404 
1527 1527 
3389 10167 
1283 3849 
2365 787 
499 1497 
2205 2205 
1220 406 
278 834 
1687 5061 
2097 2097 
166 498 
2262 753 
1887 1887 
2100 2100 
1399 1399 
115 345 
2327 2327 
2725 907 
3001 999 
422 1266 
10 30 
2635 877 
1387 1387 
1994 1994 
786 261 
2159 6477 
3436 10308 
930 309 
1702 1702 
596 198 
1290 429 
10 2 
2847 8541 
3085 1027 
1243 1243 
1716 1716 
2790 8370 
2215 6645 
3176 1058 
3209 1069 
2793 930 
1836 1836 
1651 4953 
803 2409 
995 2985 
2399 7197 
3496 10488 
3115 1037 
1304 434 
2328 6984 
1688 1688 
2173 723 
1950 649 
1718 1718 
1772 1772 
1478 492 
3264 9792 
1953 5859 
743 247 
1201 3603 
1823 1823 
1318 1318 
1996 664 
636 211 
1548 1548 
2058 685 
443 1329 
1517 1517 
1602 1602 
2601 7803 
560 186 
2482 7446 
675 224 
1091 363 
195 64 
1886 1886 
415 137 
1263 1263 
1636 1636 
3252 9756 
391 129 
1935 1935 
1925 1925 
885 2655 
2590 7770 
2071 2071 
2252 2252 
1972 656 
1834 1834 
2168 2168 
728 242 
1154 384 
322 966 
2318 2318 
3146 9438 
2125 2125 
2277 2277 
2265 2265 
2136 2136 
226 74 
692 230 
1167 388 
3090 9270 
2094 6282 
566 1698 
1893 1893 
1540 1540 
1606 1606 
1020 339 
3158 1052 
2474 7422 
2858 8574 
1709 569 
1612 4836 
1530 1530 
1438 4314 
1303 1303 
2934 977 
1449 1449 
1474 1474 
1158 3474 
3132 9396 
1587 1587 
3243 1080 
1783 5349 
3022 1006 
1149 382 
2028 2028 
691 2073 
2199 6597 
2534 844 
2304 2304 
2827 941 
1950 1950 
3262 1086 
1468 1468 
1244 1244 
2845 8535 
2745 914 
2372 7116 
2613 7839 
506 1518 
718 2154 
2326 774 
2290 2290 
1382 4146 
2366 7098 
1416 4248 
2166 721 
1469 1469 
2814 937 
1567 4701 
2222 740 
2324 2324 
1477 1477 
1507 4521 
1632 1632 
1783 593 
1180 1180 
129 387 
1072 356 
2158 2158 
1584 1584 
2805 934 
1734 577 
2852 8556 
3398 10194 
467 1401 
472 156 
1766 588 
2008 2008 
999 2997 
2372 790 
2708 902 
819 2457 
2211 736 
217 71 
1570 4710 
1848 615 
1494 1494 
2131 6393 
1739 579 
1657 1657 
2744 914 
238 714 
1210 1210 
1822 1822 
1730 5190 
2279 759 
764 254 
2937 8811 
875 2625 
2269 2269 
944 2832 
1905 1905 
790 262 
2149 2149 
773 2319 
1590 529 
2168 722 
1678 558 
1746 1746 
3336 1111 
1495 1495 
1552 4656 
1603 1603 
3439 1145 
2451 816 
3223 1073 
1891 1891 
920 2760 
399 132 
927 308 
3050 1016 
2000 2000 
3382 1126 
1168 1168 
1811 1811 
1659 1659 
1222 1222 
950 316 
1874 1874 
1258 3774 
2146 6438 
2331 2331 
684 2052 
22 6 
1490 4470 
1206 1206 
2541 846 
805 2415 
2770 922 
1723 1723 
1547 1547 
2228 2228 
2789 8367 
1207 1207 
2051 2051 
1559 519 
670 222 
1836 5508 
1310 1310 
1763 5289 
1611 1611 
2458 7374 
2001 6003 
1383 460 
1919 1919 
417 1251 
2198 732 
1798 1798 
2349 7047 
2220 2220 
1223 1223 
1323 1323 
3377 10131 
331 109 
1865 5595 
1611 536 
1095 364 
1456 484 
2833 8499 
1417 1417 
2634 7902 
1879 5637 
2230 2230 
2329 2329 
1755 1755 
2231 2231 
3064 1020 
1691 1691 
814 2442 
635 1905 
2017 2017 
2202 2202 
1518 1518 
1677 1677 
2948 8844 
260 86 
1699 1699 
2184 2184 
1199 1199 
1825 1825 
2508 7524 
3269 9807 
2336 7008 
1781 1781 
2492 830 
2770 8310 
1464 1464 
507 1521 
2659 7977 
3143 9429 
1775 5325 
1175 1175 
1889 5667 
2321 2321 
3008 1002 
2749 915 
2337 7011 
1731 1731 
1529 1529 
1744 580 
240 720 
1257 1257 
2817 8451 
74 222 
1745 1745 
1554 517 
1576 4728 
1261 3783 
961 2883 
3178 9534 
2320 6960 
1705 1705 
58 18 
1143 380 
3240 1079 
943 2829 
3137 9411 
2261 2261 
2011 2011 
315 104 
3247 1081 
2013 2013 
2599 865 
2140 2140 
2096 2096 
2621 7863 
1613 1613 
223 73 
3103 9309 
3145 1047 
1737 1737 
2226 741 
1967 1967 
1321 3963 
2645 7935 
1652 1652 
50 16 
449 1347 
2132 2132 
1686 1686 
2614 870 
688 228 
1752 583 
3146 1048 
1343 1343 
2649 882 
1667 5001 
1285 3855 
2207 735 
2605 867 
900 2700 
3439 10317 
1832 1832 
1807 601 
2204 2204 
189 567 
1433 477 
1889 1889 
844 2532 
2190 6570 
2101 2101 
1780 5340 
2788 8364 
1230 1230 
2257 751 
3063 1020 
1943 1943 
1940 1940 
2838 945 
820 2460 
1040 346 
1503 1503 
669 2007 
1743 580 
1011 336 
1950 5850 
1667 1667 
2212 6636 
1567 1567 
674 2022 
2371 7113 
2736 8208 
1913 1913 
2632 876 
3427 10281 
2007 2007 
1741 579 
338 112 
2049 2049 
1191 1191 
730 2190 
2219 739 
2214 2214 
479 159 
1848 1848 
2927 8781 
1065 354 
1775 1775 
16 48 
2299 2299 
1070 356 
3054 9162 
2477 825 
879 2637 
1280 1280 
2090 2090 
2406 801 
1220 3660 
1640 1640 
2776 8328 
1970 1970 
3116 1038 
1421 473 
1228 1228 
1651 1651 
2852 950 
3360 10080 
2021 673 
990 329 
2325 2325 
615 204 
2317 2317 
1215 404 
301 99 
268 88 
1897 1897 
3173 1057 
2237 745 
157 471 
985 2955 
2279 2279 
1378 1378 
3464 1154 
1786 5358 
2537 7611 
2123 2123 
3220 1072 
2213 2213 
2329 775 
1130 376 
833 2499 
1241 1241 
2003 2003 
1260 3780 
1213 403 
3500 10500 
285 94 
1374 4122 
2591 7773 
2249 2249 
1796 598 
1507 1507 
2107 6321 
1190 1190 
458 152 
1637 4911 
1605 534 
626 1878 
3362 1120 
130 390 
1225 1225 
2423 807 
2585 7755 
1506 1506 
1804 1804 
1579 1579 
2193 6579 
1750 582 
3441 10323 
2128 6384 
818 272 
1179 3537 
384 127 
1684 560 
2001 2001 
306 101 
2124 6372 
2004 2004 
1789 1789 
2390 7170 
1754 1754 
1438 1438 
785 261 
2217 738 
2865 954 
1877 1877 
1455 4365 
650 216 
1239 1239 
1891 629 
702 2106 
2112 2112 
2026 2026 
1981 5943 
1231 1231 
1695 1695 
1673 1673 
1542 4626 
2592 863 
2090 6270 
1735 1735 
2576 858 
1740 1740 
2569 855 
1729 1729 
2137 2137 
1782 593 
433 1299 
1485 494 
1279 425 
2027 2027 
3039 1012 
337 111 
2207 2207 
624 1872 
1363 4089 
432 1296 
1756 1756 
1921 639 
767 255 
2072 2072 
1663 1663 
2949 8847 
3290 9870 
1371 456 
584 1752 
2246 2246 
262 786 
273 90 
3369 1122 
2923 8769 
2642 7926 
2747 915 
1402 1402 
2292 2292 
326 108 
2211 2211 
2087 2087 
2077 6231 
3461 10383 
2658 885 
1873 1873 
3202 1066 
1290 1290 
2040 2040 
2452 7356 
1211 3633 
2847 948 
3142 9426 
2226 2226 
2094 2094 
1074 3222 
2145 2145 
1921 1921 
252 756 
2244 2244 
2174 2174 
2186 728 
1006 3018 
1890 1890 
1385 1385 
1615 1615 
3456 1151 
1700 566 
2220 6660 
1710 1710 
1968 1968 
1501 1501 
3321 1106 
2130 2130 
2080 2080 
1949 1949 
2937 978 
2164 2164 
2008 6024 
3147 1048 
35 105 
2197 2197 
690 2070 
1616 1616 
206 618 
2515 837 
587 195 
1118 3354 
2711 903 
1594 1594 
997 2991 
1502 500 
2122 706 
2998 8994 
1551 1551 
1817 1817 
2271 2271 
1577 1577 
2378 7134 
2723 8169 
797 2391 
2162 720 
2037 2037 
785 2355 
1321 1321 
2723 907 
3295 1097 
381 126 
310 102 
2174 724 
2148 2148 
1068 3204 
3183 9549 
2959 8877 
809 2427 
1128 375 
2278 758 
1768 1768 
1538 1538 
1963 5889 
2085 694 
2415 7245 
1298 1298 
380 1140 
1345 447 
1993 5979 
1571 1571 
2146 2146 
2018 6054 
1715 1715 
1369 1369 
2319 2319 
1831 1831 
1515 4545 
709 2127 
1487 1487 
2682 8046 
199 597 
3032 9096 
2396 798 
2178 2178 
2147 2147 
2467 821 
2941 8823 
3450 10350 
1330 1330 
1467 1467 
392 1176 
1463 1463 
1448 482 
1339 1339 
571 1713 
522 1566 
2312 2312 
2829 942 
1545 4635 
1449 482 
3295 9885 
1262 1262 
2561 853 
2283 760 
1045 347 
2028 6084 
3002 1000 
1962 653 
1338 1338 
3311 9933 
2212 2212 
1543 1543 
1388 1388 
2965 987 
2307 2307 
2256 751 
3105 1034 
1282 1282 
352 116 
172 516 
801 2403 
983 327 
2856 951 
1287 1287 
3023 9069 
3318 9954 
2647 881 
2210 2210 
1586 1586 
1475 1475 
2635 7905 
1741 1741 
813 270 
919 2757 
1531 509 
3059 1019 
694 230 
35 11 
2219 6657 
1186 1186 
2160 6480 
2208 2208 
2277 758 
2714 904 
424 140 
2927 975 
2485 827 
312 103 
3149 9447 
1976 1976 
3156 9468 
1146 3438 
3213 9639 
3227 9681 
2180 726 
2320 2320 
2713 8139 
2237 2237 
1689 1689 
1508 4524 
2110 2110 
1508 1508 
1798 5394 
3284 9852 
3150 1049 
904 2712 
467 155 
910 302 
2720 906 
3494 1164 
1077 3231 
1773 5319 
2864 954 
1955 1955 
1683 5049 
946 2838 
1306 434 
339 1017 
3227 1075 
1713 1713 
2258 2258 
3443 10329 
1266 1266 
3311 1103 
1713 570 
2555 851 
351 116 
1680 1680 
3231 9693 
3457 1151 
116 348 
2945 8835 
1537 1537 
2147 715 
2353 7059 
662 1986 
1174 1174 
1751 583 
1693 5079 
1853 1853 
3326 1108 
1267 1267 
1931 1931 
1917 638 
2986 8958 
1635 1635 
1516 504 
2009 2009 
1707 1707 
1114 370 
233 699 
1021 339 
2128 2128 
1395 464 
1591 4773 
2069 2069 
437 1311 
1967 5901 
1632 4896 
1247 415 
2587 7761 
3394 1130 
2720 8160 
1326 1326 
1627 1627 
83 249 
1649 549 
1365 1365 
1795 1795 
1546 4638 
3053 9159 
1868 622 
1462 1462 
284 852 
1732 1732 
1712 570 
1860 5580 
2759 919 
808 268 
2703 900 
3234 1077 
910 2730 
2042 2042 
2005 667 
243 80 
1791 1791 
514 170 
111 36 
1548 4644 
2209 2209 
1090 362 
1981 1981 
1754 5262 
2293 763 
56 168 
1139 379 
1879 1879 
1620 1620 
1452 1452 
2409 802 
2089 2089 
545 1635 
2222 2222 
722 240 
1492 4476 
1350 1350 
1382 460 
2375 7125 
1959 1959 
1370 1370 
1221 1221 
1992 1992 
1735 577 
1197 398 
1521 1521 
1720 1720 
244 80 
2679 892 
1682 5046 
623 1869 
38 114 
1556 4668 
2116 2116 
1813 1813 
1270 1270 
3010 1002 
1498 4494 
2713 903 
3342 10026 
1520 1520 
1920 1920 
3308 1102 
2170 722 
939 312 
123 369 
3086 1028 
1428 1428 
562 1686 
1357 1357 
523 1569 
415 1245 
1383 1383 
1509 502 
752 250 
1833 1833 
3148 1048 
141 46 
201 66 
2203 733 
2298 6894 
2984 994 
758 252 
451 1353 
3381 10143 
3315 1104 
3396 1131 
3386 10158 
2485 7455 
1599 1599 
1157 3471 
47 141 
1335 444 
1350 449 
1485 1485 
3058 9174 
296 98 
1857 1857 
3230 9690 
1082 3246 
2196 2196 
1911 1911 
1792 5376 
2257 6771 
1816 1816 
938 2814 
2088 2088 
1686 561 
1999 1999 
3370 1122 
2242 2242 
928 2784 
1161 386 
2393 797 
2141 2141 
1306 3918 
153 459 
2405 7215 
1263 420 
604 200 
1616 538 
583 193 
841 279 
729 2187 
1661 1661 
2358 7074 
1615 4845 
3381 1126 
2278 2278 
238 78 
698 2094 
1899 1899 
1564 4692 
482 1446 
1047 3141 
677 2031 
1753 1753 
1764 5292 
1736 5208 
1279 1279 
1339 445 
748 2244 
1268 1268 
1781 5343 
2921 973 
191 63 
3198 9594 
2150 716 
3469 10407 
2814 8442 
2223 740 
2665 887 
2633 877 
2166 2166 
2913 8739 
3075 1024 
3181 1059 
1688 5064 
1862 1862 
3094 9282 
1532 1532 
2241 2241 
155 51 
2529 842 
1607 1607 
2248 748 
1253 417 
1593 1593 
3342 1113 
1706 1706 
1214 404 
1279 3837 
2806 934 
2601 866 
1876 1876 
1846 614 
2153 2153 
1444 1444 
1423 1423 
2491 7473 
2233 2233 
1818 1818 
2631 876 
2030 2030 
877 2631 
1646 1646 
1291 429 
1332 1332 
1812 1812 
473 157 
1207 401 
2407 801 
1622 1622 
1302 3906 
1050 3150 
2348 7044 
1692 1692 
2639 7917 
144 432 
1540 512 
3061 9183 
1665 1665 
649 215 
3498 10494 
622 1866 
2620 7860 
1264 1264 
2691 8073 
2091 696 
1696 1696 
2105 2105 
1927 5781 
2912 8736 
514 1542 
631 1893 
725 241 
2386 794 
1962 5886 
3309 9927 
1652 550 
1476 4428 
8 2 
1714 1714 
3303 9909 
1570 1570 
1387 4161 
2178 6534 
901 299 
2454 817 
480 159 
2298 2298 
2267 2267 
2046 2046 
2052 6156 
982 2946 
3280 1092 
2322 773 
748 248 
1666 1666 
1845 1845 
1988 1988 
2079 2079 
477 158 
1269 3807 
2408 802 
1393 1393 
1855 1855 
1992 663 
1259 1259 
966 2898 
1492 1492 
2023 2023 
1990 1990 
2672 8016 
1963 1963 
1764 1764 
1354 1354 
1218 3654 
1042 346 
2157 6471 
1433 1433 
1177 1177 
1724 1724 
2267 755 
2957 8871 
1957 5871 
2357 7071 
3017 9051 
2300 2300 
1732 576 
2419 7257 
2201 2201 
3166 9498 
1179 392 
3 0 
2459 819 
1300 432 
525 1575 
1526 1526 
1488 1488 
2314 6942 
2755 8265 
3368 10104 
3168 1055 
2930 8790 
2031 2031 
3205 1067 
1964 1964 
1697 1697 
1552 1552 
2676 891 
3158 9474 
1306 1306 
3154 9462 
2315 771 
2527 7581 
1226 1226 
1556 518 
230 690 
2036 6108 
215 71 
3374 1124 
1595 1595 
2585 861 
2355 784 
1582 4746 
653 1959 
1260 1260 
2043 2043 
1523 1523 
2339 779 
1213 1213 
1635 544 
1569 522 
1304 1304 
3226 1074 
2309 2309 
562 186 
1145 3435 
1800 5400 
1443 4329 
1550 1550 
1966 1966 
1353 4059 
3043 1013 
2164 720 
1398 4194 
1542 1542 
2145 6435 
431 143 
3083 9249 
1971 656 
2401 7203 
1842 1842 
2221 2221 
2499 7497 
1679 1679 
1504 4512 
1285 427 
599 199 
1415 471 
1414 4242 
1634 4902 
2637 7911 
2861 953 
1820 5460 
492 163 
1395 4185 
2332 2332 
481 159 
99 32 
1363 1363 
2888 8664 
3024 1007 
1519 1519 
1401 1401 
2313 2313 
1769 1769 
920 306 
1792 596 
3437 1145 
962 320 
882 2646 
236 708 
1599 532 
3218 1072 
32 96 
750 2250 
1164 387 
2264 2264 
1045 3135 
817 2451 
2266 2266 
1933 1933 
2706 8118 
444 147 
2165 2165 
1738 1738 
2283 2283 
1630 1630 
1410 1410 
1668 1668 
1513 1513 
4 12 
1801 599 
3479 10437 
2284 2284 
1119 372 
3135 1044 
2188 2188 
2268 2268 
1498 1498 
1686 5058 
2303 2303 
534 177 
1898 1898 
1182 1182 
1892 1892 
1000 332 
1975 5925 
860 2580 
1312 3936 
463 1389 
2260 2260 
1536 1536 
2509 835 
660 1980 
1211 1211 
2198 2198 
1631 1631 
1608 1608 
1110 369 
2811 936 
439 145 
1184 394 
1708 1708 
2954 8862 
1314 1314 
2574 857 
1344 4032 
2135 2135 
2131 709 
1923 1923 
1784 1784 
2120 706 
1442 1442 
2417 7251 
2189 729 
2463 820 
1978 1978 
1242 1242 
3114 1037 
617 1851 
792 263 
1453 1453 
1497 1497 
2361 7083 
1342 446 
252 83 
3315 9945 
1476 1476 
848 282 
1459 4377 
2848 948 
2343 7029 
3419 1139 
2336 778 
2689 8067 
1924 1924 
1547 4641 
85 255 
1930 5790 
2085 2085 
193 63 
1336 1336 
3480 1159 
1839 1839 
1329 1329 
1782 1782 
325 975 
391 1173 
1801 1801 
1413 4239 
3403 10209 
1880 626 
2191 2191 
3296 9888 
2084 6252 
1169 389 
1528 508 
3322 1106 
1533 1533 
1308 1308 
2107 2107 
1456 1456 
1429 1429 
2297 2297 
234 77 
1481 493 
388 128 
518 1554 
3428 1142 
2207 6621 
1276 1276 
793 2379 
2750 8250 
2740 912 
1392 1392 
2227 2227 
2019 2019 
2816 8448 
412 1236 
563 187 
1923 640 
1472 1472 
3261 1086 
1721 1721 
2595 7785 
857 2571 
2425 807 
2460 7380 
3214 9642 
3032 1010 
1368 1368 
2831 8493 
1440 1440 
3314 1104 
1857 618 
1703 1703 
2681 8043 
1785 1785 
828 275 
2828 942 
657 1971 
1564 520 
1567 521 
798 2394 
2417 805 
1076 3228 
3279 9837 
3061 1019 
1407 4221 
2269 6807 
1781 593 
1258 1258 
1819 1819 
548 1644 
1690 1690 
732 243 
1150 3450 
2959 985 
2824 940 
1743 1743 
3432 10296 
1413 1413 
2344 7032 
2119 2119 
3051 1016 
1847 1847 
1546 1546 
2498 7494 
1377 4131 
1670 5010 
2323 773 
1596 1596 
2966 988 
2832 943 
1254 1254 
2239 2239 
1475 4425 
1598 1598 
1412 1412 
1271 3813 
1274 3822 
1233 1233 
3412 10236 
1499 4497 
2837 8511 
630 1890 
1975 1975 
3300 9900 
3430 1142 
2438 812 
1309 3927 
578 1734 
1657 4971 
404 1212 
1234 3702 
2766 8298 
1510 4530 
287 95 
1560 4680 
1600 1600 
2957 985 
2139 2139 
2078 2078 
1918 1918 
2888 962 
531 1593 
1726 1726 
362 120 
2139 712 
1729 575 
235 705 
733 243 
1199 399 
3095 9285 
3260 9780 
890 296 
1408 1408 
3021 1006 
3383 1127 
1956 1956 
2288 2288 
1796 1796 
3233 9699 
6 18 
1531 1531 
1121 3363 
1887 628 
1367 1367 
2117 2117 
28 84 
2025 2025 
2687 8061 
2617 871 
1837 5511 
3365 1121 
1778 5334 
456 1368 
2247 6741 
1628 4884 
2048 6144 
1864 1864 
129 42 
1505 1505 
1529 4587 
3122 9366 
2704 8112 
1086 361 
831 276 
1256 1256 
2872 8616 
978 2934 
1482 1482 
326 978 
2061 2061 
432 143 
1879 625 
2160 2160 
1291 3873 
1320 1320 
3395 10185 
1312 436 
923 307 
1589 1589 
3400 1132 
2246 748 
1451 1451 
299 897 
1997 1997 
1893 5679 
2188 728 
3366 1121 
180 540 
3025 9075 
2565 7695 
1960 1960 
3421 10263 
2187 6561 
169 507 
1957 1957 
3216 9648 
2072 6216 
1987 5961 
2058 6174 
1418 4254 
1757 1757 
1362 4086 
979 2937 
1272 1272 
2273 2273 
994 2982 
2504 834 
2292 6876 
3016 9048 
263 87 
121 363 
2942 8826 
178 58 
841 2523 
2611 7833 
2214 737 
791 2373 
1957 651 
1355 1355 
473 1419 
1712 1712 
2457 7371 
1528 1528 
369 1107 
3029 9087 
2270 2270 
1908 5724 
2193 2193 
1293 1293 
1903 5709 
1614 1614 
150 49 
3102 1033 
2240 2240 
338 1014 
1639 1639 
1685 1685 
1465 1465 
2273 6819 
1765 1765 
466 1398 
379 1137 
1998 1998 
3421 1139 
1749 5247 
94 30 
1829 1829 
1550 516 
2808 8424 
1246 1246 
109 327 
1303 3909 
2171 723 
518 172 
1139 3417 
1617 4851 
1255 1255 
137 411 
1412 4236 
2093 2093 
2065 2065 
1271 1271 
1502 1502 
1644 1644 
1204 1204 
1572 1572 
2736 911 
2496 831 
1863 1863 
2185 2185 
1481 4443 
945 314 
1275 1275 
2392 796 
3299 9897 
1602 4806 
1867 5601 
1410 469 
2056 2056 
3197 1065 
505 167 
2323 2323 
1869 5607 
1986 1986 
1396 1396 
1376 1376 
2138 2138 
1507 501 
2129 709 
2608 868 
6 1 
1083 3249 
1053 350 
1499 1499 
2914 970 
1788 1788 
1353 1353 
1649 1649 
1394 464 
1878 625 
1949 5847 
49 147 
1954 1954 
2879 959 
1240 1240 
2974 8922 
1883 1883 
713 237 
1404 4212 
1585 1585 
1927 641 
1297 1297 
1217 1217 
1881 1881 
13 39 
2505 834 
3109 1035 
1186 3558 
2249 6747 
1810 1810 
2103 700 
604 1812 
2287 2287 
27 8 
1660 1660 
1914 1914 
2698 8094 
2241 6723 
2583 7749 
1699 565 
438 145 
1333 443 
1283 1283 
342 113 
936 2808 
3205 9615 
1984 1984 
1930 642 
1431 1431 
3339 10017 
696 231 
2067 2067 
954 317 
3373 10119 
1936 1936 
3420 10260 
3257 9771 
1127 375 
2254 2254 
557 1671 
486 1458 
1305 434 
2327 6981 
106 34 
1234 410 
3383 10149 
408 1224 
1316 1316 
783 2349 
204 612 
1174 3522 
1183 393 
1132 3396 
1645 1645 
3400 10200 
2098 2098 
1325 1325 
1637 545 
2167 2167 
2259 752 
59 177 
2144 2144 
1380 1380 
2256 2256 
1466 1466 
3049 9147 
2111 703 
3468 1155 
593 1779 
782 260 
1296 1296 
1926 1926 
1425 1425 
723 240 
340 112 
1587 4761 
2339 7017 
2625 7875 
2467 7401 
799 2397 
117 351 
2583 860 
3056 9168 
3387 1128 
1779 5337 
2442 813 
1545 514 
3098 9294 
2849 949 
1653 1653 
973 2919 
1872 1872 
2000 6000 
715 237 
1319 1319 
1951 1951 
596 1788 
3309 1102 
1681 559 
1764 587 
1420 4260 
1961 1961 
2842 8526 
2724 907 
1973 1973 
489 162 
2060 2060 
2127 2127 
3151 9453 
710 2130 
1380 459 
742 246 
2092 2092 
788 262 
470 1410 
1831 609 
1043 3129 
633 210 
1762 586 
1243 413 
2156 2156 
896 2688 
2316 2316 
3232 9696 
3030 1009 
112 36 
1327 3981 
2837 945 
192 576 
2729 909 
2986 994 
643 213 
1909 1909 
1692 563 
2707 901 
2039 2039 
3226 9678 
2176 6528 
1864 5592 
1504 1504 
2103 2103 
1455 1455 
1926 5778 
1733 1733 
443 147 
1262 420 
1490 1490 
2443 7329 
2180 6540 
1844 1844 
3142 1046 
2070 2070 
1991 1991 
1220 1220 
2805 8415 
1633 4899 
1500 1500 
761 2283 
1944 1944 
2960 8880 
741 2223 
563 1689 
595 1785 
118 38 
1051 349 
554 184 
1349 4047 
1188 1188 
1560 1560 
2153 717 
2985 994 
906 301 
1803 1803 
407 135 
2547 7641 
397 1191 
3402 1133 
1276 424 
1776 5328 
2404 800 
3392 10176 
2533 7599 
2235 2235 
3491 1163 
1209 1209 
2121 2121 
1609 535 
3087 1028 
2878 8634 
485 1455 
1727 1727 
1327 1327 
131 43 
1406 1406 
612 1836 
2453 817 
2195 6585 
1291 1291 
2944 8832 
33 10 
2870 8610 
2800 932 
613 1839 
2653 883 
774 257 
1447 481 
2308 6924 
1993 1993 
608 202 
1265 1265 
2064 2064 
2669 8007 
1845 614 
3176 9528 
1374 457 
1758 585 
2591 863 
187 561 
2936 8808 
230 76 
3134 9402 
2189 2189 
1626 1626 
2328 2328 
3198 1065 
3038 9114 
1983 5949 
1040 3120 
3117 1038 
587 1761 
2124 707 
1938 1938 
1747 1747 
1770 1770 
1931 643 
1476 491 
1628 1628 
1219 1219 
1907 1907 
1591 1591 
2546 848 
1093 363 
1205 401 
1512 1512 
1236 1236 
1232 1232 
483 1449 
1828 5484 
2003 6009 
2088 6264 
1341 1341 
1768 588 
114 342 
3164 9492 
2421 7263 
3325 1107 
868 2604 
16 4 
3361 10083 
2041 679 
272 90 
3449 1149 
1135 3405 
1670 1670 
1846 1846 
636 1908 
1597 1597 
2420 7260 
2370 7110 
1191 396 
146 438 
1434 1434 
1526 4578 
1834 5502 
2263 753 
2208 6624 
1483 1483 
287 861 
3301 9903 
675 2025 
2091 2091 
1787 1787 
1946 1946 
2251 749 
1638 1638 
2983 993 
1618 1618 
2315 2315 
1183 3549 
1448 1448 
1851 1851 
1450 1450 
3340 1112 
2025 6075 
2082 2082 
2753 917 
3378 10134 
2679 8037 
2973 990 
1541 1541 
1621 1621 
1419 1419 
1203 400 
846 281 
1522 1522 
1742 1742 
2095 6285 
163 53 
2232 2232 
1867 1867 
613 203 
2809 935 
516 1548 
1604 1604 
1706 568 
3186 1061 
1684 1684 
1839 612 
470 156 
1647 548 
1693 1693 
1556 1556 
1285 1285 
1222 406 
1324 1324 
770 2310 
1252 416 
3182 1060 
2421 806 
1843 1843 
2035 2035 
1450 482 
310 930 
2594 7782 
1761 1761 
1317 1317 
3129 1042 
15 4 
544 1632 
1594 4782 
627 1881 
2923 973 
1582 1582 
2575 7725 
944 314 
1292 1292 
1637 1637 
2251 2251 
2063 2063 
478 158 
240 79 
64 192 
1248 1248 
1555 517 
3499 1165 
1215 1215 
2225 2225 
1467 4401 
1916 1916 
1565 1565 
2700 899 
143 47 
1952 1952 
343 1029 
2215 2215 
320 960 
185 61 
2540 7620 
1184 1184 
2200 2200 
1866 1866 
2137 711 
1461 1461 
1774 5322 
1778 1778 
677 225 
1432 1432 
789 2367 
2668 888 
2077 2077 
1278 1278 
248 744 
62 20 
1418 1418 
3299 1099 
1294 1294 
2175 724 
2699 899 
2764 8292 
1910 1910 
712 2136 
693 2079 
1435 1435 
231 76 
1561 1561 
14 42 
1981 659 
1223 3669 
1056 3168 
2286 2286 
3302 1100 
3211 9633 
1486 1486 
1496 1496 
526 1578 
2243 2243 
1617 1617 
1479 4437 
550 1650 
1281 1281 
1523 4569 
1995 1995 
2912 970 
50 150 
2400 7200 
522 173 
349 115 
1458 1458 
1543 4629 
1574 1574 
1833 5499 
3019 9057 
1250 1250 
1328 1328 
2173 2173 
2652 7956 
2497 831 
2659 885 
1534 4602 
1240 412 
1912 1912 
2044 2044 
1234 1234 
1549 1549 
1386 1386 
321 106 
465 1395 
2009 669 
2430 7290 
494 164 
1568 1568 
3433 10299 
3187 1061 
2933 977 
3305 1101 
7 1 
1641 546 
1345 1345 
393 1179 
243 729 
2234 2234 
1131 376 
1421 1421 
3411 1136 
2440 7320 
1323 440 
1447 1447 
1189 1189 
2238 745 
3275 1091 
2133 2133 
704 234 
3330 1109 
2575 857 
88 264 
1503 4509 
2295 2295 
1032 3096 
1182 393 
3407 10221 
2169 2169 
1352 1352 
1671 1671 
