3000 1500
308 924 
1609 1609 
2853 950 
1376 458 
1640 1640 
1487 1487 
2960 986 
1180 3540 
1879 1879 
1136 1136 
1237 3711 
2928 975 
1858 1858 
1415 1415 
1954 650 
1259 1259 
1947 1947 
2658 885 
1193 1193 
1795 1795 
1767 5301 
1104 367 
1884 1884 
220 72 
2576 7728 
1831 609 
1537 511 
1462 486 
1916 1916 
1152 1152 
830 2490 
1185 394 
1642 546 
1599 1599 
984 2952 
1675 1675 
1330 442 
1304 1304 
2240 6720 
1511 1511 
1020 3060 
903 2709 
1574 524 
2081 6243 
1788 595 
2891 963 
2931 976 
717 238 
1343 1343 
1046 1046 
710 236 
1971 1971 
1654 1654 
1206 1206 
2869 955 
1327 3981 
2815 937 
1499 1499 
2374 790 
2716 8148 
1872 1872 
1169 1169 
1021 339 
2139 6417 
22 6 
289 867 
1355 4065 
2465 821 
2929 975 
1282 1282 
1438 4314 
2987 8961 
2648 882 
2108 702 
1785 1785 
2287 761 
1182 1182 
1998 5994 
534 1602 
1493 497 
1435 1435 
1070 3210 
77 25 
1769 589 
1283 1283 
1985 1985 
1397 4191 
224 74 
879 2637 
658 218 
2461 7383 
695 231 
2748 8244 
1246 1246 
1584 1584 
2822 940 
426 141 
18 5 
1866 1866 
1181 1181 
223 669 
1997 1997 
2243 747 
1765 587 
1742 580 
132 396 
208 68 
640 212 
2824 940 
1567 4701 
639 1917 
1572 1572 
2116 6348 
1166 1166 
2607 868 
2812 936 
1950 1950 
1491 1491 
1322 1322 
868 288 
1747 5241 
1150 1150 
1092 3276 
111 333 
2993 8979 
1511 503 
1828 5484 
2573 857 
1417 471 
2518 7554 
1289 1289 
2075 6225 
1342 446 
1217 1217 
488 162 
2854 8562 
2296 764 
1857 1857 
501 166 
1066 354 
1649 1649 
1411 1411 
1380 4140 
1340 4020 
1793 597 
310 930 
1737 1737 
1242 3726 
1724 5172 
682 226 
1863 1863 
1561 519 
1628 542 
164 54 
2616 871 
1337 1337 
305 915 
1535 1535 
2467 821 
2166 721 
1310 1310 
2377 791 
2920 8760 
2481 7443 
1966 1966 
1561 1561 
1186 1186 
2358 7074 
2805 8415 
948 315 
1788 1788 
2133 6399 
2479 825 
292 876 
2640 879 
1827 5481 
1834 1834 
2477 825 
2880 959 
2307 6921 
1093 1093 
1393 4179 
2540 7620 
2003 6009 
2159 6477 
1452 1452 
1147 1147 
1924 1924 
1976 1976 
939 312 
1448 4344 
1184 1184 
141 423 
1434 1434 
2346 7038 
2196 731 
717 2151 
1195 1195 
410 136 
1952 1952 
1850 1850 
1771 589 
331 993 
1446 481 
2232 743 
1860 619 
585 194 
1058 1058 
2807 935 
2323 773 
1075 3225 
1040 1040 
1577 525 
2065 6195 
2449 7347 
1870 1870 
1803 5409 
1927 641 
1034 344 
1317 1317 
2684 8052 
1120 1120 
2408 7224 
2923 8769 
2708 902 
1455 1455 
1922 1922 
2231 743 
2810 936 
621 1863 
977 325 
520 172 
1159 385 
200 600 
1635 1635 
1519 4557 
1212 1212 
1346 1346 
2072 6216 
1001 333 
1171 389 
1816 1816 
919 305 
2538 7614 
1664 554 
1800 1800 
1235 1235 
1988 662 
1111 1111 
2511 836 
640 1920 
1606 1606 
2373 7119 
2725 8175 
1645 4935 
2030 6090 
1185 1185 
1197 3591 
2997 8991 
485 1455 
1368 4104 
820 272 
1823 1823 
1824 1824 
2594 7782 
2278 6834 
961 2883 
1894 1894 
2507 835 
1003 1003 
1228 3684 
2327 775 
1521 1521 
580 192 
579 1737 
1327 1327 
2208 735 
2647 7941 
1576 1576 
1465 1465 
2020 672 
63 20 
1859 619 
603 1809 
1806 5418 
1430 1430 
1510 4530 
1639 1639 
290 96 
2692 8076 
1180 1180 
636 1908 
1705 5115 
1633 543 
1757 1757 
2156 718 
1807 1807 
687 228 
979 2937 
1927 1927 
947 2841 
479 1437 
1092 1092 
1231 1231 
1322 3966 
1481 4443 
1419 1419 
43 13 
1670 1670 
1854 5562 
2432 810 
554 184 
1262 420 
1870 5610 
2049 6147 
1648 1648 
1756 1756 
401 1203 
2388 7164 
334 110 
567 1701 
1522 506 
499 165 
1404 4212 
1421 473 
1428 1428 
2637 878 
1080 359 
1992 663 
1588 4764 
884 2652 
2204 734 
2771 8313 
1251 1251 
2405 801 
2574 7722 
1611 4833 
2718 8154 
392 130 
845 2535 
1371 1371 
2398 798 
1045 3135 
1698 1698 
1389 4167 
1957 1957 
596 198 
1207 401 
1470 489 
1919 1919 
1906 5718 
571 1713 
1554 1554 
551 1653 
2170 722 
300 99 
542 1626 
2437 7311 
2828 942 
259 85 
761 2283 
367 121 
1764 5292 
1485 4455 
234 77 
2241 6723 
2998 8994 
789 262 
2979 8937 
1865 1865 
8 24 
1435 477 
2881 959 
2790 929 
1295 431 
1776 5328 
2852 950 
5 15 
403 133 
1167 1167 
1733 1733 
2590 7770 
1115 371 
2789 929 
1837 1837 
1652 550 
1760 1760 
2839 8517 
1739 1739 
1505 1505 
1370 1370 
1067 1067 
2645 7935 
1878 1878 
2535 844 
2242 746 
97 291 
231 76 
1031 1031 
1368 1368 
1883 5649 
1461 1461 
1537 1537 
1179 3537 
1940 5820 
810 269 
1496 1496 
842 280 
217 71 
1068 3204 
1290 1290 
1441 1441 
2589 7767 
1868 5604 
2894 964 
1810 1810 
1996 1996 
1559 1559 
1585 527 
1297 1297 
1579 1579 
1141 1141 
872 290 
1101 1101 
843 280 
2420 806 
1392 463 
1661 4983 
1593 4779 
2435 7305 
1934 1934 
2581 7743 
1982 5946 
1445 1445 
118 38 
1022 340 
1248 1248 
1767 1767 
925 2775 
1820 1820 
2738 912 
1835 1835 
1969 1969 
1985 5955 
1779 592 
1570 1570 
1036 1036 
1437 4311 
1686 561 
2682 893 
1340 1340 
2012 670 
1272 1272 
1264 1264 
849 282 
2195 6585 
2206 734 
2536 844 
974 2922 
1189 1189 
1035 1035 
527 175 
272 816 
749 2247 
2404 800 
2723 8169 
1334 4002 
2899 965 
1809 5427 
2765 921 
1272 3816 
1128 1128 
1496 4488 
2995 997 
1860 1860 
739 2217 
1108 3324 
2922 8766 
584 194 
1050 3150 
298 98 
1049 1049 
1977 1977 
1233 1233 
1790 1790 
2094 6282 
175 57 
1986 1986 
2294 764 
452 1356 
2177 725 
379 125 
1145 1145 
1774 1774 
759 2277 
796 264 
2758 918 
2809 935 
543 1629 
1158 1158 
210 630 
1684 1684 
562 186 
1950 5850 
2445 814 
500 1500 
127 381 
11 33 
2085 694 
2606 7818 
2677 8031 
2103 6309 
1373 4119 
1563 1563 
2546 7638 
1903 1903 
606 201 
1683 560 
1912 5736 
1627 4881 
619 205 
2356 7068 
90 270 
2939 8817 
1673 1673 
566 1698 
1280 3840 
1748 582 
2691 896 
2329 6987 
981 2943 
2419 7257 
1877 1877 
1623 1623 
2250 749 
368 1104 
1143 3429 
608 202 
1472 490 
1101 3303 
1273 1273 
2776 8328 
1694 1694 
1942 1942 
1453 1453 
736 244 
1426 474 
1478 1478 
2603 7809 
1423 1423 
1796 1796 
1608 1608 
2246 6738 
931 309 
524 1572 
633 210 
1336 1336 
2507 7521 
1564 1564 
2364 7092 
659 219 
2591 863 
2777 8331 
1412 1412 
236 708 
1095 1095 
1198 398 
1592 1592 
2145 6435 
2238 745 
2109 6327 
487 1461 
1653 550 
1744 1744 
2421 806 
607 1821 
655 1965 
2714 904 
932 310 
1850 5550 
1320 1320 
2588 7764 
861 286 
2752 916 
108 324 
1988 1988 
1322 440 
442 146 
1676 558 
1996 5988 
1017 3051 
2724 907 
1217 3651 
1129 1129 
996 2988 
1575 4725 
2689 895 
2019 672 
1941 1941 
2644 7932 
677 225 
1050 1050 
1885 1885 
1865 5595 
1624 1624 
1376 4128 
1791 1791 
1022 1022 
1687 1687 
1443 480 
1605 4815 
1547 515 
1284 1284 
1528 1528 
1682 5046 
1268 422 
1287 1287 
1442 1442 
2200 732 
1427 1427 
1920 5760 
1243 1243 
17 5 
1045 1045 
2216 6648 
1568 1568 
1614 1614 
553 1659 
1223 3669 
1647 1647 
600 199 
2170 6510 
1012 1012 
1238 3714 
2084 694 
2107 701 
1882 1882 
1582 1582 
1323 3969 
1176 1176 
2756 918 
2039 679 
1546 1546 
1396 1396 
1674 557 
521 173 
1364 4092 
1714 1714 
1782 1782 
1590 529 
1782 5346 
2690 896 
1038 1038 
1710 569 
2095 697 
2258 6774 
1372 1372 
2033 6099 
2908 8724 
2041 679 
1194 1194 
2652 7956 
840 2520 
471 156 
1990 5970 
1794 1794 
1715 571 
691 229 
1696 1696 
779 259 
2421 7263 
1234 1234 
1644 1644 
1931 643 
395 1185 
2201 733 
2497 831 
1827 1827 
1313 437 
1990 1990 
1871 623 
2895 964 
843 2529 
1488 1488 
59 19 
1338 4014 
2236 6708 
1657 1657 
237 711 
1815 1815 
1149 1149 
1688 1688 
319 957 
2054 6162 
794 2382 
1251 416 
2282 760 
2846 948 
1549 1549 
1682 1682 
1636 1636 
876 2628 
1262 1262 
1409 1409 
1016 338 
1617 1617 
2305 767 
1014 1014 
896 298 
874 2622 
2985 8955 
1514 504 
975 324 
1055 1055 
1517 1517 
1006 1006 
336 111 
664 1992 
1132 1132 
1163 387 
966 321 
1348 4044 
2893 963 
2531 7593 
2108 6324 
1255 417 
604 1812 
1 3 
956 318 
2164 6492 
1586 1586 
1365 1365 
1404 1404 
2157 6471 
2268 755 
2975 991 
1225 1225 
1109 1109 
2304 767 
2845 947 
1071 356 
1868 1868 
2655 7965 
1697 1697 
1633 1633 
1386 1386 
267 801 
1087 1087 
1454 1454 
2798 8394 
1399 1399 
1840 1840 
2499 832 
1819 605 
2043 6129 
2670 8010 
2483 7449 
1534 4602 
1258 1258 
712 236 
1125 1125 
1751 1751 
1620 1620 
500 166 
1498 498 
315 945 
1075 1075 
2650 7950 
2936 978 
2155 717 
2113 6339 
1739 5217 
111 36 
2677 891 
1051 1051 
2793 930 
1625 541 
1191 1191 
2615 7845 
1029 1029 
2439 812 
1371 4113 
1332 1332 
1681 559 
1090 362 
1083 1083 
1324 1324 
1328 1328 
1319 1319 
2772 8316 
2447 815 
95 31 
1588 1588 
2059 6177 
1637 1637 
97 31 
1245 1245 
1385 1385 
542 180 
1159 3477 
1350 1350 
1228 1228 
2500 832 
1224 3672 
1279 1279 
1448 1448 
1895 631 
2451 816 
1378 1378 
1750 1750 
752 250 
1277 3831 
1429 475 
1406 1406 
1958 1958 
343 1029 
1256 418 
1105 3315 
1497 1497 
1244 3732 
1054 3162 
2468 7404 
1730 576 
83 249 
747 2241 
1604 1604 
1240 1240 
2615 871 
2424 7272 
2397 798 
322 106 
301 99 
1684 560 
415 1245 
1010 3030 
1476 1476 
1464 4392 
1244 1244 
1581 1581 
1878 625 
551 183 
2548 848 
2558 7674 
2970 8910 
1914 1914 
2921 973 
2663 7989 
1177 391 
1037 1037 
1066 1066 
485 161 
2691 8073 
1202 1202 
1325 3975 
1382 1382 
1867 621 
1560 4680 
1539 1539 
2365 7095 
2384 794 
578 192 
2571 7713 
2949 8847 
2374 7122 
1123 1123 
694 2082 
2642 880 
2926 974 
141 46 
1920 1920 
1446 1446 
781 259 
2194 6582 
841 279 
1710 1710 
1944 5832 
1846 1846 
354 1062 
1576 524 
1161 3483 
1877 5631 
1998 1998 
2520 7560 
1634 1634 
1729 1729 
1703 1703 
1500 4500 
207 621 
403 1209 
1269 422 
1140 1140 
1226 1226 
1490 496 
1812 1812 
860 2580 
1864 5592 
1022 3066 
1913 5739 
2531 843 
2413 7239 
1830 609 
1388 1388 
1949 1949 
1580 1580 
1318 1318 
1587 1587 
1642 1642 
818 2454 
715 237 
1472 1472 
896 2688 
2185 6555 
1921 639 
1587 528 
1491 4473 
2549 7647 
313 103 
503 167 
1544 1544 
985 327 
2850 8550 
2982 8946 
2940 979 
1342 1342 
1955 1955 
1780 592 
1001 3003 
1307 1307 
2165 721 
1302 433 
239 717 
2945 8835 
1746 581 
1023 1023 
2235 744 
1881 626 
1716 571 
1830 1830 
1276 1276 
2634 877 
1525 1525 
1495 1495 
1627 1627 
116 38 
1596 1596 
296 98 
630 1890 
1175 1175 
1133 377 
1819 1819 
2948 8844 
1561 4683 
2488 828 
1249 415 
2074 690 
2342 7026 
1954 5862 
2890 8670 
1564 520 
2593 7779 
1291 3873 
1414 4242 
1672 1672 
1278 1278 
2419 805 
1671 1671 
1909 1909 
434 144 
1827 608 
2231 6693 
1845 614 
1635 544 
765 2295 
1451 1451 
1134 3402 
1887 5661 
1585 1585 
1363 1363 
1543 4629 
147 48 
312 103 
1880 626 
2568 855 
1654 550 
1275 1275 
2565 854 
239 79 
1008 1008 
2094 697 
1661 1661 
1142 1142 
2337 778 
1762 1762 
2316 771 
2576 858 
455 151 
1477 1477 
1005 1005 
2202 6606 
2488 7464 
2274 6822 
1043 3129 
2981 993 
1057 3171 
2077 691 
1055 351 
318 954 
1381 1381 
1414 1414 
1098 1098 
1492 1492 
1481 1481 
188 62 
1926 1926 
841 2523 
2215 6645 
182 60 
1979 1979 
1799 1799 
1578 4734 
946 2838 
1605 1605 
534 177 
1352 1352 
1281 3843 
2994 997 
1126 3378 
2503 833 
1215 404 
1745 1745 
1846 5538 
1255 3765 
99 32 
1127 1127 
370 1110 
1582 526 
2693 897 
184 552 
1945 647 
1849 615 
2405 7215 
2612 870 
1618 1618 
1774 5322 
1162 1162 
2552 850 
1364 1364 
381 1143 
760 2280 
700 2100 
790 262 
1984 5952 
1819 5457 
1019 1019 
702 2106 
1154 3462 
244 80 
1730 5190 
2007 668 
1853 5559 
1257 3771 
1422 473 
2685 894 
2831 8493 
1700 1700 
1664 1664 
1500 1500 
1550 1550 
2119 6357 
2279 6837 
969 2907 
303 100 
2066 6198 
1227 1227 
856 284 
1712 1712 
1890 5670 
934 2802 
921 306 
1153 3459 
767 255 
782 2346 
1121 3363 
2641 7923 
1379 459 
2699 8097 
1970 1970 
1187 1187 
1856 1856 
1070 1070 
1341 1341 
1833 5499 
98 32 
2013 670 
1383 4149 
1598 1598 
2058 6174 
1405 1405 
1602 533 
1785 594 
1974 5922 
1312 1312 
1502 4506 
1433 1433 
2392 796 
1520 1520 
1650 1650 
1100 1100 
182 546 
86 28 
1718 572 
1707 1707 
2458 818 
2899 8697 
2137 6411 
904 300 
2104 6312 
2042 680 
1229 1229 
2910 969 
36 11 
547 181 
2406 7218 
1515 1515 
1601 533 
411 1233 
1844 5532 
2410 802 
2314 770 
1201 3603 
1553 1553 
1071 1071 
1781 593 
824 274 
1959 652 
1731 1731 
2265 6795 
2785 8355 
1538 1538 
1221 1221 
1366 1366 
1529 4587 
441 146 
2721 8163 
293 97 
2558 852 
644 214 
407 1221 
2775 8325 
1504 1504 
169 507 
1880 1880 
548 1644 
1270 1270 
253 759 
2 6 
1146 1146 
1735 577 
1353 450 
1076 1076 
1128 3384 
1124 1124 
375 1125 
1200 1200 
1436 1436 
1984 1984 
1339 1339 
1864 1864 
1356 1356 
1118 1118 
1752 1752 
2889 8667 
1338 1338 
452 150 
813 2439 
962 320 
834 2502 
1686 5058 
1825 1825 
1552 1552 
932 2796 
2667 8001 
66 198 
1177 1177 
222 666 
1638 4914 
270 89 
2385 7155 
1290 3870 
1300 1300 
1026 1026 
2616 7848 
1615 4845 
1501 1501 
100 300 
733 2199 
2403 800 
1222 3666 
2966 8898 
1768 5304 
1915 1915 
2098 698 
1863 5589 
568 188 
928 308 
1600 1600 
1385 4155 
1813 1813 
359 119 
779 2337 
2447 7341 
1883 627 
2273 6819 
1357 1357 
1833 1833 
1928 1928 
1874 624 
2978 992 
1446 4338 
55 17 
1072 1072 
2805 934 
651 1953 
1777 1777 
230 76 
772 256 
1693 1693 
2189 6567 
1157 1157 
1656 1656 
1852 1852 
483 1449 
1403 1403 
1023 3069 
1669 5007 
1795 597 
354 117 
215 71 
2802 933 
1668 555 
698 2094 
78 25 
159 477 
1383 1383 
837 2511 
1514 1514 
1725 574 
610 1830 
1841 1841 
2198 6594 
1789 1789 
720 239 
1003 333 
611 203 
1255 1255 
1746 1746 
1363 4089 
2364 787 
1565 1565 
347 115 
1578 1578 
1590 1590 
2775 924 
2262 6786 
2578 7734 
1546 4638 
1937 1937 
1235 3705 
1671 556 
1376 1376 
1379 1379 
1085 1085 
1171 1171 
1522 1522 
1726 1726 
1534 510 
1393 1393 
1489 4467 
1078 1078 
1222 1222 
1613 1613 
2009 669 
734 2202 
1902 1902 
774 257 
248 82 
935 2805 
1263 1263 
2060 686 
1545 1545 
386 1158 
1283 427 
2989 8967 
819 272 
1133 3399 
1901 5703 
1666 1666 
785 261 
1614 4842 
2369 789 
2862 8586 
1603 1603 
1758 1758 
512 170 
657 218 
1306 3918 
764 254 
2554 7662 
991 329 
1849 1849 
706 2118 
1286 1286 
1047 3141 
1720 1720 
1154 384 
2975 8925 
2328 6984 
1517 4551 
349 115 
588 1764 
2155 6465 
1567 1567 
1214 1214 
1944 1944 
1889 1889 
2946 981 
1981 5943 
915 304 
415 137 
1419 472 
1139 1139 
903 300 
1061 1061 
52 156 
625 207 
2283 6849 
2463 820 
1116 1116 
1982 1982 
535 177 
1529 1529 
1122 3366 
1685 1685 
2649 7947 
254 84 
1951 1951 
2114 6342 
648 215 
2274 757 
812 2436 
2296 6888 
2734 8202 
936 311 
260 86 
1395 1395 
185 555 
1309 1309 
2705 901 
1215 1215 
922 2766 
2700 899 
1881 1881 
1695 1695 
825 2475 
2859 952 
995 2985 
460 152 
1475 1475 
1485 494 
2171 6513 
1081 1081 
2288 762 
673 223 
514 1542 
1734 1734 
2977 991 
1156 384 
880 2640 
399 1197 
686 2058 
128 384 
1340 446 
1642 4926 
1467 4401 
744 247 
2256 6768 
1993 1993 
2627 7881 
2662 7986 
1663 553 
1540 512 
2310 6930 
1504 500 
1409 4227 
1161 386 
2324 6972 
2237 745 
949 315 
1734 5202 
1335 1335 
232 696 
2501 7503 
133 399 
2172 723 
1706 1706 
1793 5379 
1774 590 
2472 7416 
285 94 
181 543 
2394 7182 
1002 333 
555 184 
1799 599 
1854 1854 
2513 837 
1528 508 
1302 3906 
1258 418 
1853 1853 
1179 1179 
1986 5958 
1717 5151 
1369 4107 
2282 6846 
1604 4812 
518 1554 
1700 5100 
1921 5763 
766 254 
335 1005 
1464 1464 
2402 800 
1925 1925 
489 162 
1236 3708 
1178 1178 
679 225 
2110 702 
1169 3507 
1375 1375 
552 1656 
1065 1065 
1660 1660 
119 357 
2144 6432 
135 405 
1047 1047 
49 15 
1657 551 
2666 888 
1513 1513 
1456 1456 
2561 7683 
1198 1198 
1804 600 
1833 610 
2552 7656 
1542 4626 
1493 1493 
2697 8091 
1097 3291 
2614 870 
1534 1534 
1259 419 
1390 4170 
1145 3435 
2869 8607 
1598 532 
1612 1612 
1778 1778 
1041 1041 
2525 7575 
2682 8046 
1645 1645 
1021 1021 
1265 3795 
693 2079 
1359 1359 
1980 1980 
2877 958 
1083 360 
2909 969 
2550 849 
428 1284 
1999 665 
2927 975 
1166 3498 
1830 5490 
2037 6111 
1079 3237 
1440 1440 
1677 1677 
1207 1207 
1168 1168 
1420 472 
823 273 
1744 5232 
250 82 
82 246 
2545 7635 
1400 1400 
1981 1981 
1851 1851 
1890 1890 
1401 1401 
1679 1679 
1165 1165 
384 127 
1804 5412 
1323 440 
1226 408 
178 58 
1888 1888 
1121 1121 
1099 1099 
645 214 
2438 812 
1463 487 
1192 1192 
853 2559 
2779 925 
1702 1702 
1303 433 
1582 4746 
1438 1438 
2161 719 
1652 1652 
359 1077 
2100 6300 
2372 790 
1708 1708 
1779 1779 
1444 1444 
1694 564 
1583 527 
1892 1892 
1173 390 
2412 7236 
1437 1437 
1580 4740 
1778 5334 
1355 1355 
1621 1621 
2317 771 
1183 1183 
1291 1291 
2158 6474 
294 882 
1960 5880 
2526 7578 
1473 1473 
1523 1523 
183 549 
1048 1048 
1718 5154 
1688 5064 
2863 8589 
1508 4524 
1069 355 
1056 1056 
541 179 
1928 642 
402 133 
1312 3936 
979 325 
1013 1013 
1703 567 
673 2019 
2807 8421 
1351 1351 
1725 1725 
71 213 
1899 1899 
1172 1172 
1134 1134 
1802 1802 
287 95 
1232 1232 
1902 633 
2514 7542 
558 185 
945 2835 
1660 552 
1681 1681 
1965 1965 
797 265 
1313 1313 
40 120 
1911 1911 
284 94 
1562 1562 
2973 990 
2931 8793 
1413 4239 
716 238 
1348 1348 
1449 4347 
2036 678 
48 144 
523 173 
2062 6186 
1036 3108 
1043 1043 
2137 711 
1044 3132 
129 387 
2318 6954 
2762 8286 
2856 951 
1809 1809 
1276 424 
1531 1531 
1917 638 
2015 671 
1963 1963 
1143 1143 
1629 542 
1566 1566 
1466 1466 
1765 5295 
905 2715 
1431 1431 
2010 669 
817 2451 
1430 476 
2289 6867 
1850 616 
2990 8970 
835 2505 
1907 1907 
333 110 
2345 7035 
2440 7320 
1014 337 
1967 1967 
2695 897 
1566 4698 
617 205 
1930 642 
1209 1209 
1557 1557 
1601 1601 
1298 1298 
629 1887 
2620 872 
1992 1992 
1381 4143 
1082 1082 
1522 4566 
975 2925 
2228 6684 
1569 1569 
1563 520 
1080 1080 
1077 1077 
1611 1611 
1906 1906 
1581 4743 
1566 521 
1655 1655 
1467 1467 
2322 773 
105 315 
2812 8436 
1624 4872 
1265 1265 
60 19 
1407 1407 
2835 944 
519 172 
622 206 
1303 1303 
361 1083 
2642 7926 
2004 667 
2573 7719 
945 314 
1539 512 
1945 1945 
1241 413 
1533 1533 
554 1662 
2885 8655 
1964 5892 
724 240 
2710 8130 
1306 434 
393 1179 
1786 594 
2537 845 
1377 1377 
1577 1577 
1131 1131 
1805 1805 
1653 1653 
1253 417 
1905 1905 
117 351 
1769 1769 
628 208 
1898 1898 
2390 7170 
1471 1471 
2220 739 
1308 1308 
46 14 
1818 605 
729 242 
1242 1242 
2234 6702 
2991 8973 
2148 6444 
709 235 
2879 959 
2517 838 
1923 5769 
339 112 
2113 703 
2559 852 
1886 1886 
1923 1923 
1548 1548 
151 453 
1646 4938 
494 164 
746 2238 
986 328 
1361 1361 
1801 1801 
2130 709 
2768 8304 
2671 8013 
1498 4494 
786 2358 
1562 520 
1160 1160 
1402 1402 
2110 6330 
2395 7185 
1434 477 
2120 6360 
191 573 
1054 1054 
2052 6156 
1475 4425 
2769 8307 
2801 8403 
1039 1039 
1704 1704 
1770 1770 
1096 1096 
424 140 
1306 1306 
1893 1893 
2261 753 
1897 5691 
1422 1422 
656 218 
478 1434 
721 239 
1512 1512 
1920 639 
2045 6135 
2932 976 
2634 7902 
237 78 
2257 751 
2293 6879 
1590 4770 
1196 1196 
1626 4878 
1125 3375 
2344 7032 
66 21 
1631 1631 
412 1236 
1285 1285 
563 187 
1329 1329 
1845 1845 
1712 5136 
2253 6759 
1607 1607 
1862 1862 
2746 914 
1713 5139 
2440 812 
2471 823 
1690 1690 
1170 389 
1832 1832 
74 24 
878 2634 
1267 1267 
1563 4689 
155 465 
1995 1995 
1895 1895 
1553 4659 
2583 860 
1983 1983 
1144 1144 
1674 5022 
2763 8289 
480 159 
1959 5877 
1794 5382 
2219 739 
2695 8085 
2963 987 
1432 1432 
1190 3570 
1355 451 
2842 8526 
1456 4368 
623 207 
1503 1503 
261 783 
1379 4137 
929 2787 
1411 4233 
1541 1541 
2090 6270 
768 255 
1595 4785 
1743 1743 
1861 1861 
1293 1293 
1784 1784 
1814 1814 
1980 659 
874 290 
531 1593 
528 175 
1339 445 
30 90 
383 1149 
1028 1028 
1721 573 
1369 1369 
1011 1011 
1101 366 
1904 634 
189 567 
400 132 
1761 1761 
1818 1818 
2070 689 
2502 833 
2556 851 
759 252 
1732 1732 
1792 1792 
637 1911 
1150 3450 
1701 566 
1486 1486 
1883 1883 
2584 7752 
1872 5616 
2335 777 
1174 1174 
1237 1237 
2311 769 
1921 1921 
1420 1420 
1367 1367 
1510 1510 
2350 782 
1286 428 
1398 1398 
424 1272 
1315 1315 
2273 757 
1798 1798 
2393 797 
798 2394 
2756 8268 
709 2127 
649 215 
2958 985 
2792 930 
1705 1705 
1753 1753 
213 70 
1526 1526 
1027 1027 
870 289 
1067 355 
1225 3675 
2716 904 
1421 4263 
1676 1676 
2673 890 
1973 657 
1555 1555 
2085 6255 
1772 1772 
1330 1330 
707 235 
1079 1079 
2275 757 
458 152 
510 1530 
127 41 
2680 892 
1875 1875 
2592 7776 
1424 1424 
1950 649 
681 2043 
557 185 
363 120 
1213 1213 
1862 5586 
1004 3012 
1593 1593 
2498 832 
2089 6267 
1907 5721 
1275 424 
1246 3738 
2397 7191 
1687 5061 
1698 5094 
1741 1741 
1991 1991 
1106 1106 
1490 1490 
2219 6657 
1463 1463 
2719 8157 
1450 1450 
1088 1088 
1256 1256 
1610 1610 
1122 1122 
1246 414 
657 1971 
1840 612 
420 1260 
2886 8658 
1433 4299 
1571 523 
1271 3813 
1709 5127 
1429 1429 
1210 1210 
1002 1002 
1216 404 
1107 1107 
2048 6144 
1935 1935 
1480 1480 
3000 999 
444 147 
2086 694 
1936 1936 
1353 4059 
2795 931 
1004 1004 
1483 1483 
1545 4635 
1053 1053 
891 2673 
1152 383 
2707 8121 
1013 337 
1413 1413 
2220 6660 
662 1986 
2828 8484 
1960 1960 
2033 677 
1718 1718 
1691 1691 
889 2667 
1056 351 
1010 1010 
1494 1494 
2051 6153 
1869 1869 
1060 352 
907 301 
2431 7293 
137 411 
1597 531 
1678 1678 
1786 5358 
1913 1913 
1239 1239 
826 2478 
1821 1821 
1954 1954 
1323 1323 
2264 754 
1958 5874 
1901 1901 
1868 622 
1828 1828 
1938 1938 
35 11 
2151 6453 
2993 997 
347 1041 
1410 1410 
1115 1115 
459 152 
1372 456 
1625 4875 
1348 448 
593 197 
1354 1354 
2713 8139 
1667 1667 
1035 344 
721 2163 
693 230 
1773 1773 
2574 857 
1105 1105 
14 42 
1509 1509 
1858 5574 
1956 1956 
1266 1266 
461 1383 
16 4 
1484 1484 
2543 847 
1572 523 
2317 6951 
1288 1288 
2701 899 
569 1707 
1597 1597 
1646 548 
1673 5019 
1875 624 
2959 8877 
1583 1583 
1156 1156 
1904 1904 
2038 6114 
2763 920 
716 2148 
1793 1793 
532 1596 
848 282 
1294 430 
1116 371 
360 119 
1188 1188 
1916 638 
839 2517 
1572 4716 
2609 869 
1972 1972 
1502 1502 
2167 6501 
1230 3690 
1565 521 
692 230 
1482 1482 
1711 1711 
2117 705 
1461 486 
2248 748 
1155 384 
1218 1218 
2092 6276 
1878 5634 
1331 1331 
2416 7248 
2956 984 
1479 1479 
1939 1939 
2827 941 
327 108 
912 2736 
1374 457 
1732 576 
7 1 
2211 736 
806 2418 
2984 994 
737 2211 
2355 7065 
911 303 
2888 962 
624 1872 
1297 3891 
1334 1334 
767 2301 
892 296 
1705 567 
1929 642 
1489 1489 
2263 753 
944 2832 
2632 876 
1683 1683 
1575 1575 
22 66 
1867 1867 
1250 1250 
1423 473 
53 17 
1195 3585 
587 1761 
1908 635 
2214 6642 
1976 658 
1482 493 
1447 1447 
1608 4824 
1148 382 
1191 396 
1723 1723 
2577 7731 
913 303 
1857 618 
2821 939 
1175 3525 
567 188 
1391 1391 
2000 2000 
355 1065 
1386 461 
2800 932 
1722 1722 
800 266 
539 179 
323 107 
2831 943 
37 111 
1069 1069 
1678 558 
1616 1616 
1741 5223 
1203 1203 
1547 1547 
1872 623 
1459 1459 
1274 1274 
1738 1738 
954 317 
1190 1190 
1089 1089 
899 2697 
758 252 
1345 1345 
1480 4440 
2324 774 
1721 1721 
1390 1390 
1305 3915 
2151 716 
2832 8496 
378 1134 
760 252 
402 1206 
1389 1389 
751 2253 
1532 1532 
56 18 
989 2967 
1513 4539 
1058 352 
1267 421 
1890 629 
1612 4836 
499 1497 
1488 4464 
1781 1781 
2771 923 
2706 901 
345 114 
2193 730 
1130 1130 
1457 485 
2663 887 
2087 6261 
1941 646 
1543 1543 
326 978 
1952 650 
2083 693 
1995 5985 
957 318 
783 2349 
605 201 
795 264 
435 144 
1261 1261 
426 1278 
1997 665 
227 681 
1627 541 
327 981 
1912 1912 
1940 1940 
2286 6858 
864 287 
2915 8745 
430 1290 
1787 595 
1179 392 
1377 458 
1009 1009 
1065 3195 
632 210 
812 270 
1428 4284 
1519 1519 
2362 7086 
1102 366 
1384 1384 
694 230 
1063 353 
1932 1932 
1103 1103 
1005 3015 
474 157 
1669 1669 
1049 3147 
163 53 
1970 656 
1635 4905 
574 1722 
1842 1842 
1825 5475 
1754 1754 
1747 1747 
1844 1844 
805 267 
1325 1325 
1726 5178 
1391 4173 
2496 7488 
447 148 
2819 939 
1610 4830 
510 169 
1417 4251 
2446 7338 
1173 1173 
1300 3900 
2097 698 
897 2691 
963 2889 
2055 6165 
1775 1775 
1651 549 
2313 6939 
1766 1766 
422 1266 
1187 395 
1263 3789 
2582 860 
1724 1724 
1551 1551 
1015 1015 
2269 755 
2225 741 
1638 1638 
1852 616 
2916 971 
1478 4434 
2983 8949 
1780 1780 
1968 1968 
666 221 
1241 1241 
818 272 
2955 984 
203 609 
1501 499 
2512 7536 
1717 1717 
1665 1665 
1204 1204 
573 1719 
2301 6903 
1803 1803 
1987 1987 
1558 1558 
2770 922 
371 123 
2426 7278 
1114 1114 
1826 1826 
494 1482 
1773 5319 
1032 1032 
1138 3414 
1253 1253 
740 2220 
2230 742 
1498 1498 
52 16 
1146 3438 
1946 1946 
1594 1594 
2617 7851 
1492 496 
1080 3240 
1716 1716 
1544 514 
1659 1659 
1223 1223 
1362 1362 
750 2250 
1900 1900 
2879 8637 
10 30 
99 297 
425 1275 
1062 1062 
431 1293 
858 2574 
1896 5688 
1361 453 
136 408 
1771 1771 
1064 1064 
2708 8124 
1859 1859 
1151 383 
1707 568 
80 240 
2285 761 
1841 5523 
2040 679 
1719 1719 
2874 8622 
2992 996 
1119 1119 
1829 1829 
212 70 
334 1002 
1395 4185 
1132 3396 
1358 4074 
1248 415 
1110 1110 
1094 1094 
324 107 
1151 1151 
1068 1068 
176 58 
1755 1755 
285 855 
1112 370 
272 90 
1961 1961 
1742 1742 
731 2193 
1208 1208 
2624 874 
1658 1658 
1236 1236 
1006 334 
1836 1836 
1811 1811 
396 1188 
2164 720 
1269 1269 
2001 6003 
1126 1126 
158 52 
1626 541 
2482 826 
1749 1749 
1252 1252 
73 219 
1333 1333 
1129 3387 
1073 1073 
549 182 
252 756 
2417 7251 
1280 426 
791 2373 
1230 1230 
1619 1619 
233 699 
1039 345 
1030 1030 
2681 893 
1107 3321 
1651 1651 
1959 1959 
962 2886 
1416 1416 
1482 4446 
1556 1556 
1232 410 
2843 8529 
949 2847 
89 267 
619 1857 
826 274 
1887 1887 
1910 1910 
2650 882 
674 2022 
1386 4158 
1425 1425 
2289 762 
2654 7962 
1416 4248 
1740 5220 
1067 3201 
1137 378 
1820 5460 
1581 526 
2937 8811 
1808 1808 
1298 432 
2129 6387 
2376 791 
942 2826 
136 44 
2489 7467 
462 153 
988 2964 
338 112 
2217 6651 
1174 390 
2529 7587 
1018 1018 
2061 686 
282 846 
2470 822 
1170 1170 
1387 1387 
2313 770 
705 234 
2911 969 
177 531 
2076 691 
264 792 
2661 886 
297 98 
1342 4026 
451 1353 
1787 1787 
814 2442 
1934 5802 
2415 7245 
2312 770 
477 158 
2308 6924 
2734 910 
2741 913 
1690 562 
2245 747 
1457 1457 
1182 393 
1937 5811 
1923 640 
688 228 
1106 3318 
2471 7413 
914 2742 
2502 7506 
1487 495 
2884 8652 
950 316 
1987 5961 
1268 3804 
1730 1730 
1748 1748 
351 1053 
2856 8568 
251 753 
1536 1536 
32 10 
1112 1112 
1516 1516 
533 177 
1023 340 
547 1641 
2933 977 
1084 1084 
1394 1394 
1783 1783 
1728 1728 
2264 6792 
2283 760 
1033 1033 
1011 3033 
2122 6366 
1201 1201 
463 1389 
1555 4665 
828 2484 
854 284 
1268 1268 
1740 1740 
107 321 
1311 1311 
2803 8409 
1987 661 
1797 1797 
1709 1709 
1163 1163 
1329 442 
1513 503 
1316 3948 
1964 1964 
2870 8610 
2307 768 
1707 5121 
1768 1768 
1832 610 
2339 7017 
1813 5439 
2192 6576 
726 2178 
31 93 
422 140 
1922 5766 
959 2877 
1326 1326 
1552 4656 
1149 3447 
195 64 
570 1710 
1468 4404 
1626 1626 
1816 604 
2626 874 
2131 709 
938 312 
1598 4794 
2306 6918 
2929 8787 
1025 1025 
1017 338 
1367 4101 
1527 1527 
1309 3927 
243 729 
1200 399 
2562 853 
1164 3492 
2188 728 
1314 1314 
498 1494 
21 6 
1530 1530 
143 429 
1696 564 
372 123 
1102 1102 
1468 1468 
344 1032 
1612 536 
28 84 
1902 5706 
1097 1097 
2867 8601 
1560 519 
2423 807 
1573 1573 
1506 1506 
2492 7476 
1087 3261 
1432 476 
1692 1692 
1257 1257 
1873 1873 
1135 1135 
838 278 
2469 7407 
540 179 
2738 8214 
996 331 
2526 841 
1224 1224 
664 220 
1999 1999 
1280 1280 
1159 1159 
1086 1086 
1843 1843 
1848 1848 
2286 761 
1403 467 
299 99 
2329 775 
280 92 
1380 1380 
1763 1763 
2527 841 
1512 503 
119 39 
1632 1632 
1929 1929 
684 2052 
1357 451 
1933 1933 
1074 1074 
1024 1024 
1708 568 
1630 1630 
1196 3588 
204 612 
557 1671 
2660 7980 
286 94 
221 663 
599 199 
195 585 
1418 1418 
1301 1301 
1507 1507 
199 65 
1876 1876 
2134 710 
1701 1701 
1469 1469 
1016 3048 
1767 588 
1222 406 
199 597 
1759 1759 
1220 1220 
1260 1260 
1989 1989 
1786 1786 
1953 1953 
1033 343 
2183 6549 
1508 1508 
1615 1615 
81 26 
1935 5805 
1613 537 
1349 1349 
1709 569 
2205 734 
1727 1727 
1392 1392 
1542 1542 
1674 1674 
522 1566 
1281 1281 
2337 7011 
1713 1713 
1591 1591 
1930 1930 
343 113 
2339 779 
513 170 
1897 1897 
1762 586 
1840 5520 
1034 1034 
955 317 
2106 6318 
2621 873 
1460 1460 
1347 1347 
1919 5757 
2689 8067 
1430 4290 
1017 1017 
1595 1595 
980 2940 
1997 5991 
2957 8871 
2528 7584 
1113 1113 
2608 868 
1765 1765 
2383 7149 
1646 1646 
1117 1117 
1812 603 
1738 578 
1873 623 
1540 4620 
68 204 
1211 1211 
2933 8799 
1914 637 
811 2433 
1016 1016 
1296 1296 
2253 750 
2932 8796 
871 289 
2022 673 
1277 1277 
715 2145 
1776 1776 
1443 1443 
192 63 
1628 1628 
1137 1137 
1871 1871 
2944 8832 
23 69 
83 27 
1184 394 
1570 522 
2876 8628 
2870 956 
2067 6201 
1516 4548 
1689 1689 
1917 1917 
1426 4278 
1090 1090 
442 1326 
193 63 
2026 674 
1680 1680 
2765 8295 
1820 606 
1267 3801 
2303 6909 
1762 5286 
1294 1294 
2203 6609 
1831 1831 
1555 517 
2914 8742 
1197 1197 
2375 7125 
2951 983 
1148 1148 
1249 1249 
388 128 
1060 1060 
104 34 
5 1 
998 2994 
1108 1108 
1285 3855 
2092 696 
1629 1629 
1814 5442 
594 197 
631 209 
2468 822 
1157 385 
282 93 
1494 4482 
2455 7365 
1271 1271 
443 147 
2111 703 
1574 1574 
1871 5613 
1105 367 
1826 608 
7 21 
803 267 
1622 1622 
1316 1316 
2338 7014 
1065 354 
1142 380 
1254 1254 
418 1254 
1344 1344 
1750 582 
1299 1299 
643 1929 
1524 1524 
1206 3618 
1927 5781 
1648 548 
124 40 
1686 1686 
1133 1133 
2175 724 
1775 591 
1835 5505 
1571 1571 
1974 1974 
1062 3186 
1571 4713 
1057 1057 
1518 1518 
1641 1641 
1000 3000 
1839 1839 
1941 5823 
1663 1663 
2530 842 
1238 1238 
1205 1205 
1643 1643 
1408 1408 
540 1620 
2896 964 
246 738 
1477 491 
1474 1474 
1373 1373 
1351 4053 
2322 6966 
1458 1458 
920 306 
1389 462 
1214 3642 
2335 7005 
1426 1426 
1216 1216 
2620 7860 
2985 994 
1962 1962 
1347 4041 
1978 1978 
2238 6714 
1715 1715 
1100 366 
2974 8922 
2056 6168 
1736 1736 
64 20 
116 348 
1994 1994 
1824 607 
961 319 
161 483 
1271 423 
1855 1855 
1397 1397 
248 744 
2547 7641 
440 1320 
2839 945 
1724 574 
478 158 
423 140 
1084 3252 
1138 1138 
2967 988 
1943 1943 
1042 1042 
1063 1063 
1662 1662 
729 2187 
590 196 
1302 1302 
1625 1625 
1735 1735 
1896 1896 
2892 963 
1321 1321 
1353 1353 
1396 464 
1053 3159 
1804 1804 
2661 7983 
1295 1295 
2357 785 
1891 1891 
1975 1975 
33 99 
1439 1439 
1240 3720 
150 450 
1485 1485 
2937 978 
110 36 
1432 4296 
1500 499 
852 283 
1874 1874 
374 124 
2018 6054 
2764 8292 
220 660 
247 741 
2186 728 
1449 1449 
1247 1247 
1292 1292 
1520 4560 
1880 5640 
1668 1668 
1061 3183 
2450 816 
1155 1155 
1052 1052 
1161 1161 
1825 607 
963 320 
1470 1470 
162 53 
2699 899 
2381 793 
1918 1918 
1374 1374 
1699 1699 
2062 686 
2540 846 
345 1035 
1212 3636 
1908 1908 
2737 911 
1044 347 
2970 989 
1973 1973 
1649 549 
2935 8805 
1948 648 
39 117 
1409 469 
548 182 
2664 7992 
1560 1560 
1305 1305 
1154 1154 
1462 1462 
1421 1421 
250 750 
1358 1358 
2996 998 
1838 1838 
2876 958 
1153 1153 
1885 627 
76 24 
2064 687 
1059 1059 
274 90 
2168 6504 
1417 1417 
2096 6288 
170 510 
1032 343 
667 221 
1360 1360 
2319 772 
2757 918 
1188 3564 
1091 1091 
1499 499 
1948 1948 
356 1068 
1815 604 
2168 722 
1679 559 
1722 573 
1123 373 
313 939 
1602 1602 
804 2412 
388 1164 
2143 713 
1062 353 
2743 913 
75 225 
1367 455 
1589 1589 
1822 1822 
2396 798 
2076 6228 
1044 1044 
1806 1806 
2152 6456 
1007 1007 
1164 1164 
1104 1104 
2732 910 
1540 1540 
2710 902 
900 2700 
1199 1199 
1020 1020 
50 150 
2132 6396 
1127 375 
1310 3930 
1931 1931 
1847 1847 
1817 1817 
1037 3111 
1011 336 
2698 898 
215 645 
620 206 
1764 1764 
2660 886 
2091 696 
925 307 
1219 1219 
857 285 
545 1635 
1117 3351 
550 182 
