3000 2500
692 2076 
1885 1885 
1313 1313 
2578 858 
2419 7257 
1169 3507 
2283 6849 
2374 790 
919 2757 
1007 1007 
141 423 
2645 881 
1480 1480 
1080 1080 
2090 696 
1771 589 
1883 1883 
1411 469 
1923 1923 
1384 1384 
1232 1232 
1475 4425 
2550 849 
1750 5250 
1291 3873 
624 1872 
2657 885 
338 112 
402 133 
2032 6096 
1571 523 
232 696 
172 56 
613 203 
1021 339 
2898 8694 
1392 1392 
1754 1754 
1126 1126 
2671 889 
1301 1301 
2357 7071 
1318 1318 
1667 5001 
1415 1415 
1316 1316 
1592 4776 
1644 1644 
1929 1929 
1391 1391 
1294 1294 
2322 6966 
2264 754 
1148 1148 
1234 3702 
1222 406 
1087 1087 
1970 1970 
993 2979 
547 1641 
352 116 
495 164 
1701 5103 
2900 966 
625 207 
1738 5214 
1004 1004 
1333 1333 
1629 542 
1489 4467 
1280 1280 
608 1824 
788 2364 
2030 6090 
1617 1617 
349 115 
551 1653 
1534 1534 
1515 1515 
2650 882 
2835 8505 
1281 3843 
2528 842 
2661 886 
1486 1486 
1540 512 
2849 8547 
1489 1489 
2517 838 
1440 1440 
1023 1023 
484 160 
1767 1767 
1730 576 
2996 998 
1014 1014 
287 861 
1735 5205 
1281 1281 
1943 5829 
1002 1002 
693 230 
2899 965 
1053 1053 
1462 1462 
1799 599 
1727 1727 
34 102 
1063 353 
1574 4722 
1939 1939 
2961 8883 
1546 4638 
1341 4023 
499 1497 
1696 1696 
485 1455 
1556 1556 
1978 5934 
14 4 
2740 912 
1618 1618 
1089 362 
1988 1988 
2209 735 
298 894 
1302 1302 
1269 422 
1756 5268 
1213 1213 
1770 5310 
1571 4713 
1377 1377 
440 1320 
1591 1591 
1386 1386 
68 22 
1378 1378 
1188 1188 
87 28 
217 651 
1902 1902 
1579 1579 
1698 1698 
2721 906 
552 1656 
506 1518 
1259 419 
1636 1636 
2186 728 
1986 1986 
2139 6417 
1248 415 
1167 3501 
1240 3720 
1122 1122 
1038 345 
245 81 
87 261 
49 15 
1485 4455 
97 31 
1846 5538 
2189 729 
2337 778 
1829 5487 
1292 1292 
1748 1748 
1281 426 
1814 604 
1576 1576 
1116 1116 
1922 1922 
2040 6120 
1052 3156 
2078 692 
2725 907 
1350 4050 
288 95 
1648 1648 
2819 939 
800 266 
1608 1608 
1100 366 
2710 902 
1325 3975 
1678 1678 
2359 7077 
2278 6834 
1584 4752 
26 78 
1621 4863 
399 1197 
1585 1585 
1844 1844 
1303 1303 
1835 5505 
1801 1801 
602 1806 
1931 1931 
1559 1559 
823 273 
1424 1424 
1067 3201 
1098 1098 
1631 1631 
1278 425 
1045 347 
1806 601 
1790 1790 
1272 1272 
1117 371 
1475 491 
1216 1216 
1700 1700 
2976 991 
1383 460 
1182 1182 
1153 3459 
1108 1108 
735 2205 
1486 4458 
2826 8478 
1382 460 
2789 8367 
2781 8343 
2546 848 
1562 4686 
1225 3675 
1568 1568 
2270 756 
92 276 
1909 635 
355 1065 
1051 349 
1000 3000 
54 17 
1476 1476 
2076 6228 
2263 753 
1914 1914 
1873 623 
1836 1836 
1863 1863 
1708 568 
2449 815 
1791 1791 
500 166 
1024 1024 
1657 1657 
402 1206 
2861 953 
593 1779 
1765 1765 
1980 5940 
1542 513 
967 321 
1514 1514 
2343 7029 
1783 1783 
270 89 
2588 862 
2401 7203 
1743 1743 
249 747 
520 172 
1968 1968 
2903 967 
323 969 
1895 5685 
2631 876 
306 918 
1835 611 
2627 7881 
1933 643 
1014 3042 
1529 4587 
1043 347 
1806 5418 
1827 608 
1424 4272 
1212 403 
2526 841 
1172 3516 
1607 4821 
1200 1200 
126 378 
1443 1443 
1881 5643 
1357 4071 
1614 1614 
1398 1398 
927 2781 
2945 981 
2142 713 
1180 1180 
2659 7977 
1572 1572 
841 2523 
2795 931 
1421 1421 
2672 890 
2948 982 
1333 443 
1395 1395 
873 2619 
1427 4281 
327 981 
743 247 
1609 1609 
1234 1234 
1274 1274 
2020 672 
1425 1425 
1567 1567 
67 21 
779 2337 
2197 731 
337 111 
1574 524 
2981 8943 
2779 925 
1027 1027 
255 765 
1691 563 
1347 1347 
1245 1245 
1629 4887 
2993 8979 
1074 1074 
1545 1545 
1474 1474 
1756 584 
1304 434 
834 2502 
1266 3798 
2268 6804 
1509 1509 
1726 5178 
1703 567 
1288 1288 
2893 8679 
904 300 
787 2361 
2303 767 
2396 7188 
1170 3510 
1606 534 
736 244 
2356 7068 
2155 717 
1051 1051 
1200 3600 
1987 661 
1206 1206 
1680 1680 
739 2217 
1138 1138 
1436 1436 
1494 1494 
1416 4248 
1789 5367 
256 84 
1088 3264 
2797 8391 
605 201 
2428 7284 
1778 592 
837 2511 
1364 454 
1554 1554 
1028 3084 
1460 4380 
2405 801 
1964 5892 
663 220 
1312 1312 
528 175 
1314 3942 
210 69 
2447 7341 
1863 5589 
1752 1752 
2658 885 
1930 1930 
2325 774 
1059 352 
1380 1380 
1306 1306 
1748 582 
1563 520 
2654 884 
1139 379 
2750 8250 
679 225 
536 1608 
1681 1681 
1548 4644 
1053 350 
1447 1447 
2330 776 
421 1263 
1253 3759 
621 206 
1724 1724 
1404 1404 
2002 6006 
2054 6162 
2716 904 
1686 1686 
498 165 
890 2670 
2748 915 
1309 1309 
2245 6735 
1406 1406 
1331 1331 
122 40 
1061 353 
1944 1944 
450 1350 
1167 1167 
1260 1260 
137 411 
1987 1987 
1619 1619 
1407 1407 
1527 1527 
1120 1120 
1751 1751 
1512 1512 
1907 1907 
2547 7641 
1704 1704 
1108 368 
207 68 
1466 1466 
268 88 
283 93 
1645 1645 
1762 586 
1139 1139 
731 2193 
1667 1667 
1706 1706 
2845 8535 
520 1560 
2875 8625 
469 1407 
1107 3321 
1355 4065 
609 202 
2289 6867 
539 1617 
624 207 
1124 1124 
1699 5097 
1685 5055 
1714 1714 
1267 1267 
1997 1997 
290 870 
1157 385 
2989 8967 
631 209 
1146 381 
2003 6009 
570 189 
1326 1326 
2462 7386 
1739 1739 
2010 669 
1558 1558 
618 205 
1953 650 
2559 7677 
1365 4095 
1958 652 
239 79 
2705 901 
93 30 
1307 1307 
1450 1450 
1009 1009 
1831 1831 
1128 3384 
1015 1015 
1158 1158 
1573 4719 
1158 3474 
2099 699 
1504 1504 
1740 579 
1471 489 
1011 1011 
2495 7485 
1722 1722 
1866 1866 
1842 1842 
2854 950 
2254 750 
1322 1322 
1297 1297 
651 216 
473 1419 
1513 503 
1623 1623 
1420 4260 
2973 990 
1228 1228 
560 186 
203 67 
2368 7104 
1480 4440 
2168 722 
1598 532 
1275 424 
1599 1599 
1131 1131 
1263 1263 
1399 1399 
1827 1827 
1334 4002 
2535 844 
1898 1898 
1643 4929 
152 50 
1993 1993 
30 90 
260 780 
1326 3978 
913 303 
1083 1083 
1026 1026 
1495 497 
645 1935 
2066 688 
2554 850 
1449 1449 
2115 704 
847 281 
2760 919 
1646 548 
220 660 
2852 950 
2105 6315 
1586 1586 
2961 986 
1575 1575 
2729 909 
1129 3387 
2908 8724 
1425 4275 
477 1431 
1921 5763 
404 134 
2474 824 
2678 8034 
2364 7092 
2244 747 
1743 580 
1553 1553 
1205 3615 
1142 1142 
1385 1385 
2050 6150 
2923 8769 
2125 6375 
1713 1713 
582 1746 
1223 1223 
583 193 
113 339 
658 1974 
1805 1805 
64 192 
1317 1317 
757 251 
1069 355 
1982 1982 
1451 1451 
1366 1366 
2056 6168 
1649 1649 
1111 3333 
279 92 
1164 1164 
1876 1876 
1981 5943 
1828 1828 
1565 1565 
21 63 
530 176 
1320 1320 
1113 3339 
1779 1779 
1393 1393 
2558 852 
417 1251 
82 246 
1047 3141 
891 2673 
1770 589 
2987 8961 
207 621 
576 191 
63 20 
1159 385 
1590 1590 
1273 1273 
1341 1341 
1684 1684 
1370 4110 
1752 5256 
242 726 
1730 1730 
1033 1033 
535 177 
1151 383 
1871 1871 
1852 1852 
1324 1324 
1364 1364 
2282 760 
752 250 
1077 1077 
1171 1171 
1129 1129 
419 139 
1075 1075 
2575 7725 
1868 1868 
1437 1437 
1569 1569 
1496 1496 
1659 1659 
1626 1626 
2118 6354 
749 2247 
1344 1344 
2992 8976 
1800 1800 
1030 342 
732 2196 
1794 597 
1505 1505 
1174 1174 
1566 1566 
1578 4734 
554 184 
2922 8766 
727 241 
1872 1872 
399 132 
976 324 
758 2274 
1253 1253 
2423 807 
1781 1781 
251 83 
1997 665 
1557 1557 
2895 964 
1022 1022 
1389 1389 
1789 1789 
1459 485 
1240 412 
1519 1519 
1125 1125 
445 1335 
1937 1937 
1995 1995 
2191 6573 
1183 1183 
1222 1222 
2120 706 
958 2874 
1068 1068 
2019 672 
1339 4017 
1557 4671 
96 288 
1562 1562 
1774 1774 
1815 5445 
1763 1763 
923 307 
795 2385 
553 183 
963 320 
1768 1768 
1446 1446 
1792 1792 
1583 1583 
2088 695 
1438 1438 
1037 3111 
222 73 
682 2046 
1434 4302 
1005 1005 
2648 7944 
2870 8610 
696 2088 
1452 483 
1753 5259 
956 2868 
410 136 
1410 1410 
596 198 
148 444 
1047 1047 
2958 985 
1663 1663 
2918 972 
2535 7605 
2550 7650 
2281 6843 
2960 986 
1561 1561 
2451 816 
2706 8118 
1784 1784 
1370 1370 
1510 1510 
1044 1044 
1853 1853 
1882 1882 
811 269 
2416 804 
1996 1996 
444 147 
1823 1823 
2490 829 
1160 1160 
267 801 
2763 920 
1268 1268 
1703 5109 
642 213 
659 219 
25 75 
2543 7629 
1869 1869 
1534 510 
1541 1541 
2950 8850 
1211 1211 
618 1854 
730 2190 
1604 1604 
2058 685 
2427 808 
1491 1491 
1040 346 
1719 5157 
2829 942 
1683 1683 
907 301 
2391 7173 
558 185 
1457 1457 
1242 3726 
1093 363 
426 1278 
1670 1670 
1381 1381 
2018 672 
1466 4398 
1873 5619 
71 23 
2955 8865 
1755 584 
1589 4767 
1502 1502 
837 278 
237 78 
2113 703 
1019 1019 
172 516 
1246 1246 
1540 1540 
1245 414 
1894 1894 
1576 524 
1550 516 
2215 6645 
2568 7704 
299 897 
536 178 
126 41 
1432 476 
2945 8835 
2277 758 
1343 1343 
1198 1198 
2038 678 
1728 575 
1787 1787 
128 384 
534 1602 
1637 1637 
1711 1711 
642 1926 
2717 8151 
793 263 
174 57 
1655 1655 
951 2853 
1155 1155 
1483 4449 
1461 486 
1768 5304 
310 102 
2427 7281 
1912 5736 
522 1566 
1217 405 
1472 490 
2448 7344 
2980 8940 
330 990 
1374 1374 
2339 779 
1782 1782 
1971 656 
1035 1035 
1439 1439 
1886 1886 
1526 1526 
549 182 
89 267 
238 78 
1818 1818 
1301 433 
2208 735 
2862 8586 
1841 5523 
2097 6291 
1236 1236 
2149 6447 
1929 5787 
2302 6906 
2537 7611 
1747 1747 
1658 552 
1066 1066 
1328 1328 
2395 797 
1634 4902 
1596 1596 
1584 527 
785 2355 
1405 467 
2624 7872 
2753 917 
664 1992 
761 2283 
140 420 
987 328 
2331 776 
833 277 
2470 7410 
1946 1946 
2662 7986 
1530 1530 
1358 4074 
1859 1859 
437 1311 
2617 871 
1093 1093 
1401 1401 
2527 7581 
1613 1613 
1094 1094 
1233 410 
1863 620 
897 298 
1812 1812 
1933 1933 
1351 449 
1731 1731 
2197 6591 
1524 1524 
1566 4698 
1708 5124 
1303 3909 
2586 861 
149 49 
1851 616 
1113 1113 
218 72 
1351 1351 
1826 1826 
487 1461 
1481 4443 
2587 861 
1445 1445 
1008 335 
2086 694 
1858 1858 
1296 1296 
1985 1985 
1786 1786 
2219 739 
1864 620 
1908 1908 
1950 1950 
453 1359 
1294 3882 
1279 3837 
1795 1795 
2773 923 
2815 8445 
1806 1806 
183 60 
2290 6870 
1435 1435 
1733 1733 
1913 1913 
2467 7401 
655 1965 
1610 1610 
1581 4743 
1896 5688 
1897 1897 
2844 8532 
1729 5187 
1361 1361 
2153 717 
1588 4764 
1776 1776 
1458 1458 
1100 1100 
1725 1725 
1204 3612 
1203 1203 
1408 1408 
936 311 
1773 1773 
376 124 
66 198 
927 308 
2153 6459 
77 25 
1183 3549 
1363 1363 
2473 823 
512 170 
1029 1029 
124 372 
2581 7743 
1104 1104 
1239 1239 
1926 1926 
1721 573 
2934 977 
231 76 
1588 1588 
1757 5271 
1939 5817 
1315 437 
58 174 
2160 6480 
2051 683 
1209 1209 
436 144 
1647 4941 
2942 980 
1132 1132 
972 323 
1321 1321 
1507 4521 
353 1059 
1998 1998 
1503 500 
1002 3006 
1194 1194 
1570 522 
2005 6015 
1819 605 
1650 549 
1162 386 
135 44 
2333 777 
1630 1630 
892 2676 
1635 4905 
2225 6675 
1243 413 
77 231 
36 108 
157 51 
2560 852 
75 225 
2257 6771 
1640 546 
832 2496 
2942 8826 
1305 1305 
2242 746 
403 1209 
1105 1105 
717 2151 
2831 943 
666 221 
1434 1434 
2513 837 
1671 1671 
1006 1006 
322 106 
1171 389 
1627 541 
1522 506 
1920 1920 
746 248 
224 74 
1013 1013 
1368 4104 
1625 1625 
2144 714 
1600 1600 
1912 1912 
1203 400 
521 173 
2201 733 
700 2100 
1111 1111 
882 2646 
2184 727 
1668 1668 
1790 596 
1847 1847 
1003 333 
1701 1701 
1677 1677 
1582 4746 
1488 1488 
2245 747 
1323 3969 
2803 933 
301 99 
40 12 
2453 817 
7 1 
653 217 
630 209 
1825 1825 
1967 1967 
2909 969 
950 316 
1881 1881 
1227 408 
1376 1376 
2980 992 
1345 1345 
2520 839 
2569 7707 
1749 1749 
788 262 
1092 3276 
2449 7347 
1820 1820 
1843 1843 
1718 572 
2732 8196 
1021 1021 
2260 6780 
2096 6288 
2896 8688 
2438 7314 
1892 5676 
1685 1685 
1336 1336 
111 36 
3000 9000 
455 1365 
1169 1169 
1348 4044 
1787 5361 
1654 1654 
169 55 
650 1950 
209 69 
814 270 
251 753 
2712 8136 
1164 387 
1207 1207 
1771 1771 
2717 905 
489 162 
1817 1817 
2292 6876 
2015 671 
2505 7515 
1652 1652 
1501 1501 
999 332 
629 1887 
1233 1233 
1483 1483 
1199 3597 
1204 1204 
1436 4308 
362 1086 
1527 508 
184 60 
1411 4233 
2465 7395 
1595 1595 
2436 811 
476 158 
2847 8541 
1620 1620 
1054 3162 
2137 6411 
1429 1429 
2384 7152 
1107 368 
845 2535 
857 285 
740 246 
1291 1291 
2471 7413 
2342 7026 
1744 1744 
2327 6981 
719 239 
1403 1403 
1741 1741 
1651 1651 
588 1764 
49 147 
1057 1057 
1244 1244 
1226 1226 
371 1113 
2826 941 
206 618 
1934 644 
1925 1925 
1794 1794 
1720 1720 
2198 6594 
1492 1492 
1450 4350 
1532 1532 
1372 1372 
30 9 
1394 1394 
690 229 
2702 8106 
2911 969 
1715 1715 
1143 1143 
1278 1278 
1177 391 
196 588 
2430 7290 
1547 1547 
1827 5481 
27 8 
1721 1721 
1556 518 
1421 473 
943 313 
776 258 
1775 1775 
1750 582 
1177 1177 
1363 453 
66 21 
1367 1367 
1615 1615 
1335 444 
2917 8751 
2477 7431 
888 2664 
211 633 
1908 5724 
675 224 
38 12 
265 87 
1516 1516 
1989 1989 
1657 551 
1538 1538 
188 62 
1597 4791 
2198 732 
668 2004 
545 1635 
1058 1058 
1836 611 
1627 1627 
2238 6714 
2746 8238 
2143 713 
704 234 
2212 736 
686 2058 
935 2805 
1197 3591 
1745 1745 
1603 533 
1574 1574 
1261 1261 
1882 626 
2418 7254 
1072 1072 
348 115 
1898 632 
2137 711 
1483 493 
223 669 
1444 1444 
1038 1038 
1962 1962 
1642 1642 
1287 1287 
2667 8001 
2703 8109 
1973 1973 
2830 8490 
2832 943 
1543 1543 
2013 6039 
2397 7191 
1463 1463 
2636 878 
2070 6210 
1277 1277 
1081 1081 
594 1782 
1116 3348 
1983 1983 
1905 1905 
1037 1037 
2183 6549 
109 35 
1624 1624 
1943 647 
1039 345 
2752 916 
2791 8373 
1199 1199 
2485 827 
1808 1808 
1381 4143 
806 2418 
1710 5130 
1941 1941 
2634 7902 
1193 1193 
1755 1755 
1899 1899 
1486 494 
2828 942 
1195 1195 
1236 3708 
1385 4155 
1012 3036 
2677 8031 
2432 7296 
579 192 
282 93 
1175 1175 
1719 572 
2111 6333 
546 1638 
678 2034 
527 1581 
1416 1416 
789 262 
340 112 
2220 739 
1950 649 
1801 599 
2476 824 
920 2760 
1860 1860 
1177 3531 
447 1341 
400 1200 
1502 500 
1629 1629 
2133 710 
993 330 
1522 1522 
1844 5532 
1919 1919 
2636 7908 
1293 1293 
2023 673 
1270 1270 
1235 1235 
1564 1564 
1917 5751 
2164 720 
2854 8562 
1464 487 
2761 8283 
1616 1616 
1092 1092 
714 2142 
2182 726 
1612 1612 
1746 581 
563 1689 
2083 6249 
492 1476 
1189 1189 
1767 5301 
1518 1518 
2748 8244 
1133 1133 
1757 1757 
1085 1085 
1168 3504 
1205 1205 
1325 1325 
2780 8340 
1469 1469 
1225 1225 
295 97 
2112 703 
606 201 
153 459 
1133 3399 
490 162 
1307 3921 
1298 1298 
1044 3132 
839 279 
1121 1121 
2281 759 
1289 1289 
1457 4371 
2951 8853 
1956 1956 
182 546 
1994 1994 
1473 1473 
1267 421 
1082 1082 
238 714 
590 196 
2106 701 
2009 6027 
1165 1165 
493 1479 
1215 1215 
134 402 
1221 1221 
1340 1340 
2647 881 
1810 1810 
1926 641 
634 1902 
515 1545 
1299 3897 
1924 1924 
1655 551 
1906 1906 
2703 900 
1163 1163 
2406 7218 
1453 1453 
2534 844 
1160 3480 
232 76 
1575 4725 
1545 514 
2912 8736 
1954 1954 
962 2886 
671 223 
1078 1078 
1676 1676 
1497 1497 
2797 931 
970 2910 
1959 1959 
2775 8325 
1910 1910 
1365 1365 
2090 6270 
1660 1660 
2123 6369 
1052 1052 
1001 3003 
1963 1963 
1632 1632 
358 118 
2390 796 
2271 6813 
2441 813 
881 293 
28 84 
1371 4113 
2836 944 
1650 1650 
2607 7821 
1178 3534 
18 5 
995 2985 
950 2850 
1955 1955 
2971 989 
1769 1769 
2426 7278 
1190 3570 
1153 1153 
1661 4983 
474 157 
2793 930 
688 2064 
1957 1957 
1948 1948 
1079 1079 
1285 1285 
826 2478 
1909 1909 
2360 7080 
1271 1271 
762 253 
632 1896 
1548 1548 
1952 1952 
1299 1299 
342 113 
1780 1780 
1815 1815 
1104 367 
1352 1352 
1397 1397 
957 2871 
1128 1128 
1875 1875 
1555 517 
1039 1039 
1895 1895 
1413 1413 
1699 1699 
1374 457 
1621 539 
387 1161 
2386 794 
243 729 
1187 395 
553 1659 
1577 1577 
949 2847 
1845 614 
2497 7491 
1581 1581 
2745 8235 
453 150 
774 257 
1181 393 
1419 472 
463 153 
2721 8163 
1157 1157 
1778 1778 
2337 7011 
1344 4032 
1149 1149 
1904 1904 
1641 4923 
1608 4824 
1076 3228 
735 244 
1198 398 
1385 461 
1032 1032 
2294 764 
202 606 
1865 5595 
1048 1048 
2814 8442 
2589 7767 
1785 1785 
1682 1682 
1146 1146 
1118 1118 
1140 1140 
1346 1346 
146 438 
328 108 
813 2439 
1647 548 
1764 1764 
2033 677 
2237 745 
1834 1834 
1746 1746 
273 90 
2926 974 
2623 873 
1523 1523 
443 147 
1887 628 
10 30 
1992 1992 
2573 7719 
1890 1890 
366 1098 
1978 1978 
379 125 
2960 8880 
1089 1089 
2236 744 
1516 4548 
1943 1943 
1570 1570 
2723 907 
2130 6390 
52 16 
1560 519 
491 163 
651 1953 
1753 1753 
1542 1542 
2107 6321 
1734 1734 
1932 1932 
1858 5574 
1552 1552 
1553 517 
1892 630 
1106 1106 
287 95 
1360 1360 
1558 518 
2715 904 
1166 1166 
608 202 
1897 631 
136 44 
1343 4029 
1742 1742 
513 170 
1269 1269 
1265 421 
1935 1935 
1096 1096 
1238 1238 
485 161 
2590 7770 
1314 1314 
1934 1934 
2907 8721 
1214 1214 
2688 895 
1850 1850 
1046 1046 
1327 3981 
1951 1951 
407 1221 
1739 579 
2004 6012 
531 176 
272 816 
1691 1691 
831 2493 
2673 8019 
1726 1726 
1201 399 
1911 1911 
2226 741 
1728 1728 
1639 1639 
1666 4998 
1587 1587 
1255 417 
1487 4461 
1779 5337 
815 271 
1858 618 
525 174 
1741 579 
1008 1008 
281 93 
843 2529 
1334 1334 
2304 767 
1017 338 
1367 455 
334 110 
1802 5406 
1798 5394 
1187 1187 
1365 454 
1368 1368 
1707 1707 
1256 3768 
388 128 
1591 4773 
2676 891 
486 161 
2300 766 
1065 3195 
215 71 
1499 4497 
2023 6069 
1918 5754 
1632 543 
1251 1251 
2965 987 
1823 5469 
1500 1500 
1425 474 
2985 8955 
1275 1275 
2735 911 
1855 1855 
1074 3222 
1063 3189 
2120 6360 
1146 3438 
2913 8739 
667 2001 
1829 609 
1430 1430 
2040 679 
1013 337 
1257 1257 
1336 4008 
1843 613 
2954 8862 
1905 5715 
2498 7494 
1854 617 
2372 790 
1195 397 
963 2889 
1152 1152 
1034 1034 
1174 3522 
1826 5478 
2174 724 
887 295 
1134 1134 
1612 536 
1788 1788 
143 429 
2614 870 
823 2469 
2531 843 
299 99 
1503 1503 
1921 1921 
74 222 
2018 6054 
1452 4356 
1154 1154 
2592 7776 
1517 1517 
1484 1484 
1809 1809 
2210 6630 
2603 867 
1238 3714 
1580 4740 
1375 1375 
1643 1643 
1173 1173 
677 2031 
1218 405 
197 591 
720 239 
2819 8457 
1922 640 
1538 4614 
1246 3738 
1356 1356 
2672 8016 
2430 809 
1197 398 
2886 961 
564 1692 
2038 6114 
1411 1411 
3002 1000 
105 315 
763 253 
408 1224 
2664 887 
1168 1168 
56 18 
1980 1980 
1495 1495 
1227 1227 
525 1575 
2334 777 
1712 1712 
1591 529 
802 2406 
1454 1454 
1076 1076 
2170 722 
1382 1382 
2145 714 
1478 1478 
229 75 
1959 5877 
1349 1349 
2552 7656 
1212 1212 
1353 1353 
1692 563 
644 214 
2444 814 
1736 1736 
619 1857 
1940 1940 
1908 635 
2944 980 
204 612 
2950 982 
1880 1880 
2475 7425 
1758 1758 
1999 665 
1402 466 
1693 1693 
69 22 
2226 6678 
1358 1358 
2635 877 
2785 8355 
591 196 
1592 1592 
2556 7668 
1893 1893 
2647 7941 
76 228 
2270 6810 
1800 599 
1063 1063 
626 208 
1262 1262 
1258 1258 
405 134 
1224 3672 
409 135 
1387 1387 
2053 6159 
1464 1464 
31 9 
962 320 
108 324 
830 2490 
2432 810 
104 34 
1891 1891 
1536 1536 
2471 823 
1976 1976 
1964 1964 
2615 7845 
1900 1900 
2443 813 
1603 1603 
1008 3024 
1622 1622 
1802 1802 
102 33 
1705 1705 
2238 745 
2043 6129 
2635 7905 
940 2820 
953 317 
1349 449 
2049 682 
1656 1656 
185 61 
1977 5931 
2017 671 
1848 1848 
715 2145 
1348 1348 
755 2265 
1628 1628 
1003 1003 
1028 1028 
2296 6888 
1834 5502 
1840 1840 
1355 1355 
599 1797 
1981 1981 
1444 4332 
1805 5415 
2142 6426 
1091 1091 
929 2787 
1762 1762 
1264 1264 
1702 1702 
150 49 
2887 961 
1870 1870 
2127 6381 
1641 1641 
1162 1162 
1373 1373 
2946 8838 
2191 729 
1232 410 
246 738 
18 54 
1426 4278 
468 1404 
2136 6408 
189 62 
1059 1059 
2978 8934 
1944 5832 
639 212 
1599 532 
1329 3987 
130 42 
1851 1851 
2566 854 
1672 1672 
670 2010 
1412 1412 
2918 8754 
1319 1319 
586 194 
1720 5160 
2094 697 
2033 6099 
1193 397 
1861 1861 
1738 1738 
1487 1487 
1679 1679 
1419 1419 
1940 5820 
1839 1839 
1744 5232 
1090 3270 
2785 927 
2807 935 
1602 533 
91 273 
329 109 
1313 3939 
2141 713 
1247 1247 
2393 7179 
1386 4158 
1528 508 
1241 1241 
2684 8052 
1244 414 
1231 1231 
2743 913 
1256 1256 
1506 1506 
1382 4146 
1816 5448 
1386 461 
2951 983 
1500 499 
612 1836 
2662 886 
1751 5253 
1985 661 
2727 908 
2026 6078 
1190 1190 
412 1236 
41 13 
1568 4704 
2296 764 
1718 1718 
2932 976 
1420 1420 
1889 1889 
2825 8475 
1519 4557 
2605 867 
401 133 
2411 7233 
1966 1966 
2572 7716 
861 286 
159 52 
1056 351 
1546 1546 
2229 6687 
1597 1597 
2455 7365 
2947 981 
669 222 
1666 1666 
1662 1662 
1062 1062 
1936 5808 
2474 7422 
519 172 
1170 1170 
2864 954 
1690 1690 
2376 791 
2186 6558 
1090 362 
1260 419 
1244 3732 
971 323 
2252 6756 
2768 922 
1442 1442 
1254 1254 
1737 578 
197 65 
235 77 
1097 3291 
2046 681 
2421 7263 
1958 1958 
1901 5703 
678 225 
548 1644 
1042 1042 
464 154 
1949 1949 
2332 776 
1445 481 
732 243 
1086 1086 
2771 8313 
935 311 
1829 1829 
1819 1819 
1433 1433 
1256 418 
2692 896 
357 1071 
636 1908 
1750 1750 
1549 1549 
1031 343 
1093 3279 
1928 1928 
1807 601 
2842 8526 
1927 641 
1684 560 
2370 7110 
187 561 
812 270 
1088 1088 
526 174 
1095 1095 
1618 4854 
852 283 
852 2556 
1665 1665 
1648 548 
1470 1470 
1716 571 
1455 4365 
1654 550 
1069 1069 
1417 1417 
1584 1584 
1915 5745 
552 183 
1286 1286 
1856 618 
1942 1942 
1078 358 
1071 1071 
15 45 
1513 1513 
2921 973 
1202 1202 
2578 7734 
1163 3489 
1137 1137 
1589 1589 
1862 1862 
1653 1653 
1857 1857 
1979 1979 
181 543 
1379 4137 
2365 787 
2363 787 
1396 1396 
1860 5580 
1217 1217 
1233 3699 
833 2499 
1339 1339 
1090 1090 
836 2508 
2210 736 
1993 663 
2643 7929 
1114 1114 
1280 426 
848 2544 
1417 4251 
1505 4515 
1679 559 
822 2466 
2584 860 
1877 1877 
1112 1112 
1437 478 
710 236 
1939 645 
2738 912 
281 843 
1539 1539 
1902 5706 
1927 1927 
255 84 
2150 716 
1735 1735 
1507 1507 
1067 1067 
1619 539 
2584 7752 
2382 793 
2379 7137 
1168 388 
247 81 
2688 8064 
1632 4896 
1009 3027 
1323 1323 
1379 1379 
284 852 
2515 7545 
1918 1918 
1556 4668 
1242 1242 
2910 969 
2286 6858 
2081 6243 
1512 4536 
1183 393 
221 663 
2434 7302 
1405 1405 
1941 646 
24 7 
2979 8937 
2089 695 
444 1332 
764 2292 
1804 1804 
617 205 
724 2172 
437 145 
2542 7626 
2274 757 
1423 473 
1841 1841 
420 139 
1283 3849 
1356 451 
1621 1621 
543 180 
1916 1916 
1251 416 
1942 646 
2838 945 
729 242 
947 2841 
449 1347 
1465 1465 
1250 1250 
1675 1675 
264 87 
75 24 
513 1539 
2893 963 
2385 794 
164 492 
1953 1953 
1537 1537 
1290 3870 
1690 5070 
1598 1598 
2356 784 
1821 1821 
2745 914 
1947 1947 
1198 3594 
1887 1887 
2747 915 
2543 847 
697 231 
1571 1571 
1218 1218 
1645 4935 
644 1932 
2469 7407 
354 117 
1145 381 
1535 1535 
530 1590 
1963 653 
991 2973 
2719 8157 
1845 5535 
2719 905 
1209 3627 
1223 3669 
1761 586 
2487 828 
1669 1669 
2970 989 
1828 608 
1284 3852 
1322 3966 
1888 1888 
1654 4962 
1371 1371 
59 19 
1012 1012 
295 885 
939 312 
1156 1156 
1253 417 
1717 1717 
1295 431 
1020 1020 
1472 1472 
144 47 
539 179 
1709 1709 
1260 3780 
1682 560 
343 113 
1165 3495 
191 573 
45 135 
1062 353 
2802 933 
2660 7980 
1868 5604 
2609 869 
2183 727 
1497 4491 
1050 1050 
1644 547 
103 33 
2832 8496 
857 2571 
2670 8010 
518 1554 
1375 4125 
1286 428 
1501 4503 
2545 847 
2805 8415 
1903 1903 
756 251 
1369 1369 
223 73 
948 2844 
2340 7020 
1634 1634 
1872 5616 
1680 559 
1172 390 
1401 466 
1493 1493 
2885 961 
1312 3936 
1135 1135 
1255 1255 
771 2313 
1354 1354 
542 180 
1164 3492 
2694 897 
1139 3417 
2060 6180 
2188 728 
2348 7044 
974 2922 
895 297 
1797 1797 
1601 4803 
988 2964 
2938 978 
2959 985 
2024 674 
482 1446 
1151 1151 
941 2823 
1011 3033 
973 2919 
1991 1991 
1428 1428 
2308 6924 
1405 4215 
1770 1770 
1479 1479 
1902 633 
614 1842 
139 417 
2936 978 
1018 1018 
1061 1061 
1361 4083 
1799 1799 
1810 602 
637 211 
1140 3420 
1308 1308 
1624 540 
2122 6366 
100 32 
136 408 
2969 8907 
2061 686 
1526 4578 
1422 4266 
2460 819 
1036 1036 
219 72 
435 144 
744 247 
1304 1304 
1332 1332 
457 151 
741 2223 
2035 6105 
1218 3654 
2187 6561 
1683 5049 
2890 8670 
267 88 
129 42 
2355 7065 
253 83 
2821 939 
1513 4539 
2992 996 
1628 542 
1010 1010 
741 246 
1498 1498 
2725 8175 
1694 1694 
2099 6297 
1043 1043 
1785 594 
2598 865 
829 275 
1252 1252 
809 2427 
2318 6954 
1234 410 
1618 538 
753 250 
766 2298 
1703 1703 
2254 6762 
1965 5895 
163 53 
1186 1186 
652 1956 
2638 878 
742 2226 
1708 1708 
1452 1452 
2332 6996 
1271 423 
1533 1533 
2946 981 
1431 1431 
2020 6060 
2082 6246 
2273 757 
1102 1102 
2818 8454 
955 2865 
249 82 
2048 6144 
118 38 
1414 1414 
1803 5409 
1499 1499 
760 2280 
1441 1441 
1200 399 
385 127 
1383 1383 
1435 477 
1242 413 
846 2538 
1525 1525 
1601 1601 
1132 376 
747 248 
1965 1965 
1890 5670 
1635 1635 
1030 1030 
2895 8685 
1123 373 
913 2739 
1185 1185 
2465 821 
943 2829 
1508 1508 
1826 608 
495 1485 
1117 3351 
1966 654 
1007 335 
1248 1248 
1066 3198 
822 273 
2331 6993 
1208 1208 
1888 628 
1811 1811 
1136 1136 
1552 516 
2837 945 
1602 1602 
2085 694 
1756 1756 
1179 3537 
2801 933 
1179 1179 
1107 1107 
2940 8820 
106 318 
879 292 
130 390 
1646 4938 
2234 6702 
1409 1409 
1727 575 
1109 369 
1490 1490 
454 1362 
1347 448 
1656 551 
1344 447 
422 140 
1999 1999 
1042 3126 
1097 1097 
1960 1960 
1813 603 
2737 8211 
1407 468 
954 317 
1898 5694 
1640 1640 
881 2643 
1924 640 
1101 1101 
1511 1511 
555 1665 
747 2241 
36 11 
1455 1455 
1529 1529 
1840 612 
490 1470 
785 261 
2642 7926 
792 2376 
1249 1249 
205 67 
1176 1176 
328 984 
1184 1184 
2669 889 
330 109 
1291 429 
2425 7275 
1864 1864 
2388 795 
217 71 
258 774 
1520 1520 
2642 880 
1404 467 
2884 960 
1477 491 
1761 1761 
1430 476 
844 280 
1972 1972 
1594 1594 
2995 8985 
1865 1865 
1692 1692 
1697 1697 
1717 5151 
411 136 
1673 1673 
1650 4950 
681 2043 
1930 5790 
1471 1471 
1606 1606 
1362 1362 
1551 1551 
2860 8580 
1219 1219 
1706 568 
1266 1266 
13 3 
702 2106 
1110 369 
2630 876 
2453 7359 
701 233 
2262 6786 
2618 872 
921 2763 
2181 726 
1674 1674 
259 777 
1984 5952 
1796 1796 
2632 876 
2786 8358 
33 99 
1192 3576 
1482 1482 
1879 1879 
1461 1461 
2121 6363 
1833 610 
2704 8112 
1583 527 
458 152 
2269 755 
1732 5196 
1466 488 
1468 1468 
1915 1915 
484 1452 
845 281 
1265 1265 
1837 1837 
922 306 
335 1005 
1056 1056 
909 2727 
2769 8307 
1854 1854 
1254 417 
810 269 
2490 7470 
696 231 
1776 591 
2754 8262 
1595 531 
439 145 
1262 420 
1515 504 
226 74 
233 77 
1945 1945 
1342 1342 
2091 6273 
1630 4890 
1276 1276 
1699 565 
1327 1327 
1861 5583 
1330 1330 
1837 5511 
2154 717 
1357 1357 
179 59 
1772 1772 
1622 4866 
961 319 
2577 858 
1525 4575 
708 2124 
2517 7551 
2000 2000 
1172 1172 
1569 522 
1658 1658 
341 1023 
1054 1054 
52 156 
1668 5004 
2328 6984 
2078 6234 
1484 4452 
2521 839 
2117 6351 
876 2628 
952 316 
2392 796 
1884 1884 
1859 619 
1350 1350 
2677 891 
1824 1824 
1544 1544 
818 2454 
1311 1311 
1278 3834 
1282 1282 
1794 5382 
1423 1423 
931 309 
201 66 
744 2232 
2267 755 
1992 663 
2204 734 
167 55 
2265 6795 
319 957 
904 2712 
2608 868 
1550 1550 
2138 712 
2250 6750 
2353 7059 
1455 484 
1404 4212 
1936 1936 
280 92 
2087 695 
1388 1388 
1873 1873 
2194 6582 
2325 6975 
1240 1240 
1713 5139 
504 167 
508 168 
409 1227 
1040 1040 
1438 4314 
989 329 
1751 583 
541 179 
1846 1846 
1736 578 
1527 4581 
1544 514 
201 603 
1329 1329 
366 121 
2782 926 
314 942 
29 9 
1857 618 
1822 1822 
1196 1196 
2998 998 
2903 8709 
2080 6240 
2859 952 
1181 1181 
1535 4605 
1555 1555 
1646 1646 
2266 6798 
1300 1300 
1022 3066 
1459 1459 
567 188 
715 237 
2790 8370 
1335 1335 
2103 6309 
2158 718 
2312 770 
1147 1147 
2573 857 
2190 729 
2561 853 
1933 5799 
2739 912 
2407 7221 
802 266 
1723 1723 
2667 888 
609 1827 
1315 1315 
429 1287 
2312 6936 
2583 860 
1467 1467 
1612 4836 
2528 7584 
710 2130 
2493 7479 
1474 490 
2839 945 
1749 5247 
1637 4911 
1990 1990 
751 2253 
1660 4980 
1531 1531 
1832 1832 
640 1920 
2805 934 
1130 1130 
1121 373 
1793 597 
1259 1259 
1123 1123 
1803 1803 
1220 1220 
2873 957 
1580 1580 
695 2085 
1689 1689 
2271 756 
2630 7890 
1192 1192 
2189 6567 
1573 1573 
1049 349 
824 2472 
1214 3642 
2892 8676 
121 363 
1766 1766 
1065 1065 
2413 7239 
2575 857 
1975 1975 
1563 1563 
1091 3273 
1060 1060 
1963 5889 
1808 602 
1049 1049 
1731 576 
1793 1793 
1145 1145 
666 1998 
1017 1017 
1605 1605 
1129 375 
2780 926 
1766 5298 
1760 1760 
1475 1475 
1055 1055 
234 702 
1661 1661 
496 1488 
1033 3099 
2114 704 
1435 4305 
1710 1710 
643 213 
2585 861 
1427 1427 
1295 1295 
1243 1243 
612 203 
1050 3150 
1607 1607 
263 87 
737 245 
1159 1159 
2699 899 
1838 1838 
1127 1127 
181 59 
239 717 
606 1818 
661 1983 
1034 344 
2041 6123 
1830 1830 
2463 820 
1719 1719 
2469 822 
1084 1084 
2302 766 
2106 6318 
442 1326 
875 2625 
1510 4530 
1833 1833 
1974 1974 
1502 4506 
1402 1402 
2377 7131 
2700 8100 
761 253 
1229 1229 
869 2607 
1874 1874 
1856 1856 
250 750 
2247 6741 
1391 463 
2525 7575 
1485 1485 
451 149 
1984 1984 
1441 479 
1144 1144 
94 30 
2802 8406 
1928 642 
2878 958 
865 287 
1265 3795 
527 175 
1142 380 
1971 1971 
1025 1025 
1988 5964 
1390 1390 
86 258 
1151 3453 
1201 1201 
2638 7914 
1191 1191 
2867 955 
1224 1224 
647 1941 
1631 4893 
1481 1481 
1947 5841 
463 1389 
2384 794 
1594 530 
2300 6900 
1124 374 
191 63 
764 254 
1867 1867 
1633 1633 
2906 8718 
2787 928 
2953 8859 
807 268 
1103 1103 
2561 7683 
2017 6051 
1021 3063 
1695 1695 
2964 987 
1849 1849 
2459 819 
799 265 
2438 812 
2585 7755 
1290 1290 
621 1863 
1073 1073 
1359 1359 
2383 7149 
149 447 
1310 1310 
1521 1521 
1119 1119 
2742 913 
824 274 
1094 364 
649 215 
1462 4386 
1638 1638 
1798 1798 
2482 826 
1814 1814 
1737 1737 
2727 8181 
2330 6990 
1892 1892 
1422 1422 
716 238 
2180 6540 
1560 1560 
454 150 
550 182 
1877 625 
2004 667 
844 2532 
1560 4680 
1029 342 
1481 493 
2494 7482 
1807 1807 
1824 607 
2811 8433 
1237 1237 
2256 751 
390 1170 
1070 1070 
1938 1938 
1528 1528 
1426 1426 
1337 1337 
1284 1284 
2437 811 
2759 919 
4 12 
541 1623 
1087 3261 
1977 1977 
1016 1016 
2088 6264 
1239 3717 
2923 973 
2588 7764 
404 1212 
951 316 
1732 1732 
510 169 
2752 8256 
121 39 
2616 871 
2215 737 
1125 3375 
101 33 
880 2640 
167 501 
2704 900 
2192 730 
2375 7125 
699 232 
1672 5016 
1497 498 
1115 1115 
1210 1210 
1777 1777 
97 291 
1989 5967 
2587 7761 
1816 1816 
2555 851 
2488 828 
2320 6960 
2022 673 
1582 1582 
1259 3777 
2047 681 
1109 1109 
1460 1460 
1197 1197 
1031 1031 
1640 4920 
889 295 
1185 394 
1836 5508 
2457 7371 
2539 7617 
672 223 
1230 1230 
1205 401 
1141 1141 
256 768 
2916 8748 
99 32 
1797 5391 
1201 3603 
1150 1150 
728 2184 
1283 1283 
1117 1117 
427 141 
1034 3102 
1795 5385 
360 119 
1505 501 
1729 1729 
1578 1578 
514 1542 
1525 507 
2539 845 
2533 7599 
1161 1161 
44 132 
396 1188 
509 1527 
1917 1917 
1045 1045 
1740 1740 
1531 509 
2851 8553 
2112 6336 
284 94 
161 483 
1397 4191 
1418 1418 
1593 1593 
1456 1456 
29 87 
151 49 
428 142 
2633 877 
750 2250 
1509 4527 
2178 725 
1079 3237 
2784 927 
300 99 
2448 815 
1664 1664 
372 1116 
2139 712 
784 2352 
2881 8643 
2709 8127 
2845 947 
2346 781 
581 193 
1110 1110 
1400 1400 
1759 1759 
2171 6513 
2277 6831 
1716 1716 
441 1323 
911 303 
1835 1835 
1190 396 
1338 1338 
1600 532 
1969 1969 
930 309 
1611 1611 
734 2202 
1896 1896 
2597 7791 
1115 371 
1477 1477 
1878 1878 
574 1722 
2825 941 
322 966 
55 17 
1469 4407 
132 43 
2567 855 
2621 873 
2541 7623 
1064 1064 
1099 1099 
498 1494 
1901 1901 
2666 888 
882 293 
1907 635 
1845 1845 
2305 767 
1432 1432 
1161 3483 
1813 1813 
2279 6837 
1647 1647 
2196 731 
565 1695 
1178 1178 
296 888 
1961 1961 
1448 1448 
2975 991 
2343 780 
1279 1279 
775 2325 
2674 890 
1817 5451 
2333 6999 
1116 371 
1687 1687 
816 2448 
1514 4542 
2413 803 
2121 706 
1041 1041 
382 1146 
1300 3900 
2025 6075 
1688 1688 
2598 7794 
1578 525 
384 127 
