4000 1000
1033 3099 
2327 2327 
3502 10506 
2151 716 
419 139 
1976 5928 
2309 6927 
2510 2510 
1501 499 
1781 5343 
1984 5952 
1734 1734 
474 1422 
2333 6999 
1196 398 
1311 436 
1219 405 
739 245 
1006 3018 
2523 2523 
2880 959 
2433 2433 
1718 1718 
3025 9075 
3942 11826 
1687 561 
268 88 
3600 10800 
1590 1590 
3988 11964 
981 326 
407 135 
1736 5208 
493 1479 
1976 1976 
1996 664 
2254 6762 
2093 2093 
1529 4587 
1622 1622 
889 295 
3876 1291 
932 310 
2770 8310 
168 55 
917 305 
2816 8448 
494 1482 
3985 1327 
3912 11736 
794 264 
2374 2374 
3511 1169 
2352 2352 
1359 1359 
2275 2275 
760 2280 
2377 2377 
2063 2063 
2559 2559 
2263 2263 
1993 663 
3386 10158 
2598 2598 
331 993 
2091 6273 
3027 1008 
1721 1721 
3221 9663 
2577 2577 
1534 1534 
527 175 
3968 11904 
2456 7368 
1259 419 
3526 10578 
1347 1347 
2871 956 
3824 1274 
3916 1304 
1914 1914 
3627 10881 
2405 2405 
3344 1114 
928 308 
2450 816 
2448 2448 
3653 1217 
834 277 
1505 1505 
2037 6111 
1537 511 
1772 1772 
3504 1167 
1870 1870 
1941 1941 
1836 611 
2043 2043 
1372 456 
1277 3831 
1585 527 
2481 2481 
2637 2637 
1509 1509 
2266 6798 
3935 11805 
2192 6576 
2082 6246 
1238 3714 
1458 1458 
1628 1628 
1452 1452 
2520 839 
1783 1783 
2100 699 
2037 678 
2872 8616 
306 918 
1854 1854 
2266 2266 
210 630 
2071 2071 
1527 1527 
141 46 
641 1923 
2945 981 
3742 11226 
482 160 
3621 10863 
1517 4551 
1473 1473 
3411 1136 
50 16 
1903 633 
543 1629 
2119 2119 
2157 2157 
3170 1056 
2246 748 
822 273 
1395 4185 
1629 4887 
3411 10233 
30 90 
1539 4617 
1753 1753 
1957 651 
1815 5445 
2398 2398 
2099 6297 
3049 9147 
1465 1465 
1100 3300 
132 43 
2043 680 
887 295 
414 137 
1112 3336 
1754 5262 
1693 5079 
1456 1456 
1975 5925 
2291 6873 
766 2298 
1627 1627 
2948 982 
2617 2617 
3711 11133 
2544 847 
3966 1321 
3815 1271 
1358 1358 
3062 9186 
821 2463 
1878 1878 
354 1062 
180 59 
2740 912 
2511 2511 
1365 1365 
1170 389 
2246 6738 
3780 11340 
422 140 
1230 3690 
607 1821 
3883 1293 
516 1548 
2382 7146 
1532 4596 
3133 1043 
3491 1163 
3630 1209 
2540 846 
311 103 
2964 987 
2585 2585 
2433 810 
3831 1276 
1831 1831 
406 134 
3501 1166 
1354 1354 
831 276 
1842 613 
2427 808 
2233 743 
1520 506 
2075 2075 
2311 2311 
3031 1009 
132 396 
3016 1004 
1011 3033 
220 72 
2282 2282 
2711 8133 
3356 1118 
2341 779 
1726 1726 
2491 829 
2817 938 
1021 339 
3120 9360 
1940 1940 
2047 681 
1909 635 
1847 615 
1479 1479 
2300 2300 
1806 1806 
1567 1567 
2145 2145 
2368 2368 
1208 402 
1832 1832 
2925 8775 
2438 2438 
744 247 
2198 2198 
3239 9717 
2189 2189 
3059 1019 
1693 1693 
1379 1379 
2308 2308 
1889 5667 
1766 588 
2537 2537 
2574 2574 
1440 4320 
2244 2244 
3058 1018 
2714 904 
2202 733 
442 1326 
2661 2661 
1725 1725 
1483 4449 
3447 10341 
2634 877 
2324 774 
1774 5322 
3153 9459 
2446 814 
1819 1819 
2279 6837 
2450 7350 
3174 1057 
1765 1765 
1658 552 
1911 1911 
3139 9417 
3544 1180 
2470 7410 
3054 1017 
863 2589 
1477 1477 
3303 1100 
2498 7494 
1263 420 
3112 9336 
2413 2413 
923 307 
725 241 
1994 1994 
2211 6633 
2063 6189 
1249 415 
455 1365 
3547 1181 
1454 1454 
1383 4149 
3068 9204 
2362 2362 
2334 7002 
2452 2452 
1431 1431 
1684 560 
3707 11121 
3076 9228 
883 2649 
1164 387 
196 588 
699 232 
1250 416 
3216 9648 
1484 1484 
2143 713 
864 287 
2065 2065 
1504 1504 
2524 2524 
1636 544 
1709 1709 
3346 10038 
3319 9957 
3252 1083 
1860 5580 
344 1032 
2177 2177 
2159 2159 
1716 1716 
390 1170 
1818 1818 
3913 1303 
457 151 
2852 950 
2497 2497 
2074 690 
2427 2427 
1520 1520 
2078 2078 
2058 2058 
3554 1184 
3912 1303 
2365 7095 
3115 1037 
366 121 
1397 4191 
2699 8097 
1474 1474 
2131 709 
780 259 
1157 385 
1874 1874 
1909 1909 
2029 6087 
1739 5217 
1862 620 
2478 2478 
1604 1604 
726 241 
1531 4593 
2094 2094 
2323 2323 
3132 1043 
1518 1518 
3015 9045 
2393 2393 
1820 606 
2212 2212 
2238 6714 
1729 5187 
43 13 
120 39 
1342 1342 
3634 1210 
894 297 
2368 7104 
818 272 
324 972 
2249 2249 
3370 1122 
742 246 
1723 1723 
2219 739 
1902 633 
1153 3459 
3829 1275 
3205 9615 
1773 1773 
751 2253 
1372 1372 
3134 1044 
2467 2467 
3908 1302 
2501 2501 
2244 6732 
2247 2247 
275 825 
816 271 
1945 1945 
2011 6033 
723 240 
2151 2151 
909 2727 
1591 1591 
466 1398 
428 1284 
2861 8583 
1338 4014 
3532 10596 
1776 1776 
460 1380 
2314 2314 
1166 388 
2975 8925 
2392 7176 
2309 2309 
1972 1972 
1692 1692 
1651 1651 
2050 6150 
3202 1066 
986 328 
2986 994 
1814 1814 
1400 466 
2811 936 
3051 9153 
551 1653 
3619 10857 
510 169 
2160 6480 
2581 2581 
2397 2397 
1893 1893 
2300 766 
3156 1051 
1881 1881 
312 103 
836 278 
185 555 
1480 1480 
3201 9603 
3698 11094 
2363 7089 
2268 6804 
3933 1310 
2051 6153 
3724 1240 
2321 773 
3172 1056 
1483 493 
3766 1254 
607 201 
1677 1677 
298 98 
475 1425 
852 283 
2388 2388 
2698 898 
3125 9375 
1425 1425 
3375 10125 
3425 1141 
1898 1898 
2651 2651 
2278 2278 
1742 1742 
1352 1352 
1361 1361 
1607 1607 
3469 1155 
1665 1665 
564 187 
1930 642 
2830 942 
668 2004 
2827 8481 
1852 1852 
2339 7017 
665 221 
2257 6771 
316 104 
1385 1385 
2794 8382 
1408 1408 
1622 4866 
3409 1135 
2508 2508 
2581 859 
2298 2298 
3122 9366 
723 2169 
2427 7281 
2573 857 
1440 479 
513 170 
3595 10785 
2153 717 
1348 1348 
983 2949 
3333 1110 
3161 1053 
3521 10563 
3584 10752 
3375 1124 
269 89 
2466 7398 
2450 2450 
3692 11076 
1686 5058 
165 54 
3269 1089 
529 1587 
2657 7971 
2335 7005 
1777 1777 
1075 357 
1613 1613 
2306 6918 
2354 2354 
2304 2304 
460 152 
1460 4380 
2361 7083 
1578 525 
2571 2571 
815 271 
1435 4305 
2068 2068 
3612 1203 
2294 2294 
3792 1263 
2540 2540 
2057 2057 
2279 2279 
200 600 
1863 1863 
2494 2494 
886 294 
856 2568 
862 2586 
2320 2320 
1865 1865 
1743 1743 
1702 1702 
1409 1409 
690 229 
3352 1116 
2054 2054 
2434 2434 
2941 8823 
1717 1717 
2687 8061 
2736 911 
2472 823 
2312 2312 
3523 10569 
408 1224 
1938 1938 
1500 1500 
2551 849 
1380 459 
1141 3423 
2066 6198 
2430 2430 
1097 365 
3699 11097 
1551 1551 
507 168 
59 177 
2233 2233 
1596 1596 
1050 349 
1614 1614 
2253 2253 
1035 344 
1886 5658 
1933 1933 
3899 11697 
3633 10899 
2978 8934 
2222 2222 
1039 3117 
445 147 
1362 4086 
2025 2025 
2284 6852 
1899 1899 
2659 7977 
1701 566 
2238 2238 
1707 5121 
1022 340 
1643 547 
1710 5130 
1802 1802 
1476 1476 
1455 484 
2729 909 
3692 1230 
1474 490 
2364 2364 
1481 1481 
2232 6696 
3555 10665 
3518 10554 
1879 1879 
2117 2117 
3305 9915 
2668 888 
1945 647 
2368 788 
383 1149 
1262 3786 
2533 2533 
3033 9099 
2715 8145 
1517 1517 
322 966 
1019 339 
2188 2188 
10 30 
1159 3477 
3877 1291 
19 57 
1780 5340 
3373 10119 
2167 2167 
2234 2234 
3270 1089 
2610 869 
3629 1209 
2728 908 
2118 2118 
1672 1672 
2422 806 
1398 1398 
3490 10470 
3445 1147 
1393 463 
623 207 
1814 5442 
1467 1467 
2186 2186 
2566 2566 
1860 1860 
1765 5295 
2337 2337 
2461 2461 
198 65 
276 828 
1749 1749 
2561 2561 
649 1947 
2469 822 
3913 11739 
1890 1890 
1553 1553 
1337 445 
680 226 
1395 1395 
2032 2032 
2792 8376 
1639 545 
1572 523 
3434 10302 
1496 1496 
2488 2488 
3679 1225 
1013 3039 
2259 2259 
1546 1546 
1833 610 
1946 1946 
1858 5574 
1877 1877 
1136 378 
2015 671 
2605 2605 
3464 1154 
221 663 
1326 3978 
3861 11583 
2333 2333 
706 2118 
3586 1194 
2623 2623 
3328 9984 
1336 4008 
593 197 
1162 3486 
1826 5478 
473 157 
859 2577 
1618 1618 
2584 2584 
482 1446 
1848 1848 
1947 1947 
690 2070 
2646 2646 
462 153 
1694 564 
2651 883 
2314 770 
1645 1645 
1948 648 
568 1704 
2216 2216 
2743 8229 
2230 6690 
1963 1963 
1541 513 
2024 2024 
1760 1760 
1295 431 
2560 2560 
2669 8007 
2105 2105 
1408 4224 
1824 5472 
1482 1482 
2039 2039 
1058 3174 
1626 1626 
1012 3036 
1038 3114 
1541 1541 
160 52 
2658 2658 
2466 821 
2554 7662 
728 242 
2240 2240 
3000 999 
1443 1443 
2620 2620 
2599 2599 
2527 2527 
716 238 
2088 695 
2086 2086 
2684 894 
1770 1770 
1728 5184 
1463 487 
2237 2237 
252 756 
877 291 
1830 5490 
1461 1461 
2740 8220 
2167 6501 
2989 8967 
2709 902 
2405 7215 
2965 987 
1891 1891 
1720 5160 
1779 1779 
3193 9579 
110 36 
1001 3003 
3232 9696 
21 6 
1251 3753 
1654 550 
2564 2564 
1371 1371 
3593 1197 
1565 1565 
1585 1585 
1876 1876 
1397 1397 
2204 6612 
2823 8469 
3797 1265 
2399 799 
2371 2371 
13 3 
3681 1226 
2331 2331 
2437 2437 
2009 6027 
235 77 
721 239 
2361 2361 
792 263 
1804 5412 
1663 1663 
1375 4125 
1798 1798 
1226 3678 
2084 2084 
2550 849 
1524 1524 
1563 520 
85 255 
813 2439 
3810 11430 
2762 920 
3156 9468 
3855 1284 
3483 1160 
782 2346 
2561 853 
533 1599 
1943 647 
2554 2554 
1220 3660 
3650 1216 
1917 5751 
1198 398 
1939 1939 
3451 1149 
3012 1003 
2630 2630 
1872 1872 
519 1557 
481 1443 
98 32 
1643 4929 
1471 4413 
1650 549 
191 63 
3291 1096 
1707 1707 
2262 753 
3596 1198 
1972 5916 
3940 1312 
3661 10983 
3730 1242 
1633 1633 
3177 9531 
1756 1756 
164 492 
3987 11961 
3183 9549 
1634 544 
1374 1374 
1796 1796 
260 780 
1864 1864 
199 65 
2653 2653 
3374 10122 
1288 428 
956 2868 
2572 2572 
1641 1641 
2097 2097 
2525 7575 
1043 3129 
3075 1024 
1868 5604 
1974 1974 
1563 1563 
3774 11322 
372 123 
3366 10098 
3678 11034 
1358 4074 
1682 1682 
3479 1159 
3348 10044 
2392 2392 
1904 1904 
3930 1309 
1532 510 
2635 7905 
1761 586 
1808 5424 
872 290 
1540 4620 
1595 531 
1304 3912 
2636 2636 
1787 1787 
2365 2365 
3565 1187 
2210 2210 
581 193 
927 308 
503 1509 
3392 10176 
1506 501 
1617 1617 
2608 7824 
1303 433 
2549 2549 
1269 422 
934 2802 
2400 2400 
1889 629 
1187 395 
1675 5025 
2621 7863 
1615 1615 
3466 1154 
2731 8193 
2451 816 
2221 2221 
2867 8601 
3830 11490 
2251 749 
2449 2449 
1803 1803 
1607 4821 
3728 11184 
2920 8760 
3087 9261 
2765 8295 
2527 841 
1810 602 
1373 4119 
3556 10668 
807 2421 
265 87 
2832 943 
1540 1540 
8 24 
1349 1349 
1667 1667 
3322 1106 
1099 3297 
2613 870 
2185 2185 
1202 3606 
480 1440 
1744 1744 
1510 502 
885 2655 
1973 1973 
2303 2303 
1454 484 
1368 455 
1934 1934 
1417 1417 
1301 433 
1357 1357 
2919 8757 
1636 4908 
2203 2203 
3980 11940 
1654 1654 
1785 594 
285 855 
2265 754 
1386 4158 
3748 1248 
1511 1511 
1115 3345 
1459 485 
3342 1113 
1455 1455 
1421 4263 
3452 1150 
697 2091 
3088 9264 
1782 1782 
1582 1582 
1746 5238 
3777 11331 
2147 2147 
225 675 
1821 1821 
1609 1609 
1739 1739 
2091 696 
2344 2344 
2439 812 
2705 901 
425 141 
2521 2521 
1323 440 
1340 1340 
2739 8217 
3641 1213 
2295 2295 
1429 4287 
1975 1975 
2386 2386 
2806 934 
1331 3993 
2202 2202 
3991 1329 
2332 6996 
1917 1917 
1190 3570 
477 158 
1568 1568 
2484 827 
2021 6063 
2232 2232 
1579 525 
1952 1952 
1708 1708 
2850 949 
2184 2184 
203 609 
3847 1281 
1884 1884 
283 93 
431 1293 
2508 835 
295 97 
2217 2217 
1586 528 
1512 1512 
1132 376 
747 248 
2061 2061 
2330 6990 
2638 2638 
1805 5415 
888 2664 
2228 2228 
3099 9297 
2376 2376 
1701 1701 
179 59 
3893 11679 
3871 11613 
724 240 
3399 1132 
2505 2505 
2417 805 
1777 591 
2168 722 
2353 2353 
955 317 
1427 1427 
3518 1172 
640 1920 
1829 5487 
3098 9294 
2171 2171 
621 1863 
1133 377 
2901 966 
1606 4818 
2419 7257 
1544 514 
1894 1894 
3961 11883 
2255 6765 
345 1035 
583 1749 
3403 10209 
2492 7476 
1612 536 
124 40 
715 2145 
697 231 
2545 7635 
2590 7770 
3750 11250 
2956 8868 
1611 4833 
1322 440 
1503 4509 
3598 10794 
347 115 
2098 2098 
2242 6726 
2102 6306 
491 1473 
1135 377 
1289 429 
3321 1106 
3204 1067 
1462 4386 
2824 940 
2575 2575 
1936 644 
387 128 
2806 8418 
3997 1331 
2164 720 
2149 2149 
3414 1137 
1369 4107 
3284 9852 
1664 1664 
3320 1106 
1579 1579 
2098 698 
3142 9426 
2672 8016 
1373 1373 
2622 2622 
2296 2296 
1364 4092 
990 329 
3503 1167 
1350 1350 
1713 1713 
3018 9054 
1623 1623 
2037 2037 
1887 1887 
1992 1992 
1912 1912 
3214 1070 
575 191 
584 1752 
2589 2589 
3799 11397 
2493 2493 
1403 467 
2104 700 
937 311 
3167 1055 
1100 366 
167 55 
620 1860 
1597 4791 
1448 1448 
1791 1791 
1490 1490 
3905 1301 
2101 2101 
3983 1327 
1886 1886 
1115 371 
2638 878 
2648 2648 
450 1350 
171 513 
1394 1394 
3207 1068 
478 1434 
2874 8622 
598 198 
1061 353 
2414 7242 
2027 2027 
2111 2111 
1962 5886 
25 75 
1566 1566 
279 92 
2276 6828 
1634 1634 
3463 1153 
3504 10512 
1861 1861 
1866 5598 
3147 9441 
1125 3375 
786 2358 
100 32 
512 1536 
1899 5697 
2336 2336 
1847 1847 
3614 10842 
2301 2301 
2611 2611 
1722 1722 
2908 968 
2310 2310 
1810 1810 
1418 1418 
1095 364 
3501 10503 
712 236 
516 171 
1389 1389 
370 122 
2255 751 
2452 816 
3930 11790 
1396 1396 
1578 4734 
2019 6057 
2477 2477 
2751 916 
1216 3648 
2614 7842 
1790 1790 
692 230 
1707 568 
1506 1506 
3046 9138 
1766 1766 
1968 1968 
1049 349 
2487 2487 
2852 8556 
3877 11631 
1670 1670 
2073 2073 
2752 916 
2347 781 
2398 7194 
2524 840 
3523 1173 
3309 9927 
2553 850 
1404 1404 
1490 496 
1622 540 
1403 4209 
2479 2479 
2302 2302 
2271 2271 
1175 3525 
3771 11313 
549 1647 
1916 1916 
236 78 
1688 1688 
2273 2273 
2086 694 
2460 2460 
1924 1924 
1875 624 
2401 2401 
970 322 
2618 7854 
3959 1319 
617 205 
1593 530 
1698 5094 
1421 1421 
2372 2372 
1883 627 
907 2721 
1935 644 
1505 501 
39 12 
1560 1560 
1178 3534 
1507 501 
1918 638 
3010 9030 
2176 2176 
1127 3381 
2215 737 
2011 2011 
2028 2028 
3514 1170 
3130 1042 
2722 8166 
1000 332 
3023 9069 
1789 1789 
3044 9132 
294 882 
2179 2179 
143 429 
1903 5709 
1371 4113 
649 215 
3294 9882 
1445 4335 
2317 6951 
1844 1844 
1971 5913 
1679 5037 
2218 738 
2256 751 
2627 7881 
1851 1851 
2647 2647 
2422 2422 
1915 1915 
2525 2525 
1044 347 
3622 1206 
1211 403 
620 206 
1559 4677 
97 291 
3466 10398 
2182 2182 
3808 11424 
2200 2200 
1630 1630 
670 222 
2373 2373 
2169 722 
2337 7011 
3247 9741 
2345 2345 
1146 3438 
2379 792 
2409 2409 
1712 1712 
2119 705 
1969 1969 
1015 3045 
595 1785 
3028 9084 
3888 1295 
911 303 
1905 1905 
1554 1554 
1437 1437 
1478 1478 
69 22 
170 510 
267 801 
1635 4905 
137 45 
1631 4893 
1319 439 
1519 4557 
3569 10707 
2286 6858 
2362 7086 
3900 11700 
2207 6621 
1392 4176 
3781 11343 
1630 542 
2744 914 
2754 8262 
1267 421 
784 260 
1965 5895 
1958 652 
1041 3123 
1076 358 
3415 10245 
1821 606 
2887 8661 
2428 7284 
254 84 
2006 2006 
2486 2486 
3300 9900 
1376 458 
2212 736 
2049 6147 
424 1272 
138 414 
2482 2482 
2391 2391 
1873 623 
328 108 
2288 2288 
2706 8118 
1339 1339 
1493 1493 
3191 9573 
2226 2226 
2090 6270 
1499 499 
2766 921 
3694 1230 
3513 1170 
2061 6183 
1341 1341 
2151 6453 
2541 846 
399 132 
1966 5898 
2489 2489 
771 2313 
2026 2026 
3244 9732 
1572 1572 
3686 11058 
1599 1599 
674 224 
3401 10203 
767 255 
2211 736 
1687 1687 
1431 476 
2109 2109 
129 42 
2626 2626 
1853 1853 
360 1080 
1217 3651 
2127 2127 
2894 964 
111 36 
1542 1542 
1758 1758 
2726 8178 
2389 2389 
1954 1954 
2519 2519 
2762 8286 
1888 1888 
1556 4668 
3822 11466 
972 323 
2206 2206 
2473 2473 
1862 1862 
1413 1413 
1168 388 
107 321 
497 165 
2848 948 
2195 2195 
1759 5277 
1962 1962 
3299 9897 
2199 2199 
2020 2020 
3058 9174 
1457 4371 
1675 1675 
1463 1463 
2272 756 
3776 1258 
2677 891 
3448 10344 
2319 2319 
2079 2079 
1311 3933 
2502 833 
2099 2099 
2457 2457 
1538 1538 
3953 11859 
1982 5946 
2125 2125 
3916 11748 
1793 597 
1859 1859 
3765 11295 
2425 2425 
715 237 
159 52 
1804 1804 
1793 1793 
2339 779 
2604 2604 
3974 1324 
1735 1735 
657 1971 
3800 11400 
319 957 
2055 6165 
730 2190 
1401 1401 
2457 7371 
1428 1428 
2631 2631 
2395 2395 
2663 2663 
3384 1127 
1573 1573 
3349 10047 
1660 552 
3574 1190 
304 100 
293 879 
1699 1699 
1947 648 
1829 1829 
1736 1736 
1044 3132 
616 1848 
3842 1280 
1786 1786 
3956 11868 
1697 1697 
1539 1539 
2290 2290 
2585 7755 
1380 1380 
3381 10143 
3444 10332 
2655 7965 
2547 2547 
1089 3267 
3314 9942 
701 2103 
2541 2541 
1822 5466 
1528 508 
1559 1559 
1880 5640 
1603 1603 
1762 1762 
1983 1983 
1984 1984 
2008 2008 
1254 3762 
2243 6729 
2502 2502 
3990 1329 
2671 889 
1621 1621 
2041 2041 
1997 1997 
2415 7245 
1982 1982 
2077 691 
3269 9807 
1360 1360 
2231 2231 
1072 356 
1780 1780 
3186 1061 
2357 7071 
2008 668 
2358 2358 
2051 2051 
1439 479 
619 205 
3690 11070 
1902 1902 
38 12 
3783 1260 
2122 2122 
2610 2610 
1567 521 
3389 1129 
1965 1965 
3505 10515 
386 128 
987 328 
2712 8136 
2491 2491 
1405 1405 
1220 406 
3369 10107 
2002 2002 
1297 431 
2270 2270 
3212 1070 
1209 402 
3101 1033 
2580 2580 
1297 3891 
1043 347 
2108 6324 
3620 1206 
2618 2618 
148 444 
3344 10032 
1599 4797 
3353 1117 
1419 1419 
3885 1294 
2546 848 
3562 1186 
2471 823 
1694 1694 
1246 3738 
2055 2055 
3013 1003 
2505 834 
2142 2142 
3455 1151 
3225 1074 
2666 2666 
1608 4824 
2664 2664 
2379 2379 
3811 1269 
3215 9645 
2881 959 
1676 5028 
307 921 
3410 10230 
2350 7050 
3131 9393 
354 117 
2972 8916 
3543 10629 
3469 10407 
317 951 
162 53 
49 147 
2310 6930 
1794 597 
1839 1839 
2386 794 
1818 5454 
2355 2355 
1908 5724 
2486 7458 
2443 2443 
1458 4374 
1444 1444 
1489 4467 
3056 1018 
3681 11043 
2586 7758 
2937 978 
2349 2349 
1936 1936 
3907 1301 
705 2115 
278 92 
597 198 
1981 1981 
2431 2431 
2161 2161 
1674 1674 
314 104 
1569 4707 
2717 905 
1463 4389 
1643 1643 
1584 1584 
3697 11091 
3664 1220 
3718 11154 
2535 2535 
1498 1498 
1695 564 
2403 2403 
2113 2113 
2115 2115 
359 119 
1377 1377 
3015 1004 
2653 7959 
2616 7848 
1700 1700 
2059 6177 
1606 1606 
1470 489 
1561 1561 
1815 1815 
229 687 
2078 6234 
2088 2088 
529 175 
1170 3510 
698 2094 
3510 10530 
1384 460 
2996 998 
2471 2471 
3486 1161 
2551 2551 
997 331 
2071 689 
2311 6933 
2637 878 
853 2559 
2608 2608 
1550 1550 
2564 854 
2665 2665 
2197 2197 
2296 764 
3080 9240 
1996 1996 
3074 9222 
944 314 
1839 612 
3672 1223 
1353 450 
2800 932 
2949 8847 
1213 403 
477 1431 
2029 2029 
1586 1586 
2866 954 
781 259 
2875 957 
3363 10089 
1859 5577 
2972 990 
1521 506 
183 60 
190 570 
1748 1748 
2370 7110 
145 47 
939 2817 
2993 997 
364 1092 
1866 1866 
3861 1286 
897 2691 
1324 440 
1018 3054 
1562 1562 
1066 3198 
1918 1918 
1727 575 
1745 1745 
1792 1792 
345 114 
232 76 
1367 1367 
2563 2563 
1027 341 
946 314 
1883 1883 
3895 1297 
155 465 
1629 542 
1875 1875 
1224 407 
2148 2148 
2634 2634 
1850 5550 
1730 1730 
2062 2062 
3787 1261 
2583 2583 
2696 8088 
2483 2483 
3108 9324 
1747 1747 
1557 1557 
1723 573 
1941 646 
2054 6162 
2421 2421 
1927 641 
48 15 
1511 503 
248 82 
2264 2264 
1543 4629 
1896 631 
2229 742 
2136 711 
1390 462 
707 2121 
1510 1510 
2895 8685 
1127 375 
2267 2267 
1799 5397 
1590 529 
2170 2170 
3229 1075 
847 281 
564 1692 
2213 2213 
2960 8880 
1655 1655 
223 669 
1908 635 
1055 3165 
1414 4242 
2643 2643 
2406 2406 
2378 7134 
2993 8979 
2630 7890 
1004 334 
2343 2343 
2407 2407 
1923 1923 
954 2862 
1724 574 
1370 4110 
2209 2209 
1588 1588 
3024 9072 
2163 720 
496 1488 
1583 527 
2046 2046 
3975 11925 
2187 2187 
1499 1499 
1140 379 
2213 737 
1145 3435 
3340 10020 
1457 1457 
2346 2346 
1845 5535 
3925 1307 
552 183 
3085 9255 
2086 6258 
1849 1849 
809 269 
1136 3408 
1883 5649 
2181 726 
242 726 
2776 8328 
2575 7725 
3698 1232 
1647 1647 
2004 2004 
2328 2328 
3105 9315 
1808 602 
3986 1328 
249 747 
1893 630 
384 127 
1827 608 
2250 2250 
2162 2162 
1378 1378 
402 1206 
2734 910 
2202 6606 
2545 2545 
1288 3864 
2251 2251 
3104 1034 
2356 2356 
1611 536 
1660 1660 
1880 1880 
1507 1507 
2200 732 
2864 8592 
3361 1119 
918 305 
1176 3528 
2539 845 
435 1305 
2159 719 
1377 4131 
1642 1642 
2484 2484 
1180 392 
2904 967 
2557 7671 
1874 624 
1291 3873 
2592 2592 
1875 5625 
2650 2650 
2221 6663 
18 5 
2412 803 
2555 2555 
2356 7068 
2531 2531 
1281 3843 
1944 1944 
152 50 
996 331 
1376 1376 
3061 9183 
1941 5823 
2141 6423 
2087 2087 
1740 1740 
2506 834 
2601 2601 
3645 1214 
2522 840 
2547 848 
2190 2190 
2570 2570 
2454 2454 
2005 2005 
3278 1092 
3418 1138 
2640 2640 
1249 3747 
2520 2520 
3610 1202 
92 30 
1200 399 
1671 1671 
1356 451 
194 582 
1519 1519 
2890 8670 
1435 477 
3292 1096 
1816 1816 
1581 1581 
2261 6783 
2146 2146 
1576 1576 
2478 7434 
2103 2103 
1629 1629 
157 471 
3231 9693 
2150 6450 
1464 1464 
3801 11403 
1408 468 
2301 6903 
2495 2495 
2625 2625 
2676 891 
3771 1256 
1402 1402 
2878 8634 
3955 11865 
2477 825 
911 2733 
2254 2254 
1710 1710 
237 78 
1489 1489 
1122 3366 
2116 2116 
322 106 
2776 924 
1987 1987 
3294 1097 
1555 1555 
659 1977 
1450 4350 
3077 1025 
1345 447 
2158 2158 
3890 11670 
2549 7647 
2914 8742 
1491 496 
2863 8589 
3357 10071 
2927 8781 
3759 1252 
3858 11574 
3311 1103 
2656 2656 
1364 1364 
2645 7935 
2330 2330 
2532 2532 
1850 616 
3992 1330 
2423 2423 
524 174 
1663 553 
1471 489 
1497 1497 
1423 473 
1515 504 
1439 1439 
3255 1084 
2239 2239 
1689 1689 
2230 2230 
2435 2435 
2306 2306 
2072 2072 
3699 1232 
204 612 
1855 1855 
3520 10560 
2141 2141 
2021 2021 
2321 2321 
1620 1620 
2163 2163 
1778 1778 
2253 750 
1152 383 
2724 8172 
1088 3264 
1953 1953 
1121 373 
739 2217 
2049 2049 
1034 344 
2114 2114 
3680 1226 
2432 2432 
2576 2576 
234 702 
2325 2325 
1877 5631 
3511 10533 
1888 628 
1529 1529 
1971 1971 
2590 2590 
639 212 
1668 5004 
2952 983 
3903 11709 
1428 475 
1085 361 
2045 2045 
2351 2351 
1989 662 
3719 11157 
2274 2274 
240 720 
2272 2272 
2090 696 
701 233 
1967 1967 
2207 2207 
1340 4020 
1734 5202 
231 76 
3530 10590 
2805 934 
368 1104 
2000 6000 
2499 2499 
1841 5523 
1441 4323 
1828 5484 
2038 2038 
1853 617 
2558 852 
3461 1153 
3701 11103 
2639 7917 
2227 2227 
3543 1180 
667 2001 
1459 4377 
1907 1907 
3227 1075 
3050 1016 
3617 1205 
1635 1635 
1937 1937 
1640 546 
3463 10389 
2675 8025 
2756 8268 
825 274 
1977 1977 
3350 1116 
2205 2205 
1658 4974 
1262 420 
1761 1761 
1991 5973 
2183 727 
3423 1140 
3607 1201 
14 42 
1478 492 
429 1287 
1515 1515 
2346 7038 
423 140 
819 272 
2614 2614 
588 1764 
3159 1052 
2288 762 
1026 3078 
2517 7551 
1492 4476 
1186 3558 
3113 1037 
1955 1955 
3941 1313 
728 2184 
601 199 
2407 7221 
2194 2194 
2288 6864 
3470 10410 
518 1554 
1961 1961 
1140 3420 
1219 3657 
1783 593 
1733 5199 
2110 2110 
2498 832 
3583 10749 
3948 11844 
991 329 
2917 971 
3158 9474 
2507 7521 
1486 1486 
3218 1072 
271 89 
1374 4122 
2197 6591 
2620 872 
3177 1058 
1824 1824 
1608 1608 
1355 1355 
3533 10599 
1980 1980 
437 145 
2100 2100 
1807 1807 
486 1458 
2504 2504 
1784 1784 
2552 2552 
1653 1653 
2735 911 
1656 4968 
3982 1326 
1995 1995 
3714 1237 
1451 1451 
1637 1637 
2069 2069 
2104 2104 
953 2859 
3610 10830 
2553 2553 
2250 749 
1533 1533 
1908 1908 
1738 578 
1825 1825 
1386 1386 
807 268 
1588 528 
2280 2280 
1601 1601 
597 1791 
1797 5391 
1865 621 
3944 11832 
1856 5568 
2660 2660 
2749 8247 
3034 9102 
1959 1959 
2393 7179 
3351 10053 
1869 1869 
1503 1503 
1764 5292 
2215 2215 
2733 8199 
2146 714 
246 738 
907 301 
3854 11562 
1534 4602 
2636 7908 
3395 10185 
3851 1283 
1494 1494 
2506 7518 
1967 655 
2466 2466 
1619 539 
2711 903 
1214 404 
2985 8955 
3182 1060 
355 117 
3427 10281 
3135 9405 
2349 7047 
2348 7044 
1593 1593 
2292 2292 
3196 9588 
1574 1574 
2111 703 
1447 1447 
1031 3093 
1547 4641 
3635 1211 
3625 10875 
3154 1050 
828 2484 
2480 2480 
1449 1449 
2772 8316 
446 1338 
1589 1589 
231 693 
1926 641 
2261 2261 
3354 1117 
1433 477 
3192 1063 
1590 4770 
3329 1109 
1459 1459 
1310 3930 
1265 421 
3097 1031 
1892 5676 
1666 1666 
2453 2453 
3127 1041 
1535 511 
2686 894 
288 95 
501 166 
2751 8253 
1729 1729 
3123 1040 
373 1119 
2809 935 
2348 2348 
1636 1636 
3984 11952 
2518 2518 
3006 1001 
3568 10704 
3542 1180 
3598 1198 
3093 1030 
2490 829 
2080 2080 
3740 11220 
2152 6456 
833 2499 
352 116 
1406 4218 
1525 1525 
2771 8313 
2681 893 
357 118 
3833 11499 
2160 2160 
889 2667 
1596 4788 
2533 7599 
2054 684 
846 2538 
955 2865 
1530 1530 
898 2694 
2112 2112 
3386 1128 
2022 2022 
866 288 
2670 889 
1762 5286 
2814 8442 
3659 1219 
2168 2168 
1157 3471 
2129 2129 
468 1404 
1516 1516 
2464 2464 
1657 1657 
1184 3552 
24 7 
2082 693 
635 211 
1152 3456 
3621 1206 
3053 1017 
3630 10890 
2992 996 
1577 1577 
17 5 
1048 3144 
2658 7974 
2576 858 
2163 6489 
1274 424 
2207 735 
1991 1991 
2064 6192 
3889 1295 
384 1152 
2360 2360 
2607 2607 
2156 2156 
3631 1209 
12 36 
1535 1535 
2014 2014 
3416 1138 
3296 1098 
1390 1390 
1873 1873 
2663 7989 
42 13 
2397 798 
3152 9456 
979 325 
3368 10104 
2613 2613 
2486 828 
1491 1491 
2612 7836 
1724 1724 
1047 348 
2269 2269 
2654 7962 
3480 1159 
41 13 
2181 2181 
1341 4023 
1292 3876 
2548 848 
1988 1988 
2258 2258 
695 231 
55 165 
1679 1679 
1080 3240 
2415 2415 
959 319 
1695 1695 
754 250 
404 134 
418 138 
2332 2332 
2271 756 
1131 3393 
1513 503 
1321 439 
1369 1369 
1901 1901 
2178 2178 
1604 4812 
1711 1711 
2079 6237 
795 264 
1521 1521 
3535 10605 
1592 4776 
2308 6924 
2102 2102 
2152 2152 
980 326 
775 2325 
1278 425 
297 891 
3200 9600 
1388 1388 
3579 1192 
1998 1998 
2048 6144 
3385 1127 
2531 843 
1630 4890 
1552 4656 
1146 381 
1530 509 
2348 782 
2379 7137 
2025 6075 
2643 7929 
2441 813 
3741 1246 
1942 1942 
11 3 
2829 942 
1607 535 
3977 11931 
682 2046 
2500 2500 
3814 1270 
2454 817 
1950 1950 
1313 3939 
943 2829 
2252 750 
893 297 
1570 1570 
454 1362 
3528 10584 
2044 2044 
2291 2291 
2302 766 
1972 656 
1335 1335 
1966 654 
2396 2396 
2402 2402 
2639 2639 
1238 412 
1756 5268 
849 282 
1391 463 
735 2205 
2340 2340 
1919 1919 
2284 2284 
2150 2150 
1811 1811 
570 189 
2550 2550 
2694 8082 
2001 2001 
466 154 
1837 1837 
3690 1229 
388 128 
274 822 
2064 687 
1167 3501 
1825 5475 
1714 1714 
627 208 
1658 1658 
1638 1638 
1678 1678 
1558 4674 
1857 1857 
2209 735 
2992 8976 
3412 1136 
1813 1813 
2133 2133 
1935 1935 
618 205 
1906 1906 
573 190 
557 1671 
3304 1100 
1797 598 
1928 1928 
2281 2281 
1800 5400 
2426 808 
2893 963 
1558 1558 
2040 2040 
363 120 
108 35 
3909 11727 
1808 1808 
23 69 
3193 1063 
2130 2130 
1683 1683 
1316 3948 
2034 2034 
2385 2385 
1440 1440 
1949 1949 
1105 367 
3720 1239 
1501 1501 
3022 1006 
1294 3882 
2135 2135 
2499 832 
514 170 
1826 1826 
1986 1986 
2475 2475 
2375 2375 
1492 1492 
2324 6972 
2317 2317 
3988 1328 
2303 767 
783 2349 
2306 768 
2273 757 
919 305 
3947 1315 
1943 1943 
416 138 
1960 1960 
1803 5409 
1752 1752 
3705 1234 
3254 1084 
1670 556 
2464 7392 
1660 4980 
3546 10638 
2451 2451 
2121 2121 
1738 1738 
158 52 
870 2610 
948 2844 
3716 11148 
1985 1985 
2387 795 
2108 2108 
2616 2616 
1548 1548 
3042 9126 
1536 1536 
3629 10887 
99 32 
2971 8913 
1755 1755 
784 2352 
2150 716 
3954 1317 
306 101 
2022 6066 
2009 2009 
1167 388 
2384 794 
2342 2342 
2509 2509 
555 1665 
2416 2416 
1624 1624 
1062 3186 
2248 2248 
2628 2628 
3836 11508 
862 286 
3880 1292 
2201 2201 
2496 2496 
2265 6795 
893 2679 
2175 2175 
1624 4872 
2350 2350 
2683 893 
3203 1067 
1446 1446 
3841 11523 
1964 1964 
2359 2359 
4 12 
1257 3771 
3158 1052 
1964 654 
3474 10422 
3128 9384 
1854 5562 
154 462 
2462 2462 
1174 3522 
2220 2220 
1469 1469 
284 94 
799 2397 
2590 862 
1763 1763 
2567 2567 
2016 2016 
2137 2137 
3928 11784 
3286 9858 
3941 11823 
3646 10938 
2905 8715 
2472 7416 
22 6 
3488 10464 
3963 11889 
2175 6525 
2637 7911 
2077 2077 
407 1221 
3232 1076 
2157 6471 
2591 7773 
3875 1291 
3141 1046 
3124 1040 
2594 2594 
2132 2132 
550 182 
2542 2542 
2070 6210 
1391 1391 
1954 650 
3246 9738 
536 178 
1414 1414 
786 261 
704 234 
851 283 
1641 546 
3473 1157 
3086 9258 
2498 2498 
1825 607 
326 108 
3609 10827 
1715 1715 
438 145 
1731 5193 
1502 500 
2568 2568 
1487 1487 
1351 1351 
1161 3483 
1836 1836 
2779 925 
2624 874 
2490 2490 
1343 1343 
1939 5817 
1665 4995 
1502 1502 
2018 2018 
3764 1254 
1688 5064 
1381 1381 
974 2922 
599 1797 
2793 930 
5 15 
1637 545 
1074 3222 
737 2211 
261 783 
175 525 
3618 1205 
1989 1989 
2708 902 
3810 1269 
3865 11595 
1930 1930 
1508 1508 
1728 575 
2411 2411 
1871 1871 
1485 1485 
1791 596 
1445 1445 
2155 6465 
2223 2223 
801 266 
2431 809 
2612 2612 
3985 11955 
2074 2074 
1015 337 
881 293 
3538 10614 
3577 10731 
2399 2399 
2316 6948 
2349 782 
3553 1183 
3165 9495 
2543 2543 
230 76 
1067 3201 
2439 2439 
3310 1102 
1838 1838 
1957 1957 
70 22 
1363 1363 
2343 780 
2130 6390 
3034 1010 
1616 1616 
189 567 
3069 9207 
2548 2548 
2632 2632 
1631 1631 
2602 2602 
2076 2076 
1809 1809 
3030 1009 
1812 1812 
32 10 
2692 8076 
3685 1227 
2556 2556 
2204 2204 
861 2583 
1681 1681 
1000 3000 
1594 1594 
2220 739 
3813 11439 
2496 7488 
2165 721 
3424 10272 
1833 1833 
2841 946 
3361 10083 
1870 622 
1967 5901 
1697 5091 
2412 2412 
3440 1146 
1680 1680 
2775 8325 
772 256 
145 435 
941 313 
1725 574 
1495 1495 
1745 581 
891 2673 
1800 1800 
926 2778 
2943 8829 
2867 955 
1438 1438 
1472 1472 
362 120 
2442 2442 
2439 7317 
810 269 
1592 1592 
419 1257 
1407 1407 
2341 2341 
685 2055 
1073 357 
2085 6255 
2008 6024 
3743 1247 
1823 1823 
3091 1029 
2862 953 
1383 1383 
2157 718 
2808 8424 
2609 2609 
3949 11847 
1985 5955 
31 9 
2476 7428 
3320 9960 
3137 1045 
3978 11934 
2604 7812 
2059 685 
525 174 
1843 613 
3606 10818 
2411 7233 
840 2520 
35 11 
2351 7053 
2506 2506 
2366 2366 
882 293 
2017 2017 
1801 1801 
3972 11916 
1513 1513 
2453 817 
1368 4104 
2676 8028 
2394 2394 
2144 2144 
330 990 
2470 822 
3032 1010 
2018 6054 
325 975 
3484 10452 
2186 6558 
2912 8736 
2272 6816 
222 73 
1668 1668 
1775 1775 
2469 2469 
2040 679 
1995 5985 
914 2742 
2483 7449 
1410 1410 
3459 1152 
2834 8502 
3632 10896 
554 1662 
2468 2468 
2482 826 
1970 1970 
2583 7749 
2277 2277 
1673 1673 
2169 2169 
3012 9036 
2172 2172 
1931 1931 
1436 1436 
463 1389 
325 107 
1646 1646 
1110 3330 
2883 8649 
2539 2539 
2180 2180 
2035 2035 
1523 1523 
2500 832 
2312 770 
571 1713 
2067 2067 
1835 1835 
2588 2588 
1555 517 
3624 10872 
2234 6702 
2257 2257 
2530 7590 
1774 1774 
2949 982 
76 24 
2089 2089 
1300 3900 
1731 1731 
3056 9168 
2455 2455 
2587 2587 
3870 11610 
1979 1979 
3779 1259 
3262 1086 
1054 3162 
1656 1656 
3959 11877 
808 2424 
1612 1612 
2633 2633 
1024 340 
391 129 
100 300 
1120 3360 
1358 452 
2603 867 
3458 1152 
775 257 
2246 2246 
2538 2538 
2153 2153 
2476 824 
2124 2124 
1903 1903 
1556 1556 
3713 11139 
2983 8949 
1661 1661 
2406 801 
1830 1830 
208 68 
1927 1927 
2557 2557 
1089 362 
1117 3351 
1869 622 
3497 10491 
59 19 
857 2571 
570 1710 
1256 418 
3280 1092 
1835 5505 
1618 538 
2116 704 
2092 2092 
749 249 
1059 352 
1852 616 
3634 10902 
1091 3273 
1578 1578 
2865 954 
2091 2091 
3234 9702 
1496 4488 
427 141 
3179 9537 
2388 795 
2271 6813 
828 275 
1867 1867 
3904 11712 
854 2562 
1659 1659 
2546 2546 
401 1203 
1353 1353 
1705 1705 
1045 347 
1349 449 
1757 1757 
2047 2047 
3185 1061 
396 1188 
3882 11646 
2615 2615 
1597 1597 
1751 1751 
1234 3702 
442 146 
3918 1305 
1420 1420 
1600 1600 
521 173 
1198 3594 
1788 1788 
2612 870 
2528 842 
1394 464 
305 101 
733 243 
472 156 
3393 10179 
546 181 
661 219 
3836 1278 
2070 2070 
2591 2591 
1910 1910 
1820 5460 
2716 904 
291 873 
2252 6756 
2947 8841 
2563 853 
3253 9759 
2604 867 
2372 7116 
1488 1488 
3558 10674 
1415 1415 
203 67 
1261 3783 
3251 9753 
2820 8460 
414 1242 
2414 2414 
3865 1287 
496 164 
3767 11301 
1549 1549 
1422 1422 
1719 1719 
2173 2173 
3354 10062 
2725 907 
112 336 
2536 2536 
2539 7617 
831 2493 
579 192 
691 229 
2811 8433 
705 234 
1442 1442 
587 195 
2241 2241 
1547 1547 
1361 4083 
2645 2645 
3075 9225 
541 179 
676 224 
2243 2243 
2378 2378 
2684 8052 
2619 2619 
1423 1423 
2059 2059 
1953 5859 
435 144 
1956 1956 
1709 569 
1334 4002 
2713 8139 
2459 2459 
3081 9243 
263 87 
3 9 
2136 2136 
1625 541 
1426 1426 
2316 2316 
2218 2218 
1320 439 
2229 2229 
3605 1201 
832 276 
1434 1434 
698 232 
2458 2458 
1514 1514 
792 2376 
3282 1093 
2245 2245 
3184 9552 
2782 926 
2126 2126 
2542 846 
580 192 
2318 2318 
528 1584 
879 292 
842 2526 
1652 1652 
3390 10170 
593 1779 
1768 1768 
2256 2256 
2299 765 
2208 2208 
3317 1105 
2656 7968 
2821 8463 
505 167 
3037 9111 
1531 1531 
978 2934 
1027 3081 
339 112 
3256 9768 
2313 2313 
2107 2107 
2224 2224 
1698 1698 
1951 1951 
2052 2052 
2042 2042 
2164 2164 
1470 1470 
2792 930 
988 2964 
2440 2440 
1370 1370 
1528 1528 
1913 1913 
1863 5589 
2507 2507 
2719 8157 
1752 5256 
1235 411 
2023 6069 
3541 1179 
1528 4584 
2376 7128 
1650 1650 
3828 1275 
2030 2030 
1430 1430 
3109 1035 
1450 1450 
1337 4011 
2579 2579 
2387 2387 
3667 11001 
265 795 
2957 985 
900 299 
2174 2174 
1934 5802 
168 504 
2056 2056 
1437 478 
1710 569 
1460 1460 
2347 7041 
2286 2286 
791 263 
2802 8406 
1741 1741 
373 123 
241 79 
963 2889 
2456 2456 
858 285 
260 86 
2262 2262 
3524 10572 
2176 724 
1468 1468 
3910 11730 
3745 1247 
1195 397 
3911 11733 
114 37 
1508 4524 
334 110 
1447 4341 
3457 1151 
3446 1148 
488 162 
1205 401 
2463 2463 
2313 6939 
772 2316 
2783 8349 
441 146 
1265 3795 
1165 3495 
1107 3321 
2036 2036 
99 297 
1925 5775 
3230 9690 
2219 2219 
764 254 
2968 8904 
2280 6840 
1759 1759 
1683 5049 
245 735 
363 1089 
2530 2530 
876 291 
2912 970 
1806 601 
2007 2007 
3931 1309 
1954 5862 
1545 1545 
2390 2390 
1418 4254 
1602 1602 
2214 2214 
644 1932 
197 65 
2161 719 
2518 7554 
803 267 
2761 8283 
3499 1165 
1964 5892 
1887 628 
127 381 
2534 844 
3455 10365 
86 28 
1704 1704 
2242 2242 
1950 649 
249 82 
2493 830 
2268 2268 
2839 945 
2144 714 
731 243 
436 144 
3526 1174 
3509 10527 
1435 1435 
1609 535 
2932 976 
2961 986 
1315 437 
3594 10782 
546 1638 
3800 1266 
1008 335 
1116 371 
2853 950 
3527 10581 
365 121 
2053 2053 
2248 6744 
2622 7866 
1462 486 
2002 6006 
2134 2134 
2120 706 
1697 565 
2064 2064 
3055 1017 
1703 1703 
296 98 
3549 10647 
765 2295 
1794 1794 
1779 592 
1962 653 
2459 7377 
1676 1676 
1094 3282 
1841 1841 
3747 11241 
1931 643 
2830 8490 
2013 2013 
2522 2522 
2563 7689 
1750 1750 
623 1869 
2501 833 
3837 1278 
350 116 
1614 537 
2569 2569 
2476 2476 
2103 700 
3768 1255 
2419 2419 
72 23 
3654 10962 
2236 2236 
3583 1193 
1345 1345 
2582 2582 
2858 952 
2408 2408 
2196 2196 
1999 1999 
3008 9024 
1958 5874 
580 1740 
2441 2441 
2658 885 
19 5 
2514 2514 
1239 412 
1691 1691 
3901 1299 
3171 9513 
3779 11337 
1109 3327 
610 1830 
1834 1834 
2970 989 
535 177 
2926 974 
2193 6579 
1515 4545 
3109 9327 
2526 2526 
2492 2492 
1828 1828 
2344 7032 
2143 2143 
51 153 
2255 2255 
2953 8859 
3991 11973 
37 111 
2734 8202 
1078 358 
3421 1139 
2442 813 
1134 377 
2404 2404 
2140 2140 
1661 553 
3540 1179 
1225 407 
2128 708 
1799 1799 
3314 1104 
1698 565 
1443 480 
2933 977 
944 2832 
1286 3858 
2211 2211 
184 60 
2674 8022 
2293 2293 
1053 350 
2662 2662 
2513 2513 
2899 8697 
1191 3573 
776 2328 
1243 3729 
933 310 
2205 6615 
983 327 
3770 11310 
2138 2138 
2642 2642 
2322 6966 
1106 368 
3656 1218 
3576 1191 
2573 2573 
1406 1406 
1648 548 
3321 9963 
3221 1073 
1912 636 
2050 2050 
1667 555 
1241 413 
2315 2315 
1948 1948 
2357 2357 
2675 891 
3348 1115 
1573 523 
3371 1123 
1957 5871 
2855 951 
2225 2225 
3718 1238 
2896 8688 
1441 1441 
1375 1375 
1183 393 
1639 1639 
2659 2659 
82 26 
105 34 
2635 2635 
1817 605 
1610 1610 
2596 2596 
3602 10806 
3872 1290 
3599 10797 
2096 2096 
1475 1475 
2335 2335 
581 1743 
2530 842 
1850 1850 
3939 1312 
54 162 
2003 2003 
2669 889 
1827 1827 
1399 1399 
2512 2512 
3749 1249 
724 2172 
2485 2485 
1846 1846 
1929 1929 
1961 5883 
2083 2083 
188 62 
3188 9564 
2325 774 
1433 1433 
1543 1543 
3182 9546 
234 77 
1892 1892 
1785 1785 
1173 390 
869 2607 
743 247 
1733 1733 
3683 11049 
3400 10200 
3842 11526 
922 2766 
2131 2131 
1416 1416 
2338 778 
2370 2370 
2644 2644 
2511 7533 
3258 9774 
1255 3765 
3666 1221 
3951 1316 
2417 2417 
2641 2641 
1493 4479 
2851 949 
833 277 
2342 7026 
718 2154 
3893 1297 
1813 603 
3640 1212 
409 1227 
729 2187 
1819 605 
1504 4512 
2572 856 
1771 1771 
2597 2597 
2372 790 
1797 1797 
3728 1242 
2173 6519 
989 2967 
673 223 
1522 1522 
3081 1026 
375 1125 
1928 642 
938 2814 
2905 967 
2955 984 
2737 911 
3145 9435 
1896 1896 
2420 2420 
348 115 
1895 1895 
55 17 
3286 1094 
1805 1805 
3732 1243 
2369 2369 
2438 812 
233 699 
1030 342 
3107 9321 
2322 2322 
2289 2289 
1004 3012 
2058 6174 
102 33 
2516 2516 
1940 5820 
1920 1920 
1732 1732 
2410 2410 
22 66 
2128 2128 
1337 1337 
381 126 
3415 1137 
3613 1203 
1684 1684 
2341 7023 
1552 1552 
3724 11172 
2973 8919 
2723 907 
883 293 
1624 540 
1276 3828 
3814 11442 
2080 6240 
1932 1932 
3070 9210 
2220 6660 
467 155 
2031 2031 
3622 10866 
1338 1338 
741 2223 
2183 2183 
591 1773 
1893 5679 
1575 4725 
1392 1392 
717 238 
821 273 
2383 2383 
648 1944 
1795 1795 
1565 521 
1686 1686 
1895 631 
1605 1605 
2067 6201 
1462 1462 
1355 451 
973 323 
1919 5757 
2367 2367 
2445 2445 
1094 364 
3441 1146 
1239 3717 
1794 5382 
888 295 
1264 420 
2200 6600 
3389 10167 
1685 1685 
1858 1858 
1029 3087 
3144 9432 
3783 11349 
2363 2363 
2606 2606 
1208 3624 
3467 1155 
1583 1583 
2522 7566 
1978 1978 
1114 370 
2299 2299 
2082 2082 
2768 8304 
2107 6321 
2089 695 
2930 976 
3330 9990 
2701 899 
1163 3489 
338 112 
702 2106 
599 199 
2544 2544 
165 495 
3446 10338 
2056 6168 
675 224 
3592 10776 
75 225 
1843 1843 
1855 617 
379 125 
1413 470 
1862 5586 
244 80 
1451 483 
3655 10965 
2869 8607 
2122 6366 
928 2784 
3096 9288 
3108 1035 
2657 2657 
253 83 
1640 1640 
685 227 
2517 2517 
1990 1990 
845 281 
62 186 
3048 9144 
2528 2528 
2382 2382 
3515 10545 
2447 2447 
630 1890 
1611 1611 
1820 1820 
1662 1662 
3957 11871 
3095 1031 
3615 10845 
1200 3600 
1048 348 
1706 1706 
292 96 
447 1341 
2000 2000 
3784 11352 
3359 10077 
1840 1840 
1922 1922 
969 2907 
1211 3633 
2193 2193 
3360 10080 
2465 2465 
1595 1595 
913 303 
3041 9123 
3493 1163 
966 2898 
2012 2012 
2235 2235 
2154 2154 
1005 334 
502 1506 
1897 1897 
781 2343 
2191 2191 
1421 473 
2326 2326 
2010 2010 
1471 1471 
765 254 
3980 1326 
2276 2276 
1432 1432 
1947 5841 
2048 2048 
2429 2429 
1503 500 
2766 8298 
2139 6417 
3254 9762 
2529 2529 
1260 3780 
2307 2307 
2976 991 
1225 3675 
1942 646 
1781 1781 
519 172 
3578 10734 
177 531 
2434 7302 
2252 2252 
2436 2436 
1366 1366 
1767 1767 
545 1635 
2260 752 
905 2715 
3222 1073 
2418 2418 
1644 1644 
2015 2015 
736 244 
1921 1921 
2329 2329 
1111 3333 
3168 1055 
2286 761 
1580 1580 
2345 7035 
169 55 
3931 11793 
12 3 
2095 2095 
1993 1993 
2470 2470 
1649 1649 
3687 11061 
1602 533 
1757 585 
2347 2347 
3719 1239 
964 2892 
1487 4461 
1858 618 
2562 2562 
1958 1958 
388 1164 
3473 10419 
483 160 
2155 2155 
1571 1571 
1169 3507 
2739 912 
2230 742 
1966 1966 
2472 2472 
3740 1246 
2297 2297 
3380 10140 
2444 2444 
515 1545 
344 114 
1632 1632 
2474 2474 
1204 3612 
1431 4293 
1884 5652 
3298 1098 
3628 10884 
3372 1123 
966 321 
2381 2381 
3077 9231 
1403 1403 
1526 1526 
2424 2424 
1411 1411 
3092 1030 
2710 8130 
2061 686 
3867 1288 
2081 2081 
1824 607 
2085 2085 
146 438 
1889 1889 
3378 10134 
2593 2593 
3736 11208 
3123 9369 
927 2781 
1412 1412 
2277 6831 
2534 2534 
3608 1202 
462 1386 
2384 2384 
3591 10773 
2760 8280 
2013 6039 
1422 4266 
3660 10980 
2338 2338 
2578 2578 
1384 1384 
3433 10299 
1104 3312 
1354 450 
1873 5619 
3818 1272 
2336 778 
2285 2285 
1709 5127 
300 900 
2042 6126 
1293 430 
2515 2515 
257 771 
1845 1845 
297 98 
1619 1619 
824 2472 
39 117 
3242 9726 
1575 1575 
2260 2260 
1569 1569 
347 1041 
2603 2603 
3073 9219 
666 1998 
1253 3759 
2649 2649 
2652 2652 
1696 1696 
1817 1817 
1409 4227 
2066 2066 
684 2052 
1690 1690 
2886 8658 
1772 5316 
361 119 
2090 2090 
992 330 
827 275 
281 843 
2380 2380 
773 257 
147 441 
1362 1362 
1071 3213 
1386 461 
1347 4041 
1469 489 
1427 4281 
223 73 
1910 5730 
417 138 
2116 6348 
1390 4170 
1770 589 
1856 1856 
303 100 
2355 784 
353 117 
3330 1109 
1728 1728 
2409 7227 
1885 1885 
3145 1047 
3785 11355 
2166 721 
2305 6915 
3848 1282 
1309 435 
2032 6096 
978 325 
3819 1272 
299 897 
586 1758 
2148 6444 
1155 3465 
2023 2023 
1393 1393 
3148 9444 
2283 2283 
2282 760 
1341 446 
3408 10224 
1747 581 
358 118 
3825 11475 
1271 3813 
2586 2586 
2132 710 
3568 1188 
1047 3141 
1382 1382 
1367 4101 
1429 1429 
1598 1598 
28 84 
558 1674 
2595 2595 
2426 2426 
3305 1101 
2654 2654 
2289 762 
2334 2334 
2503 2503 
2815 937 
3048 1015 
1359 4077 
3723 1240 
3527 1175 
44 132 
2123 2123 
1409 469 
1720 1720 
1664 4992 
2823 940 
3039 1012 
2621 2621 
3817 11451 
1973 5919 
2981 8943 
3004 9012 
1959 5877 
2416 804 
1466 1466 
131 393 
1669 1669 
2413 803 
1564 1564 
1237 411 
2655 2655 
1842 1842 
1868 1868 
1002 3006 
1740 579 
3022 9066 
2166 2166 
3111 1036 
1138 378 
3176 9528 
2962 986 
3279 1092 
2307 6921 
1544 1544 
2822 940 
1795 5385 
1727 1727 
2504 7512 
3487 10461 
1746 1746 
1882 1882 
1335 4005 
3175 9525 
3327 1108 
3786 11358 
2607 7821 
1929 5787 
2340 779 
2801 933 
219 657 
646 214 
3061 1019 
3665 10995 
2950 8850 
2678 8034 
2320 772 
1662 553 
2270 6810 
1777 5331 
897 298 
2671 8013 
2565 2565 
1351 4053 
1346 1346 
1713 570 
1872 623 
1594 530 
2480 826 
2165 2165 
1626 4878 
2629 2629 
3516 1171 
3652 1216 
1368 1368 
453 1359 
1625 1625 
1970 656 
2813 8439 
1336 1336 
1764 1764 
2721 906 
458 152 
1483 1483 
212 636 
1627 541 
205 615 
830 2490 
6 18 
1537 1537 
1582 526 
533 177 
3854 1284 
1739 579 
637 211 
2409 802 
790 262 
1566 4698 
2019 2019 
850 2550 
2918 8754 
3477 1158 
1591 4773 
3695 11085 
2489 7467 
1387 1387 
2123 707 
2876 958 
36 108 
192 576 
392 1176 
2120 2120 
3387 10161 
2428 2428 
2287 2287 
2305 2305 
1587 1587 
1532 1532 
2367 7101 
1841 613 
2279 759 
2266 754 
2106 2106 
3666 10998 
3847 11541 
3222 9666 
2558 2558 
2446 2446 
2324 2324 
2339 2339 
2963 987 
286 858 
1400 1400 
3492 1163 
885 294 
1417 471 
2240 6720 
2908 8724 
785 261 
3693 11079 
1925 1925 
663 220 
1648 1648 
1948 5844 
587 1761 
639 1917 
1342 4026 
1769 1769 
2866 8598 
2770 922 
1900 1900 
2577 858 
38 114 
1184 394 
2481 826 
3307 9921 
863 287 
3790 11370 
3274 1090 
1203 3609 
3945 11835 
2898 965 
2641 879 
128 384 
295 885 
3949 1315 
1871 5613 
3540 10620 
2769 8307 
3440 10320 
1257 418 
1509 4527 
1664 554 
2418 805 
2192 2192 
3292 9876 
1002 333 
1424 1424 
1754 1754 
3402 10206 
2139 2139 
2600 2600 
1453 1453 
3060 1019 
1737 1737 
1874 5622 
823 2469 
3746 11238 
2378 792 
1843 5529 
916 2748 
2969 989 
1861 619 
1926 1926 
1356 1356 
1424 474 
1344 1344 
3999 11997 
2624 2624 
1545 4635 
2265 2265 
2813 937 
2125 6375 
212 70 
1392 463 
3418 10254 
3708 1235 
79 25 
591 196 
2033 2033 
2627 2627 
936 311 
2664 7992 
3066 9198 
1378 458 
1822 1822 
1189 395 
3796 11388 
3379 1125 
788 262 
1740 5220 
1969 5907 
2060 2060 
962 320 
2304 767 
2741 913 
3080 1026 
2295 764 
1232 3696 
3971 1323 
2354 784 
2780 926 
3335 1111 
