4000 6500
1796 1796 
2610 7830 
3160 9480 
1770 5310 
2254 6762 
2077 2077 
2784 8352 
1742 1742 
2866 954 
1367 1367 
1688 1688 
2944 8832 
2182 6546 
1806 5418 
615 1845 
1014 3042 
1414 4242 
1673 1673 
1931 5793 
1785 5355 
3494 10482 
2978 8934 
1676 1676 
1557 1557 
2388 2388 
1563 1563 
3387 10161 
3117 9351 
3876 1291 
3201 9603 
1582 1582 
3785 1261 
2230 742 
3054 9162 
1476 1476 
1851 1851 
243 80 
2424 7272 
728 2184 
1904 1904 
2619 872 
942 2826 
1912 5736 
2655 2655 
2332 2332 
3621 10863 
2210 6630 
1282 426 
3131 1043 
1912 1912 
1622 1622 
716 238 
3753 11259 
2278 2278 
3740 11220 
1967 1967 
1759 1759 
2980 992 
1804 1804 
1823 1823 
1487 1487 
2078 6234 
2955 8865 
3725 11175 
1768 1768 
2713 903 
1911 5733 
2987 995 
2931 8793 
1622 4866 
2593 7779 
3603 10809 
2392 2392 
531 1593 
3445 1147 
296 888 
882 2646 
2103 2103 
2312 770 
3218 9654 
499 165 
1545 514 
278 92 
1973 1973 
1999 665 
904 2712 
1332 3996 
438 145 
1405 1405 
2398 2398 
425 141 
3658 10974 
12 3 
2809 935 
1986 1986 
1489 495 
343 113 
681 226 
2563 853 
399 1197 
143 47 
3908 1302 
2244 747 
2985 994 
1426 474 
2201 733 
1101 3303 
727 241 
2174 724 
2513 2513 
1934 1934 
475 1425 
915 2745 
557 1671 
2013 2013 
173 57 
1931 643 
125 41 
1769 5307 
2247 748 
2542 2542 
3366 10098 
2396 798 
2088 2088 
2298 2298 
1491 1491 
2470 2470 
652 216 
3156 9468 
158 474 
1718 5154 
1063 353 
2480 826 
2994 997 
3773 1257 
1418 472 
1912 636 
1729 1729 
1330 3990 
2450 2450 
551 1653 
2046 681 
3049 1015 
2081 2081 
2517 2517 
677 2031 
1340 4020 
1568 1568 
3901 1299 
3793 11379 
557 185 
62 186 
2982 993 
3746 11238 
347 115 
1027 341 
3928 1308 
2467 7401 
2539 2539 
221 73 
1693 1693 
1559 1559 
3526 10578 
2591 7773 
2158 2158 
3465 1154 
352 1056 
239 717 
3196 9588 
2489 2489 
274 822 
2219 2219 
644 214 
2615 2615 
2525 841 
2197 2197 
3206 1068 
2325 2325 
1917 1917 
3002 9006 
3 0 
1301 3903 
2211 2211 
3066 9198 
3282 9846 
2266 2266 
1625 4875 
276 828 
3824 1274 
675 224 
3414 1137 
2251 2251 
1760 1760 
1663 1663 
3590 1196 
1600 1600 
3544 10632 
1490 496 
177 58 
1965 5895 
1865 1865 
1960 5880 
3604 10812 
483 1449 
2534 2534 
2476 7428 
128 384 
712 236 
1818 1818 
1109 369 
1234 410 
2719 905 
2440 7320 
2460 2460 
2339 2339 
1033 343 
567 188 
66 198 
2231 6693 
2550 2550 
1964 1964 
496 164 
1992 1992 
883 2649 
1027 3081 
2518 838 
1928 1928 
2128 708 
1454 484 
445 1335 
3103 9309 
2548 7644 
2938 8814 
2335 777 
838 2514 
448 1344 
1728 1728 
3128 9384 
2970 8910 
3975 11925 
907 301 
908 302 
2680 892 
1789 1789 
3281 9843 
2404 7212 
1555 1555 
3532 1176 
2220 6660 
3770 11310 
3605 1201 
1654 4962 
2178 2178 
2471 823 
2507 835 
2212 736 
680 226 
1574 524 
3579 1192 
1779 5337 
2145 6435 
1531 509 
3474 10422 
328 108 
2958 985 
3613 1203 
825 2475 
1349 4047 
2733 8199 
3125 9375 
868 2604 
1776 5328 
1951 649 
2656 884 
519 1557 
1466 1466 
897 2691 
2101 2101 
1337 4011 
2225 2225 
3094 1030 
2447 2447 
1407 1407 
2015 6045 
1828 1828 
126 378 
607 1821 
1644 547 
922 2766 
228 75 
519 172 
1994 1994 
1584 1584 
598 198 
631 209 
1434 1434 
902 2706 
1898 1898 
3684 11052 
2472 2472 
3987 1328 
2199 732 
2647 881 
1327 3981 
2483 2483 
1722 5166 
2664 2664 
3935 11805 
2818 8454 
1613 537 
2474 2474 
2040 2040 
607 201 
154 50 
2124 2124 
1643 1643 
1775 591 
839 2517 
2277 758 
2462 2462 
2549 2549 
3332 9996 
2961 8883 
2614 7842 
2053 2053 
3818 11454 
2002 2002 
2012 2012 
2814 937 
1596 4788 
2491 2491 
1727 5181 
2297 765 
3965 1321 
2353 2353 
696 231 
2183 727 
1303 3909 
35 11 
2187 6561 
1609 1609 
2316 2316 
3557 10671 
2623 2623 
1200 3600 
229 687 
2127 708 
1720 1720 
3982 1326 
1923 1923 
1513 1513 
3209 9627 
1496 1496 
1416 471 
901 2703 
881 293 
2473 823 
357 118 
805 2415 
522 1566 
2336 2336 
1834 5502 
1586 1586 
3182 1060 
2901 8703 
2331 776 
2510 836 
2155 2155 
2341 2341 
1791 1791 
3749 11247 
2767 8301 
3565 1187 
2333 777 
628 1884 
2051 6153 
2537 2537 
2373 2373 
1914 637 
1763 1763 
1867 621 
3270 9810 
888 295 
1375 1375 
3184 9552 
3204 1067 
580 1740 
1661 1661 
2107 2107 
106 34 
1791 596 
1796 5388 
1968 1968 
1457 1457 
2497 2497 
2138 6414 
2134 2134 
2247 2247 
1860 619 
2285 761 
2202 2202 
3512 1170 
386 128 
3386 1128 
3300 9900 
2436 811 
1415 4245 
2065 2065 
2349 2349 
1335 4005 
2542 846 
2274 6822 
2207 2207 
1734 5202 
2549 7647 
2493 7479 
3422 10266 
2420 2420 
2826 8478 
2416 2416 
200 66 
1058 352 
1707 1707 
3871 1289 
2618 2618 
2191 2191 
948 315 
2060 686 
2238 745 
1813 1813 
2995 997 
3248 1082 
2168 2168 
740 246 
2660 2660 
1431 4293 
2487 828 
3458 10374 
1581 4743 
1477 4431 
3161 1053 
1975 1975 
2449 815 
792 263 
2946 8838 
146 48 
3607 1201 
3291 1096 
3268 1088 
2269 2269 
1672 556 
2925 8775 
1868 5604 
197 591 
1949 1949 
711 2133 
168 504 
2099 699 
160 52 
1542 513 
1395 1395 
3431 1143 
1668 555 
3688 11064 
2744 8232 
2283 2283 
908 2724 
1662 4986 
2125 2125 
2837 8511 
1771 1771 
3940 11820 
1664 4992 
1833 1833 
3999 1332 
2717 905 
2593 2593 
2066 688 
2285 2285 
2594 2594 
2284 760 
1123 373 
3759 1252 
2116 2116 
2620 2620 
1394 1394 
1416 1416 
2114 6342 
3407 10221 
858 2574 
164 492 
2139 2139 
1063 3189 
3877 11631 
1732 576 
1323 440 
3751 1249 
1950 649 
219 72 
1876 1876 
2775 8325 
934 2802 
646 214 
102 306 
2343 2343 
1366 4098 
2184 727 
2911 8733 
74 222 
1475 1475 
145 435 
764 2292 
2434 2434 
3 9 
1726 574 
1398 1398 
723 2169 
3109 1035 
400 132 
1642 1642 
2141 2141 
1150 382 
2305 2305 
1618 1618 
1672 1672 
2070 2070 
2511 2511 
405 1215 
3843 11529 
2859 952 
597 1791 
2022 673 
1218 405 
2482 7446 
1761 1761 
3271 1089 
3331 9993 
2418 2418 
2895 8685 
2351 783 
630 1890 
302 906 
951 316 
1381 459 
3399 1132 
2842 8526 
900 2700 
1667 1667 
1978 5934 
3237 9711 
1587 528 
2109 2109 
2221 2221 
500 166 
1683 1683 
626 208 
721 239 
1717 1717 
1732 1732 
3980 11940 
989 329 
3412 1136 
1337 1337 
1926 1926 
1938 1938 
2876 8628 
2647 2647 
2282 2282 
1071 3213 
2728 908 
3954 1317 
1800 1800 
1576 1576 
2056 6168 
248 82 
3875 1291 
1334 444 
2464 7392 
1947 5841 
2595 7785 
1581 526 
3192 1063 
2255 2255 
2759 8277 
2850 8550 
530 176 
1490 1490 
3858 1285 
2595 2595 
2858 8574 
3890 11670 
3602 10806 
3031 1009 
1464 4392 
1931 1931 
3052 1016 
2635 2635 
2924 974 
473 157 
1378 1378 
2402 7206 
2599 7797 
1886 628 
3679 11037 
2849 949 
2234 6702 
1539 1539 
2638 2638 
1268 3804 
2377 791 
111 36 
2178 725 
1701 566 
3066 1021 
2567 2567 
1465 1465 
1381 1381 
2615 871 
1677 1677 
1796 598 
1627 1627 
1669 1669 
1953 1953 
1853 1853 
1580 4740 
1563 520 
632 1896 
393 130 
3887 1295 
1579 1579 
2637 2637 
2261 6783 
227 75 
3783 11349 
1740 5220 
1393 1393 
1708 568 
2502 2502 
3461 1153 
1603 1603 
2263 2263 
2510 2510 
2071 2071 
2318 2318 
2355 7065 
2276 6828 
2915 971 
406 1218 
2223 2223 
503 1509 
1479 1479 
3508 10524 
3262 9786 
284 852 
1877 1877 
2449 2449 
3432 10296 
3792 11376 
1778 1778 
1952 1952 
1875 624 
1977 1977 
2609 7827 
1658 4974 
1581 1581 
3199 1065 
3115 9345 
2646 2646 
1822 5466 
3606 10818 
803 2409 
2714 904 
1637 1637 
2093 2093 
2113 2113 
1384 1384 
3426 1141 
2640 7920 
1516 4548 
2462 820 
1362 1362 
1189 395 
1811 1811 
429 142 
1699 1699 
2503 2503 
2295 2295 
2218 738 
94 30 
3699 1232 
1173 390 
1343 1343 
3712 1236 
1598 1598 
1621 1621 
1482 1482 
1878 1878 
2879 8637 
3073 9219 
774 257 
3239 1079 
2567 7701 
1170 389 
645 214 
2627 2627 
2531 7593 
2272 2272 
1302 3906 
2289 2289 
2461 2461 
1051 349 
1747 1747 
3617 10851 
897 298 
169 507 
2294 2294 
1370 1370 
3042 1013 
2477 2477 
2656 2656 
227 681 
3804 11412 
493 163 
1913 1913 
251 753 
2931 976 
1345 1345 
1308 3924 
2308 2308 
2788 8364 
2502 7506 
2287 6861 
199 597 
3502 1166 
46 14 
1913 637 
378 125 
3344 1114 
1342 1342 
1399 1399 
2176 2176 
931 2793 
1854 617 
2151 2151 
208 624 
1271 3813 
1583 4749 
837 278 
2017 2017 
634 1902 
2585 2585 
2544 7632 
1241 413 
3849 1282 
3775 1257 
1564 520 
501 166 
2344 2344 
3939 11817 
1300 3900 
3628 10884 
1963 653 
2315 771 
2038 2038 
1697 1697 
1716 571 
929 2787 
2180 2180 
1864 1864 
1085 3255 
2480 2480 
3223 1073 
767 2301 
611 1833 
2299 2299 
3741 11223 
1022 340 
2839 945 
2792 8376 
2076 2076 
1115 3345 
253 759 
2330 2330 
2184 2184 
2787 8361 
2145 2145 
1474 1474 
3567 1188 
3398 10194 
1380 1380 
2499 2499 
1191 396 
2259 2259 
2054 2054 
1820 606 
1400 4200 
1590 1590 
3178 1058 
2666 2666 
2102 2102 
1648 1648 
2834 8502 
2111 2111 
1491 496 
1396 1396 
3348 10044 
3620 10860 
1647 1647 
1377 1377 
2372 2372 
3062 9186 
2974 8922 
2730 909 
1867 1867 
1524 1524 
3364 10092 
1148 382 
3651 1216 
2154 2154 
1521 1521 
3992 1330 
1174 390 
1543 1543 
1793 1793 
1214 3642 
2446 2446 
341 113 
1630 4890 
3285 1094 
1567 1567 
1245 3735 
140 46 
218 72 
2790 8370 
2136 2136 
2439 2439 
2313 2313 
2926 8778 
2160 6480 
3368 10104 
1924 5772 
1157 385 
1901 633 
350 1050 
1255 3765 
3231 1076 
1189 3567 
2064 6192 
1411 1411 
2088 695 
271 89 
1641 1641 
2848 948 
3675 1224 
943 2829 
2653 2653 
3399 10197 
3180 9540 
3563 10689 
2601 2601 
3160 1052 
2943 980 
2193 730 
3285 9855 
729 242 
1618 4854 
2428 2428 
1098 3294 
439 145 
1805 1805 
1698 565 
479 1437 
677 225 
970 2910 
2739 912 
2494 2494 
1421 4263 
3089 1029 
2340 779 
2604 2604 
2224 2224 
1400 466 
216 648 
12 36 
1490 4470 
3185 9555 
1846 614 
1626 1626 
1549 1549 
2905 967 
2186 6558 
1441 479 
591 196 
946 314 
2433 2433 
1358 1358 
2804 8412 
33 10 
203 609 
3899 1299 
674 224 
2160 2160 
1757 585 
3056 1018 
2289 6867 
2731 909 
1285 427 
2260 2260 
1801 599 
257 771 
1970 5910 
2238 2238 
2237 2237 
1070 3210 
2146 6438 
685 2055 
2132 2132 
884 294 
3864 1287 
1156 384 
3190 1062 
504 167 
998 332 
2517 7551 
1932 5796 
178 534 
1341 1341 
3312 9936 
70 210 
1435 477 
3049 9147 
534 177 
1873 1873 
1696 1696 
1848 1848 
3351 10053 
2303 2303 
2031 2031 
1530 1530 
1686 1686 
1890 1890 
1545 1545 
2582 2582 
3261 9783 
657 218 
1383 1383 
1370 4110 
3576 1191 
1261 419 
1417 4251 
2132 710 
1882 1882 
3370 10110 
1713 1713 
1801 1801 
1574 4722 
3111 1036 
499 1497 
2524 7572 
3680 1226 
950 2850 
1907 5721 
1415 1415 
3846 11538 
1561 4683 
1445 481 
117 351 
2279 2279 
619 1857 
107 35 
287 95 
1820 1820 
2729 909 
1573 523 
2286 761 
2980 8940 
1603 4809 
2014 670 
3900 1299 
2042 680 
802 2406 
152 456 
1352 4056 
2312 2312 
1979 659 
2465 821 
2022 2022 
1474 4422 
999 332 
3450 1149 
2570 2570 
2281 2281 
2898 8694 
1922 1922 
3616 1204 
92 30 
3289 9867 
3944 1314 
3648 1215 
976 2928 
608 202 
2628 2628 
2627 7881 
1846 1846 
1919 1919 
1927 1927 
1308 435 
1407 468 
1419 1419 
2646 7938 
169 55 
3506 10518 
1991 1991 
3873 11619 
269 89 
2293 2293 
2170 2170 
1615 1615 
1774 1774 
2830 8490 
1420 472 
1591 1591 
1103 3309 
894 2682 
867 2601 
2484 2484 
2525 2525 
3990 11970 
1826 1826 
1733 1733 
3145 1047 
2104 2104 
1408 1408 
2504 2504 
3675 11025 
3183 9549 
1816 5448 
3663 10989 
3993 1330 
1762 1762 
1775 1775 
2500 2500 
2068 2068 
1712 5136 
1961 1961 
2075 691 
2149 2149 
2094 2094 
1635 4905 
2369 7107 
81 243 
3323 1107 
1451 1451 
1477 1477 
3188 9564 
1134 3402 
3508 1168 
1389 1389 
3370 1122 
1858 618 
1860 1860 
3994 1330 
2367 2367 
2014 2014 
2001 2001 
1217 3651 
2097 2097 
1553 1553 
2092 2092 
1421 1421 
1336 1336 
3299 1099 
1126 3378 
2829 942 
2888 8664 
3624 10872 
962 320 
1194 3582 
2272 756 
2009 669 
2112 6336 
1009 335 
1188 395 
1919 639 
1340 1340 
1818 5454 
647 215 
3204 9612 
2315 2315 
2323 773 
532 176 
2062 6186 
2407 801 
1144 3432 
1371 456 
2998 8994 
1634 1634 
1290 429 
2640 879 
2427 2427 
2536 2536 
3514 10542 
2085 6255 
1198 3594 
1402 4206 
2166 2166 
3624 1207 
2199 2199 
508 168 
3998 11994 
2540 2540 
1694 1694 
1678 1678 
1946 1946 
1815 1815 
1804 5412 
2545 2545 
393 1179 
1536 1536 
1788 1788 
2892 963 
1351 4053 
1552 516 
1856 1856 
2854 8562 
2106 701 
2972 990 
1892 1892 
18 5 
1721 573 
1805 5415 
2671 8013 
1574 1574 
1302 433 
415 137 
1134 377 
1455 1455 
1369 1369 
1199 399 
3564 1187 
855 284 
2571 7713 
2413 7239 
895 2685 
2244 2244 
3350 1116 
3284 1094 
1512 1512 
1685 1685 
1630 1630 
1611 1611 
2161 2161 
522 173 
2617 2617 
1934 644 
2644 2644 
3932 11796 
2006 2006 
1435 1435 
1971 656 
1836 1836 
1646 548 
2564 7692 
565 187 
2309 2309 
165 54 
2096 2096 
1475 4425 
2919 972 
1067 3201 
1454 1454 
2376 791 
811 2433 
524 1572 
984 2952 
2271 756 
1702 566 
3827 11481 
101 33 
2828 8484 
3521 1173 
2438 812 
655 1965 
3504 1167 
2411 2411 
3631 10893 
1592 1592 
1548 1548 
1611 536 
3426 10278 
648 1944 
1549 4647 
687 228 
3002 1000 
1783 1783 
3842 1280 
3069 9207 
953 2859 
654 1962 
2311 769 
3560 1186 
1514 1514 
1866 5598 
3984 1327 
671 223 
2421 2421 
2589 2589 
1666 554 
1540 1540 
701 2103 
2085 2085 
660 1980 
3540 10620 
2264 2264 
2209 6627 
1503 1503 
2218 2218 
1296 431 
3352 1116 
580 192 
1827 608 
91 273 
1871 1871 
731 243 
3582 10746 
3644 1214 
1775 5325 
2412 2412 
2142 2142 
562 186 
2165 6495 
1921 1921 
3189 9567 
1522 1522 
1715 1715 
3451 10353 
2916 8748 
1827 1827 
2121 2121 
3735 11205 
2157 2157 
3154 9462 
2940 8820 
2908 8724 
941 2823 
1778 5334 
526 174 
2381 7143 
325 975 
2275 2275 
1889 1889 
71 23 
1724 1724 
2530 7590 
2991 996 
1718 1718 
1385 4155 
746 248 
349 115 
1925 1925 
1015 337 
1972 1972 
2614 2614 
1074 3222 
1526 1526 
1075 357 
1486 1486 
1263 3789 
1701 1701 
1243 3729 
2413 2413 
2106 2106 
1988 5964 
1025 341 
1498 1498 
1445 1445 
1985 1985 
3323 9969 
1531 1531 
3149 9447 
2860 952 
2039 2039 
1963 1963 
1606 4818 
57 18 
2403 800 
1596 531 
2348 782 
1858 1858 
3880 11640 
2042 2042 
1870 1870 
2547 7641 
1420 1420 
3995 11985 
2203 2203 
2229 6687 
2625 2625 
3681 11043 
3533 10599 
3061 1019 
1741 1741 
1391 1391 
2121 706 
2328 775 
2348 7044 
1533 1533 
89 29 
2030 6090 
3410 10230 
237 78 
2321 2321 
2711 903 
1118 3354 
3538 10614 
2165 721 
2045 2045 
1894 1894 
1681 1681 
1749 582 
3017 9051 
3157 1051 
1959 1959 
2288 6864 
1816 1816 
2394 797 
2629 2629 
3930 11790 
2515 837 
480 159 
225 74 
1275 424 
2326 6978 
582 1746 
858 285 
3497 1165 
1622 540 
1863 1863 
2064 687 
3991 1329 
318 954 
872 2616 
3916 1304 
294 882 
2651 2651 
2016 2016 
2661 886 
1615 4845 
775 2325 
1705 1705 
2190 2190 
1665 4995 
1329 442 
1881 1881 
1092 3276 
2363 2363 
1937 1937 
810 269 
3446 10338 
3726 1241 
1996 1996 
1829 1829 
1428 4284 
2074 6222 
403 133 
2807 935 
2212 2212 
2904 8712 
561 1683 
1569 522 
2605 2605 
1838 5514 
2578 7734 
1709 569 
2516 2516 
1121 373 
3760 11280 
1831 609 
1456 1456 
1911 636 
2069 2069 
807 2421 
1943 1943 
2435 2435 
1706 5118 
2263 753 
688 2064 
3003 9009 
2388 795 
681 2043 
2371 2371 
2215 2215 
1956 1956 
2052 2052 
2108 2108 
2408 2408 
2565 2565 
171 513 
2334 2334 
596 198 
2241 2241 
862 286 
3649 10947 
2035 2035 
1044 347 
2657 2657 
462 153 
2185 727 
1386 1386 
2102 700 
647 1941 
3288 9864 
1373 1373 
3960 11880 
1756 584 
1575 1575 
2448 2448 
1450 1450 
2958 8874 
2129 2129 
3841 11523 
194 64 
1734 1734 
2163 6489 
788 262 
2696 898 
2221 6663 
1376 1376 
2228 2228 
140 420 
1703 1703 
1719 1719 
1093 3279 
3718 1238 
2089 2089 
601 1803 
3477 1158 
2637 878 
1916 1916 
995 331 
1968 5904 
3698 11094 
1981 5943 
2798 8394 
3473 10419 
1430 1430 
1799 1799 
2009 2009 
3068 1022 
3754 11262 
2113 6339 
2409 2409 
2217 2217 
3422 1140 
2046 2046 
1929 642 
2380 2380 
2262 2262 
1652 550 
2874 957 
3544 1180 
3008 1002 
3355 1117 
1845 1845 
2393 2393 
504 1512 
1423 1423 
2770 922 
1547 4641 
3823 1273 
1608 535 
2011 2011 
141 423 
3210 1069 
1973 657 
2311 2311 
1771 5313 
1807 5421 
2546 2546 
2760 8280 
1532 1532 
379 1137 
1999 1999 
3005 9015 
1413 4239 
2968 8904 
1401 4203 
155 51 
3015 9045 
966 2898 
748 2244 
917 2751 
2377 2377 
1169 3507 
753 2259 
2417 2417 
3732 11196 
2169 2169 
3552 1183 
1288 3864 
2611 7833 
1916 638 
1535 4605 
2892 8676 
146 438 
1958 1958 
1255 417 
2270 2270 
2059 6177 
1914 1914 
1659 1659 
134 44 
1657 4971 
2469 2469 
3152 9456 
3530 10590 
1345 4035 
1653 1653 
794 2382 
3400 1132 
3209 1069 
2522 840 
1430 4290 
2890 8670 
1991 5973 
1787 595 
2610 2610 
2229 742 
344 114 
3780 1259 
1879 1879 
1922 5766 
1530 4590 
3991 11973 
1251 416 
3212 1070 
2273 6819 
1838 1838 
2324 2324 
3638 1212 
1427 4281 
3304 9912 
2777 8331 
1910 1910 
1007 335 
2148 2148 
1825 5475 
2758 8274 
2055 2055 
2285 6855 
3389 1129 
3801 11403 
2130 2130 
1935 1935 
1412 1412 
2068 688 
2645 2645 
853 2559 
2562 2562 
1408 468 
720 2160 
51 153 
321 106 
3662 1220 
2196 6588 
2504 7512 
3955 11865 
2351 7053 
2163 2163 
1936 1936 
1001 3003 
1886 1886 
383 1149 
2453 2453 
1420 4260 
2090 2090 
2286 2286 
2723 8169 
3622 10866 
3744 11232 
1368 4104 
1769 1769 
2003 2003 
1700 566 
3734 11202 
2161 719 
1836 5508 
2749 8247 
2975 991 
2497 7491 
2386 2386 
3704 11112 
3660 10980 
2575 857 
670 222 
1684 1684 
1944 647 
1711 1711 
2201 2201 
3040 1012 
2659 2659 
636 1908 
2876 958 
1547 1547 
1319 439 
1485 4455 
256 84 
1131 3393 
1940 646 
1902 1902 
1355 1355 
2090 6270 
2808 8424 
1727 575 
1234 3702 
1877 5631 
2405 801 
1405 4215 
3918 11754 
1763 5289 
1772 1772 
2165 2165 
1212 403 
1616 1616 
2331 2331 
2123 2123 
2405 2405 
1652 1652 
2512 2512 
1694 5082 
1240 412 
3807 11421 
2370 2370 
3024 9072 
2033 2033 
2698 898 
1059 3177 
1808 602 
3126 9378 
3311 9933 
1433 4299 
1665 1665 
2465 2465 
1154 384 
2452 2452 
2643 2643 
2125 6375 
2488 2488 
2177 2177 
1087 361 
1625 1625 
2018 2018 
3039 1012 
723 240 
2660 886 
770 256 
1952 5856 
2300 6900 
1839 612 
3683 1227 
961 2883 
1115 371 
1079 359 
617 205 
1610 1610 
3122 9366 
3104 9312 
2056 684 
2528 2528 
2138 2138 
1534 1534 
2162 2162 
2838 8514 
1344 1344 
3750 11250 
622 206 
1895 631 
2083 2083 
471 156 
2344 7032 
3903 11709 
2602 2602 
3100 1032 
2047 681 
356 1068 
2368 2368 
2557 2557 
3387 1128 
2267 2267 
2419 2419 
2174 2174 
3043 9129 
1388 4164 
48 15 
1671 556 
3656 10968 
1843 5529 
1509 4527 
1906 1906 
1868 1868 
3974 1324 
3081 9243 
2437 2437 
1803 5409 
3018 1005 
3792 1263 
2352 2352 
2678 8034 
641 213 
11 3 
3123 9369 
2144 714 
2358 7074 
1565 1565 
2827 941 
489 162 
3761 1253 
1946 5838 
2043 2043 
1552 1552 
2473 2473 
3472 10416 
3822 1273 
3543 1180 
3867 11601 
2879 959 
1602 1602 
152 50 
1438 1438 
835 277 
1273 3819 
248 744 
3449 10347 
1993 1993 
3912 1303 
1458 1458 
2239 6717 
2808 935 
2243 2243 
98 32 
3502 10506 
1899 632 
3036 9108 
2489 829 
246 81 
2910 8730 
474 157 
2538 2538 
1399 4197 
2517 838 
1541 1541 
2205 2205 
2459 2459 
2466 2466 
1832 1832 
2249 6747 
2322 2322 
1443 4329 
1515 504 
1447 481 
1930 642 
1765 1765 
2696 8088 
123 40 
1802 600 
1526 4578 
2241 6723 
2276 2276 
496 1488 
1417 1417 
1821 1821 
2159 719 
2641 2641 
2164 2164 
2512 836 
2529 2529 
3046 9138 
1527 1527 
148 48 
2490 2490 
736 2208 
1633 1633 
3942 1313 
2713 8139 
2092 6276 
3101 9303 
2350 2350 
364 1092 
479 159 
2318 772 
1687 561 
2143 2143 
3135 1044 
1573 1573 
2300 766 
3226 1074 
1502 500 
1995 5985 
1428 1428 
1561 519 
1056 3168 
1777 5331 
2370 789 
1424 1424 
2725 907 
2355 2355 
3579 10737 
465 1395 
1905 634 
1543 4629 
2966 988 
1350 1350 
2983 993 
2023 2023 
1594 1594 
1867 5601 
1820 5460 
2961 986 
3651 10953 
1911 1911 
913 303 
2048 2048 
1387 1387 
1425 1425 
1410 1410 
179 537 
2841 946 
3238 1078 
2933 977 
1032 3096 
2338 778 
2210 2210 
2356 2356 
45 135 
1723 1723 
249 747 
2171 2171 
1874 1874 
1571 1571 
1458 4374 
2552 2552 
2528 7584 
1566 1566 
2743 8229 
2284 2284 
1448 1448 
2383 793 
3338 1112 
2391 2391 
2872 956 
757 2271 
1753 5259 
2986 994 
3684 1227 
3570 1189 
2082 2082 
2062 2062 
2709 8127 
2306 768 
2566 854 
785 2355 
2122 2122 
1315 3945 
3653 1217 
1414 1414 
2744 914 
1299 3897 
329 987 
2308 768 
2404 2404 
2557 7671 
2374 2374 
1660 1660 
2032 2032 
2475 824 
2670 889 
223 73 
3071 1023 
1831 1831 
505 167 
3483 10449 
252 83 
1510 1510 
3895 1297 
937 311 
1766 1766 
2437 7311 
524 174 
1980 1980 
2917 971 
1932 1932 
986 2958 
1847 1847 
2280 2280 
2873 957 
3146 9438 
1600 532 
2681 8043 
1211 403 
340 1020 
1624 1624 
3038 9114 
3710 11130 
1432 476 
1363 4089 
2621 873 
412 1236 
2432 2432 
2039 6117 
2548 848 
1862 1862 
2577 2577 
2302 2302 
1495 1495 
2286 6858 
190 62 
1069 3207 
413 137 
2125 707 
1920 639 
2120 706 
1730 1730 
896 298 
1929 1929 
2091 6273 
2535 2535 
279 92 
1583 1583 
2430 809 
1044 3132 
2441 2441 
1751 1751 
599 199 
1779 1779 
1505 501 
3614 10842 
2317 2317 
2080 6240 
2047 2047 
1113 370 
815 2445 
1667 555 
2249 2249 
2806 934 
1564 1564 
1619 1619 
122 366 
2498 2498 
2254 2254 
2927 975 
1810 1810 
2523 2523 
1560 1560 
638 1914 
2508 835 
2621 2621 
3845 1281 
814 270 
952 2856 
3562 1186 
3677 11031 
370 1110 
2403 2403 
1709 1709 
3785 11355 
2944 980 
2573 2573 
2952 983 
982 2946 
2477 7431 
2559 2559 
1875 1875 
2117 705 
2481 826 
2291 2291 
2177 6531 
2261 2261 
1822 1822 
3961 11883 
2048 682 
316 104 
895 297 
1366 1366 
429 1287 
3099 9297 
2652 883 
1755 5265 
2224 6672 
585 1755 
2050 2050 
3925 1307 
301 99 
679 225 
682 226 
772 2316 
3480 1159 
3742 1246 
3424 10272 
1233 3699 
1357 1357 
2540 846 
2712 903 
1695 1695 
2626 7878 
2133 2133 
2273 757 
3367 10101 
3880 1292 
1000 3000 
1446 4338 
1748 1748 
3471 10413 
768 255 
1542 1542 
3755 1251 
1866 1866 
1762 586 
3703 1233 
2142 713 
2407 2407 
2586 2586 
394 1182 
1741 579 
1724 5172 
2855 8565 
2912 970 
3119 1039 
740 2220 
1973 5919 
3766 11298 
1140 379 
2067 2067 
2829 8487 
1883 627 
451 1353 
590 1770 
1795 5385 
602 1806 
3874 1290 
1944 1944 
98 294 
620 206 
182 60 
516 171 
1743 1743 
1739 1739 
3425 1141 
2661 2661 
2440 2440 
1966 1966 
3707 11121 
238 78 
1639 1639 
3595 1197 
2690 8070 
250 82 
2099 6297 
2507 7521 
1388 1388 
761 2283 
2586 861 
362 120 
2359 2359 
2743 913 
398 1194 
1996 5988 
2063 2063 
226 74 
379 125 
1983 1983 
3232 9696 
355 117 
2030 2030 
1491 4473 
1767 1767 
2240 2240 
2150 716 
1431 1431 
1397 1397 
2185 6555 
3815 11445 
686 2058 
3404 1134 
2430 2430 
1463 487 
3027 1008 
2128 2128 
3981 1326 
1620 539 
3783 1260 
436 144 
435 1305 
1287 428 
3581 1193 
2189 6567 
1817 1817 
1591 4773 
1448 4344 
2209 2209 
2860 8580 
482 160 
3808 11424 
1650 4950 
2075 2075 
1835 1835 
507 168 
1002 333 
1897 1897 
1439 1439 
1275 3825 
3294 9882 
3621 1206 
2604 867 
3561 10683 
1847 615 
726 2178 
1297 431 
2265 6795 
2788 928 
2167 6501 
1857 5571 
1494 1494 
3568 10704 
1485 1485 
786 261 
2360 2360 
2031 676 
1798 1798 
957 318 
2543 2543 
3745 1247 
1658 1658 
2147 2147 
1092 363 
1327 441 
1534 4602 
1511 4533 
2455 7365 
2758 918 
3137 9411 
3937 1311 
3958 1318 
3476 10428 
3975 1324 
1163 3489 
1316 438 
1788 595 
3481 1159 
1506 1506 
3929 11787 
1382 1382 
3490 10470 
1047 3141 
2333 2333 
1335 1335 
2135 6405 
1214 404 
434 144 
2274 2274 
1406 1406 
2366 2366 
3263 1087 
1902 633 
2347 2347 
2179 2179 
3341 1113 
1398 4194 
2381 2381 
2634 877 
388 1164 
3325 9975 
2741 913 
1390 1390 
2362 2362 
1956 651 
1149 3447 
2205 734 
2275 6825 
2882 8646 
2422 2422 
1351 1351 
751 2253 
1593 4779 
3722 1240 
2027 2027 
2257 2257 
642 213 
583 193 
1708 1708 
1520 1520 
1900 632 
555 1665 
2963 987 
2025 6075 
2513 837 
1569 1569 
2255 6765 
1751 5253 
1731 5193 
1970 1970 
69 207 
2406 7218 
3859 1285 
738 2214 
2457 2457 
1441 1441 
1937 645 
2010 2010 
606 201 
3272 1090 
1592 530 
2394 2394 
1793 5379 
402 133 
3469 1155 
1807 1807 
2126 2126 
2284 6852 
3190 9570 
2446 7338 
2607 2607 
1942 1942 
2383 2383 
2625 874 
392 1176 
3976 1324 
3269 1089 
3907 1301 
3870 1289 
1905 5715 
2040 6120 
1990 662 
1545 4635 
3223 9669 
2774 924 
1372 1372 
2576 2576 
1346 1346 
1438 478 
3082 1026 
1722 573 
1785 1785 
2135 711 
2034 677 
1429 1429 
1577 4731 
3882 1293 
1682 1682 
2204 6612 
3227 1075 
1578 525 
1896 1896 
1422 4266 
3335 1111 
212 70 
2110 2110 
3179 1059 
2351 2351 
2592 2592 
899 299 
1942 5826 
2596 2596 
2397 2397 
2105 2105 
301 903 
2216 6648 
1842 1842 
2307 2307 
1619 539 
3676 1224 
2287 2287 
1784 5352 
1556 1556 
2022 6066 
466 1398 
426 1278 
1431 476 
489 1467 
2050 6150 
1843 1843 
1290 3870 
2248 2248 
2187 2187 
2707 8121 
2501 2501 
173 519 
3664 1220 
72 23 
276 91 
2729 8187 
2156 2156 
1626 4878 
388 128 
105 34 
2649 882 
859 285 
1546 1546 
2093 6279 
2008 6024 
3214 9642 
318 105 
1865 621 
3292 9876 
804 2412 
3057 1018 
718 238 
1484 1484 
1349 1349 
1939 1939 
977 325 
3524 10572 
1782 1782 
2041 2041 
2478 2478 
3963 1320 
1895 1895 
1687 1687 
2140 2140 
840 279 
2541 846 
1628 1628 
3025 1007 
2817 938 
2347 7041 
1454 4362 
1154 3462 
2600 2600 
3402 10206 
495 164 
1478 4434 
204 67 
2579 2579 
2519 2519 
1481 493 
1538 1538 
1750 1750 
2717 8151 
3559 1185 
2650 2650 
2382 7146 
2460 819 
1915 5745 
104 34 
2458 2458 
1978 1978 
2563 7689 
2581 2581 
3255 1084 
2443 7329 
2458 7374 
2435 811 
3090 9270 
3111 9333 
3055 9165 
2526 2526 
3031 9093 
2062 686 
1918 1918 
326 108 
1704 1704 
270 89 
211 633 
2300 2300 
873 290 
8 24 
1248 3744 
2390 7170 
2232 2232 
368 122 
820 2460 
2940 979 
2378 2378 
3896 11688 
3953 1317 
1752 5256 
1395 4185 
1757 1757 
1192 396 
652 1956 
1607 535 
1617 1617 
2387 2387 
2036 2036 
1529 4587 
679 2037 
2369 2369 
730 242 
1904 5712 
2628 7884 
1359 1359 
1731 1731 
1006 3018 
1986 661 
2296 6888 
390 129 
1437 1437 
1908 5724 
1457 485 
3641 10923 
2248 748 
2358 2358 
798 265 
1940 1940 
2051 2051 
2695 8085 
2514 2514 
2117 6351 
34 102 
2291 763 
3379 10137 
258 85 
1525 1525 
1272 423 
3123 1040 
3626 1208 
233 77 
123 369 
3305 1101 
1402 1402 
483 160 
733 2199 
1078 3234 
3174 9522 
3419 1139 
2606 7818 
936 2808 
1593 1593 
3327 9981 
1236 3708 
3107 9321 
2686 894 
2304 2304 
2226 2226 
1404 4212 
2415 2415 
1745 1745 
124 40 
1883 1883 
283 849 
2992 996 
2415 7245 
1505 1505 
2495 2495 
2746 914 
1550 1550 
2086 2086 
3470 1156 
1409 4227 
745 247 
2265 2265 
1077 3231 
1777 1777 
928 308 
296 98 
2578 2578 
1205 3615 
1599 4797 
1803 1803 
3351 1116 
1909 1909 
2133 6399 
1452 1452 
594 197 
305 915 
2365 787 
2650 882 
2195 6585 
703 2109 
880 2640 
2809 8427 
1322 3966 
2020 2020 
2107 6321 
2401 799 
545 1635 
2118 2118 
2856 8568 
3491 10473 
1483 4449 
2227 2227 
1923 5769 
1638 1638 
1729 5187 
1754 1754 
3448 1148 
1252 3756 
1597 1597 
1514 504 
1950 1950 
2233 2233 
1467 1467 
3814 1270 
2337 2337 
2893 963 
2361 2361 
2120 2120 
1607 1607 
667 221 
2246 2246 
2544 2544 
2288 2288 
215 645 
3668 11004 
2292 2292 
2556 2556 
3431 10293 
2019 672 
2395 7185 
729 2187 
3960 1319 
3625 10875 
1426 1426 
1262 420 
3241 1079 
1242 3726 
1619 4857 
3822 11466 
1492 1492 
2354 2354 
2369 789 
2843 8529 
1812 1812 
1497 4491 
1628 542 
1589 1589 
3481 10443 
2531 2531 
2569 2569 
2587 2587 
1693 563 
1440 4320 
1357 4071 
2342 780 
1502 1502 
3715 11145 
1633 4899 
1823 607 
1683 560 
1885 1885 
1809 1809 
2852 950 
3529 10587 
2028 2028 
2580 2580 
2157 6471 
2484 7452 
2631 2631 
1112 370 
3852 11556 
867 288 
143 429 
3567 10701 
954 2862 
1554 1554 
1995 664 
2457 7371 
3521 10563 
1918 638 
3266 9798 
1176 3528 
1386 461 
381 1143 
1829 5487 
2421 806 
1977 658 
1578 1578 
2029 2029 
375 1125 
2474 7422 
3260 9780 
1685 561 
1021 339 
2389 2389 
61 19 
1570 1570 
1379 1379 
136 408 
1463 1463 
2327 6981 
1493 1493 
260 86 
1008 335 
1464 1464 
2456 2456 
2558 852 
1656 551 
2083 693 
960 319 
208 68 
2222 2222 
1513 503 
1500 1500 
820 272 
2425 7275 
1352 450 
2948 982 
1898 5694 
3981 11943 
1690 1690 
1401 1401 
1478 1478 
811 269 
1535 1535 
1459 1459 
339 112 
1374 1374 
2382 2382 
814 2442 
3034 9102 
2830 942 
1824 1824 
3113 1037 
2115 2115 
2622 2622 
2070 689 
2151 716 
2604 7812 
3812 11436 
1664 1664 
1034 344 
1167 388 
930 309 
2506 2506 
2554 2554 
1588 1588 
2603 2603 
759 2277 
3327 1108 
1452 483 
1988 1988 
300 900 
3446 1148 
1529 1529 
2701 8103 
2442 813 
2734 910 
49 147 
3478 1158 
1976 1976 
2384 2384 
2724 907 
1922 640 
1544 1544 
1904 634 
3789 11367 
629 209 
1469 4407 
1649 1649 
2485 2485 
3528 1175 
1861 619 
623 207 
2173 723 
865 287 
1473 1473 
3417 1138 
2234 2234 
1689 1689 
187 61 
1710 1710 
1601 1601 
1305 434 
1516 1516 
3633 10899 
3489 10467 
2229 2229 
3939 1312 
1667 5001 
2008 2008 
1691 1691 
1356 1356 
2015 2015 
1179 3537 
181 59 
3871 11613 
2188 6564 
2252 750 
2838 945 
1768 5304 
1468 1468 
885 2655 
3293 1097 
2189 2189 
448 148 
1749 1749 
2720 8160 
981 2943 
1729 575 
2005 2005 
1642 4926 
2485 827 
359 1077 
1878 5634 
2685 894 
1990 1990 
1569 4707 
141 46 
863 2589 
2239 2239 
1639 545 
1447 1447 
2584 2584 
3674 1224 
1704 567 
2019 2019 
2967 8901 
2000 2000 
1587 1587 
1790 1790 
1004 334 
43 13 
2325 6975 
503 167 
3641 1213 
1872 1872 
1535 511 
1623 540 
417 138 
2789 8367 
1635 1635 
1675 1675 
2037 678 
2370 7110 
2854 950 
2348 2348 
274 90 
2897 8691 
3120 9360 
2708 902 
2467 821 
1738 1738 
819 2457 
308 102 
1627 541 
2636 2636 
692 230 
2779 8337 
1997 1997 
2167 2167 
3333 1110 
3194 9582 
2532 2532 
370 122 
880 292 
1620 1620 
1196 3588 
1636 1636 
2261 753 
3357 1118 
1830 1830 
3931 1309 
1629 4887 
2310 769 
2817 8451 
1338 1338 
2988 995 
3666 10998 
2168 722 
2533 7599 
2260 6780 
2530 2530 
3377 10131 
2030 676 
1840 1840 
85 27 
2418 7254 
2329 2329 
3362 10086 
2410 7230 
260 780 
1735 1735 
2541 2541 
2396 2396 
2419 805 
1345 447 
298 894 
2893 8679 
1956 5868 
2220 2220 
2025 2025 
1446 1446 
3723 1240 
1507 1507 
724 240 
3275 9825 
1738 578 
2935 8805 
2801 8403 
3965 11895 
1802 5406 
650 1950 
1920 1920 
2767 921 
2555 2555 
1855 1855 
1324 440 
373 123 
1989 1989 
3240 1079 
444 147 
2216 2216 
1806 1806 
149 49 
2481 2481 
2993 997 
246 738 
564 187 
1965 1965 
633 1899 
2326 2326 
1497 1497 
917 305 
1797 598 
3261 1086 
2236 2236 
201 603 
42 13 
1488 1488 
750 2250 
1480 1480 
3480 10440 
2004 2004 
3742 11226 
3404 10212 
1595 1595 
2835 944 
1987 1987 
3738 1245 
866 2598 
3437 10311 
3349 10047 
2560 2560 
2392 796 
968 2904 
3708 11124 
3027 9081 
2669 8007 
796 264 
787 261 
1744 1744 
1945 1945 
3952 11856 
864 287 
1666 1666 
2564 2564 
3074 9222 
209 69 
2225 6675 
1845 5535 
1695 564 
776 258 
456 1368 
3637 10911 
2044 2044 
2037 2037 
1671 1671 
2290 2290 
3835 1277 
593 1779 
1983 660 
3101 1033 
1742 580 
848 2544 
3811 11433 
3564 10692 
287 861 
3796 1264 
2016 6048 
720 239 
2587 861 
1764 587 
3238 9714 
3407 1135 
708 235 
358 1074 
1452 4356 
1554 517 
1387 4161 
3126 1041 
2280 759 
3860 11580 
1276 3828 
2445 2445 
2902 8706 
1585 1585 
300 99 
384 1152 
2231 2231 
2464 820 
1721 1721 
186 558 
3036 1011 
2392 7176 
57 171 
3320 1106 
2012 670 
3921 1306 
538 1614 
3936 11808 
2078 2078 
3270 1089 
2721 906 
2060 2060 
1336 444 
2748 8244 
2159 2159 
1058 3174 
63 189 
136 44 
2636 7908 
1016 338 
3988 11964 
277 831 
3889 1295 
2250 2250 
186 61 
1787 1787 
1074 357 
1960 1960 
2464 2464 
2357 2357 
2310 2310 
2194 2194 
2119 2119 
2296 2296 
3063 9189 
2597 2597 
2662 2662 
714 2142 
3654 10962 
1221 406 
1998 1998 
747 248 
1035 344 
1702 1702 
1361 1361 
3308 1102 
3716 1238 
747 2241 
2639 2639 
932 2796 
1828 608 
1515 1515 
1612 536 
2001 666 
3106 9318 
3372 10116 
2397 7191 
1792 1792 
1425 474 
2058 2058 
3309 9927 
2588 2588 
2599 2599 
1884 1884 
1692 1692 
1797 5391 
1654 1654 
3757 11271 
1392 1392 
70 22 
2087 2087 
1706 1706 
2015 671 
1650 1650 
261 86 
1195 397 
2942 980 
47 15 
2277 2277 
333 999 
1455 4365 
2153 2153 
1562 1562 
1795 1795 
1974 1974 
2116 6348 
1900 1900 
3020 9060 
1132 376 
1861 1861 
2098 2098 
3430 1142 
742 246 
2297 2297 
86 28 
1354 1354 
471 1413 
3732 1243 
3898 11694 
823 2469 
921 306 
2406 2406 
2573 7719 
2553 2553 
2609 2609 
306 918 
936 311 
520 172 
2571 2571 
2320 6960 
1971 5913 
1857 1857 
856 284 
2527 2527 
2317 771 
2520 2520 
1015 3045 
21 6 
1806 601 
2052 683 
1422 1422 
2455 817 
1837 1837 
147 48 
2634 2634 
2024 674 
2845 8535 
1047 348 
2703 900 
3316 1104 
1401 466 
466 154 
2548 2548 
1577 1577 
391 129 
573 190 
690 2070 
2885 8655 
2253 2253 
983 2949 
1427 475 
2338 2338 
3539 10617 
1518 1518 
1311 3933 
1995 1995 
3474 1157 
3690 11070 
3824 11472 
1819 1819 
3914 11742 
1423 4269 
1352 1352 
2922 973 
221 663 
1808 1808 
591 1773 
2242 746 
3573 10719 
3394 10182 
2156 6468 
1723 573 
1844 1844 
1372 4116 
395 1185 
2476 2476 
1517 4551 
699 2097 
2080 2080 
1776 1776 
2186 2186 
1817 605 
501 1503 
2663 887 
1758 1758 
2173 2173 
1528 1528 
893 297 
956 318 
2192 2192 
3356 10068 
2957 8871 
2606 2606 
3696 1231 
1901 1901 
1643 4929 
1726 1726 
2364 2364 
2195 2195 
3819 1272 
2574 2574 
2894 964 
1819 5457 
3977 11931 
2739 8217 
1749 5247 
3671 11013 
1005 334 
37 111 
3001 999 
31 93 
2579 7737 
2385 2385 
3595 10785 
3712 11136 
3342 1113 
99 297 
1631 1631 
3303 9909 
2213 2213 
2089 6267 
1794 1794 
2551 2551 
998 2994 
2021 2021 
882 293 
2183 2183 
3813 1270 
1740 1740 
1090 3270 
2614 870 
1848 615 
105 315 
2825 941 
2215 6645 
2408 802 
1421 473 
2175 2175 
2235 6705 
3970 1322 
1753 1753 
2493 2493 
2607 868 
2811 8433 
1412 470 
1947 1947 
2663 2663 
2537 845 
2402 2402 
13 39 
3833 1277 
2074 2074 
1184 394 
247 741 
2188 2188 
1097 3291 
3912 11736 
844 280 
2761 919 
533 1599 
3668 1222 
2611 2611 
351 1053 
2989 8967 
3883 11649 
3865 11595 
2522 2522 
3599 10797 
3138 1045 
589 195 
1821 5463 
3972 11916 
1941 1941 
3711 11133 
2340 2340 
1409 1409 
2236 6708 
693 2079 
1440 1440 
890 296 
129 42 
3817 11451 
2153 6459 
671 2013 
1171 3513 
758 2274 
2376 2376 
1644 1644 
2302 766 
1280 3840 
1241 3723 
2007 2007 
3657 10971 
356 118 
2949 982 
311 933 
1954 1954 
3542 10626 
1388 462 
1724 574 
2273 2273 
2245 2245 
1364 1364 
3948 11844 
2056 2056 
987 2961 
3546 10638 
2084 2084 
2962 986 
2492 7476 
743 247 
3807 1268 
1859 1859 
3318 9954 
3144 9432 
3382 10146 
1095 364 
2365 2365 
3473 1157 
1608 1608 
2653 7959 
1559 4677 
3615 1204 
2047 6141 
3950 1316 
144 47 
2026 2026 
3257 1085 
1442 1442 
920 306 
971 323 
1630 542 
2965 987 
1839 1839 
3546 1181 
3506 1168 
1151 383 
1657 1657 
1632 1632 
2059 2059 
3485 10455 
1265 421 
1470 1470 
1780 1780 
1606 1606 
1353 1353 
80 240 
1903 1903 
1614 1614 
2072 2072 
1010 3030 
2230 2230 
3304 1100 
715 2145 
1505 4515 
172 56 
932 310 
1439 479 
3046 1014 
1518 505 
2258 752 
1648 548 
1561 1561 
1933 1933 
2335 2335 
2242 2242 
1980 659 
2619 2619 
3910 11730 
1313 3939 
1668 1668 
3385 10155 
282 93 
1680 5040 
2314 2314 
1572 1572 
2166 6498 
807 268 
268 88 
126 41 
2033 677 
3112 1036 
2491 7473 
2194 6582 
2032 676 
3405 10215 
1338 445 
3322 9966 
859 2577 
2366 7098 
1100 366 
1656 1656 
427 141 
2120 6360 
3276 1091 
2065 687 
3863 1287 
2598 2598 
2288 762 
3636 10908 
2665 2665 
3310 1102 
1782 5346 
628 208 
1651 1651 
541 1623 
2152 2152 
3555 1184 
3513 10539 
1567 521 
2114 2114 
1580 526 
1679 1679 
1564 4692 
1880 1880 
3510 10530 
2467 2467 
1293 3879 
3132 9396 
2200 2200 
1752 1752 
1371 1371 
2683 8049 
1453 1453 
2568 2568 
2112 2112 
84 27 
2256 2256 
2379 2379 
1627 4881 
2409 802 
3357 10071 
2583 860 
2556 851 
225 675 
73 23 
1032 343 
1679 5037 
49 15 
361 119 
95 285 
978 2934 
2217 738 
1670 1670 
1444 1444 
1710 5130 
3601 10803 
1924 1924 
3134 9402 
3143 9429 
2451 7353 
2648 2648 
1744 5232 
1803 600 
1289 429 
1370 456 
375 124 
550 182 
1374 457 
3729 11187 
2455 2455 
2331 6993 
3968 11904 
1019 3057 
1319 3957 
683 227 
114 342 
3035 1011 
2521 839 
764 254 
1826 5478 
2994 8982 
755 251 
1066 354 
1825 1825 
3890 1296 
3199 9597 
1814 1814 
2632 2632 
249 82 
1209 3627 
2442 7326 
1162 386 
1332 443 
1551 1551 
2144 2144 
1174 3522 
272 90 
2626 2626 
2346 7038 
1841 5523 
1417 471 
1784 1784 
2438 2438 
1376 4128 
1908 1908 
1306 3918 
1096 364 
987 328 
3269 9807 
1736 1736 
2518 2518 
2640 2640 
2624 2624 
3153 1050 
3670 1222 
2665 887 
2482 826 
2339 779 
3185 1061 
335 111 
1347 1347 
1017 3051 
1822 606 
289 867 
2107 701 
2581 859 
166 54 
3577 1191 
2872 8616 
2590 2590 
1951 1951 
3434 10302 
1024 340 
783 260 
2492 2492 
523 1569 
3437 1145 
1380 459 
3395 10185 
2433 810 
1940 5820 
1484 494 
3391 10173 
1969 1969 
2601 7803 
3059 9177 
3453 10359 
163 489 
2649 2649 
2181 2181 
3155 1051 
1605 1605 
1957 1957 
2423 2423 
3563 1187 
491 1473 
1427 1427 
2334 777 
1218 3654 
192 63 
1979 1979 
2463 2463 
2066 2066 
791 263 
2937 978 
1570 522 
3682 1226 
1678 558 
1379 459 
1600 4800 
614 1842 
2390 2390 
3416 10248 
1680 1680 
616 1848 
3239 9717 
3656 1218 
25 7 
2486 2486 
903 2709 
2376 7128 
2204 2204 
2722 8166 
1746 1746 
2057 2057 
1523 1523 
266 798 
2280 6840 
614 204 
2150 2150 
3245 1081 
2095 2095 
1691 5073 
3226 9678 
386 1158 
3442 1146 
1526 508 
2303 767 
3690 1229 
1469 1469 
2485 7455 
3825 1274 
1992 663 
1481 1481 
1278 3834 
2547 2547 
3080 9240 
2319 2319 
1968 655 
1000 332 
1413 1413 
2064 2064 
1676 558 
1471 1471 
2781 8343 
103 309 
3293 9879 
1852 1852 
2610 869 
508 1524 
1971 1971 
2528 842 
5 15 
2704 900 
2699 8097 
2524 2524 
3575 1191 
1640 1640 
912 303 
1939 5817 
111 333 
2134 6402 
3073 1023 
736 244 
618 205 
149 447 
3148 1048 
1404 1404 
1519 1519 
1712 1712 
4000 1332 
3009 9027 
2323 2323 
74 24 
2426 2426 
700 2100 
2163 720 
635 211 
1834 1834 
2451 2451 
3681 1226 
850 282 
395 131 
523 173 
3607 10821 
1802 1802 
1714 1714 
420 1260 
2766 8298 
2309 6927 
2117 2117 
3861 11583 
3798 11394 
1462 1462 
1504 4512 
2508 2508 
3744 1247 
2921 973 
1439 4317 
3707 1235 
309 927 
1646 1646 
3099 1032 
3848 1282 
2616 2616 
1418 1418 
1725 1725 
2034 2034 
2644 880 
1812 603 
1185 394 
1158 3474 
2600 866 
2306 2306 
2742 8226 
2010 669 
749 249 
2551 849 
861 2583 
2487 2487 
2563 2563 
2320 2320 
2290 6870 
3695 11085 
163 53 
1624 540 
162 486 
1832 5496 
2558 2558 
1727 1727 
1363 1363 
3784 11352 
1655 1655 
1982 1982 
1558 1558 
421 139 
2658 2658 
2612 2612 
413 1239 
2588 862 
2313 770 
206 618 
3403 10209 
906 301 
2061 2061 
2006 6018 
2396 7188 
561 186 
2146 2146 
348 115 
2989 995 
1888 1888 
2334 7002 
606 1818 
1644 4932 
3447 10341 
3113 9339 
1449 1449 
2581 7743 
1501 1501 
3181 9543 
1135 3405 
2301 2301 
1629 542 
2559 852 
1080 3240 
1698 1698 
3486 1161 
3973 11919 
2468 2468 
1722 1722 
3274 1090 
2031 6093 
1737 1737 
2509 2509 
3464 1154 
2515 2515 
2995 8985 
2443 2443 
845 2535 
3995 1331 
1623 1623 
406 134 
2251 749 
2454 2454 
1612 1612 
247 81 
1508 1508 
3545 10635 
1432 1432 
2521 2521 
1948 1948 
2414 2414 
1436 1436 
2915 8745 
737 245 
2429 2429 
3275 1091 
1509 1509 
618 1854 
631 1893 
3920 11760 
354 1062 
1061 353 
1033 3099 
2550 849 
3396 10188 
38 114 
2448 815 
678 2034 
1915 1915 
2630 876 
1945 5835 
779 2337 
619 205 
2564 854 
3713 11139 
3051 9153 
101 303 
1489 1489 
3095 9285 
1700 1700 
2252 2252 
1377 458 
1981 1981 
1781 1781 
2254 750 
251 83 
2024 2024 
2395 2395 
3191 1063 
2410 2410 
180 540 
2268 2268 
2135 2135 
1629 1629 
2401 2401 
568 1704 
1141 3423 
1003 3009 
2086 694 
739 2217 
518 172 
3634 10902 
2127 2127 
2235 2235 
1374 4122 
3161 9483 
1314 437 
1689 562 
430 142 
816 2448 
3172 9516 
10 30 
1342 4026 
440 1320 
598 1794 
3701 1233 
1263 420 
2009 6027 
2375 2375 
2482 2482 
3620 1206 
2638 878 
1797 1797 
3392 10176 
1910 636 
1870 5610 
2389 7167 
2185 2185 
1572 523 
1113 3339 
1801 5403 
3195 9585 
1893 1893 
733 243 
2192 6576 
2463 820 
1230 409 
307 101 
2507 2507 
1499 1499 
3903 1300 
1288 428 
2652 2652 
2196 731 
1756 1756 
2091 2091 
1638 4914 
521 173 
2479 2479 
3799 1265 
2100 2100 
2345 7035 
1905 1905 
2380 792 
3218 1072 
2695 897 
3453 1150 
3545 1181 
2276 758 
1368 1368 
1435 4305 
1715 571 
1028 3084 
1149 382 
1400 1400 
1381 4143 
999 2997 
1565 521 
1348 1348 
3410 1136 
1773 590 
1328 3984 
2611 869 
3375 10125 
1613 1613 
1596 1596 
1331 3993 
1403 1403 
295 885 
3250 9750 
2909 8727 
2436 2436 
2471 2471 
3584 1194 
3758 11274 
3383 10149 
1193 397 
526 1578 
2011 669 
2328 2328 
2533 2533 
1122 3366 
2613 7839 
1984 1984 
570 1710 
1747 581 
883 293 
2652 7956 
970 322 
1887 1887 
2630 2630 
2131 2131 
3010 9030 
1514 4542 
2137 2137 
2613 2613 
1678 5034 
3749 1249 
2346 2346 
1674 1674 
2079 2079 
1899 1899 
2503 833 
84 252 
2591 2591 
9 27 
3495 1164 
1758 5274 
1339 1339 
441 146 
1770 1770 
2345 2345 
3535 1177 
3857 11571 
2583 2583 
2490 7470 
1504 1504 
744 2232 
3369 1122 
2193 2193 
2206 2206 
2208 2208 
2182 2182 
1849 1849 
1057 351 
2241 746 
1731 576 
3747 11241 
1891 1891 
2603 7809 
1453 483 
1555 4665 
3345 10035 
3914 1304 
1215 404 
2399 799 
1443 1443 
1365 1365 
1645 1645 
2215 737 
2519 839 
2172 2172 
1841 1841 
3645 10935 
3265 9795 
3986 1328 
1104 367 
2575 2575 
1088 362 
1411 469 
2661 7983 
2431 2431 
3095 1031 
506 168 
773 257 
3359 10077 
1385 1385 
2715 904 
1252 416 
2281 759 
1537 1537 
2073 2073 
2000 6000 
3479 1159 
3419 10257 
1634 544 
992 2976 
612 1836 
1780 5340 
611 203 
1850 1850 
1517 1517 
1907 1907 
2214 2214 
2271 2271 
546 181 
361 1083 
2636 878 
3290 9870 
2049 2049 
2764 920 
77 25 
1773 1773 
1955 1955 
1546 514 
2426 7278 
434 1302 
827 2481 
1612 4836 
686 228 
1094 3282 
2099 2099 
2196 2196 
1580 1580 
3562 10686 
1728 5184 
3022 9066 
3277 9831 
2791 8373 
1854 1854 
2279 6837 
2282 6846 
3213 9639 
2738 8214 
757 251 
113 37 
445 147 
2258 2258 
2175 724 
364 120 
1764 1764 
441 1323 
1460 1460 
2574 857 
1002 3006 
341 1023 
3224 1074 
2505 2505 
1548 515 
1021 3063 
2620 872 
2496 2496 
1483 1483 
2999 999 
589 1767 
2566 2566 
2633 2633 
1042 3126 
3038 1012 
2424 2424 
1752 583 
2561 2561 
3612 1203 
2444 2444 
2264 6792 
3629 10887 
1755 1755 
3067 1021 
1869 1869 
3265 1087 
3448 10344 
2327 2327 
1251 3753 
2087 6261 
2608 2608 
79 25 
841 279 
3212 9636 
2399 2399 
2442 2442 
3490 1162 
324 107 
2588 7764 
1786 1786 
2342 2342 
1360 1360 
3346 1114 
2667 8001 
2136 711 
2447 815 
1249 415 
1433 1433 
2186 728 
1930 1930 
1716 1716 
108 324 
1853 617 
2642 2642 
3082 9246 
3922 11766 
3738 11214 
2977 8931 
2861 8583 
1112 3336 
3321 9963 
654 217 
3163 1053 
2425 2425 
1472 1472 
1726 5178 
2857 951 
2059 685 
3076 9228 
118 38 
1962 1962 
411 136 
2579 859 
1604 1604 
1461 1461 
315 945 
2475 2475 
3297 1098 
3797 11391 
2400 2400 
1067 355 
1662 1662 
1511 1511 
2654 2654 
2198 2198 
1599 1599 
2572 2572 
3187 9561 
2918 972 
879 292 
1313 437 
813 2439 
