4500 4000
2445 2445 
1783 1783 
643 1929 
2296 6888 
818 2454 
2894 8682 
1866 1866 
1952 1952 
1618 1618 
529 175 
3656 1218 
1138 378 
2475 2475 
2901 966 
4221 12663 
2043 2043 
1436 478 
3074 9222 
3120 1039 
248 82 
2533 2533 
4461 13383 
2716 2716 
4425 1474 
2334 777 
2124 2124 
3561 1186 
703 233 
3971 1323 
2642 2642 
2008 2008 
2063 6189 
2130 2130 
2687 2687 
1760 1760 
2513 837 
17 51 
1091 363 
2531 2531 
685 2055 
2048 682 
3775 1257 
3667 1221 
1375 457 
4411 13233 
1777 591 
41 123 
2097 6291 
1585 4755 
3450 10350 
3158 9474 
2456 2456 
3716 11148 
2643 880 
1609 1609 
2893 8679 
1611 1611 
2576 2576 
1526 1526 
2834 8502 
2372 2372 
3548 1182 
2703 900 
3626 10878 
2496 2496 
3051 1016 
1263 420 
2321 2321 
2528 2528 
2518 2518 
330 990 
2714 2714 
4387 13161 
2421 7263 
1378 458 
1933 1933 
1696 564 
2585 861 
2501 2501 
2003 2003 
3125 9375 
2797 931 
1959 1959 
2594 2594 
1867 5601 
2659 885 
2139 2139 
3710 1236 
3906 11718 
1454 4362 
1798 1798 
3136 1044 
2046 6138 
359 119 
4464 1487 
1355 451 
3350 1116 
2950 982 
4051 1349 
2099 6297 
2551 2551 
3701 1233 
681 2043 
2902 2902 
1155 384 
2573 7719 
1280 3840 
3244 9732 
1800 1800 
1241 3723 
2899 2899 
861 286 
2895 2895 
1894 630 
2273 2273 
4165 12495 
2365 7095 
2065 6195 
656 218 
1103 3309 
3679 11037 
1291 429 
486 1458 
3832 1276 
884 294 
683 227 
1459 485 
485 1455 
1534 1534 
678 225 
1503 1503 
35 11 
2557 7671 
1722 1722 
2037 2037 
2536 2536 
1859 1859 
2650 2650 
2309 2309 
4014 12042 
2665 7995 
2725 907 
1583 4749 
1966 654 
217 651 
2910 969 
787 261 
2621 2621 
1829 5487 
401 1203 
2123 6369 
2073 2073 
3782 1260 
1019 3057 
489 1467 
3555 1184 
2127 2127 
2905 2905 
1860 5580 
1904 1904 
2252 2252 
2522 840 
1514 1514 
3500 10500 
222 73 
2872 2872 
1892 1892 
207 68 
2466 7398 
1762 5286 
1238 3714 
1474 4422 
3727 11181 
2260 2260 
1960 1960 
4102 1366 
3087 1028 
2212 2212 
515 1545 
3358 10074 
3485 10455 
208 624 
46 138 
2787 2787 
4073 12219 
2559 2559 
672 223 
2097 2097 
2698 2698 
4375 13125 
1784 594 
2316 6948 
1997 665 
4124 12372 
3657 1218 
4363 13089 
3650 1216 
2941 2941 
1366 4098 
2486 2486 
4170 1389 
3268 1088 
609 202 
1804 1804 
3481 1159 
2688 2688 
2918 972 
3803 1267 
3319 1105 
3696 11088 
2131 2131 
2637 878 
3718 1238 
2238 6714 
3613 1203 
2553 2553 
1617 538 
2118 6354 
3289 9867 
2196 2196 
3305 9915 
1286 3858 
2897 2897 
2845 2845 
4434 13302 
2918 2918 
2541 846 
1482 4446 
2198 6594 
139 417 
1068 3204 
2994 997 
2985 8955 
2216 2216 
3021 1006 
3276 9828 
2453 817 
2304 2304 
2235 744 
1546 1546 
3222 1073 
2031 2031 
1409 469 
265 87 
3156 9468 
2683 893 
699 2097 
4238 12714 
2298 765 
1621 1621 
2240 746 
1463 4389 
620 206 
2458 2458 
3473 1157 
2086 6258 
1203 3609 
2614 870 
2989 2989 
2602 2602 
1699 1699 
3763 1253 
2351 783 
633 210 
1120 372 
1714 1714 
1846 5538 
268 88 
229 687 
4109 12327 
1411 469 
3942 11826 
2699 899 
3457 10371 
2617 7851 
2764 8292 
519 1557 
1868 1868 
4462 1486 
4145 12435 
954 2862 
3049 1015 
4061 12183 
840 2520 
832 276 
3152 9456 
2357 2357 
4035 12105 
2073 690 
3290 9870 
3761 1253 
2452 2452 
2150 6450 
396 131 
578 192 
2153 2153 
78 234 
1681 1681 
3124 9372 
2421 2421 
467 155 
1436 4308 
2938 2938 
1477 491 
52 156 
2013 2013 
4258 12774 
576 1728 
4266 12798 
1176 391 
1553 4659 
243 729 
4290 1429 
3556 10668 
2705 8115 
4077 1358 
2662 886 
1311 436 
2168 6504 
381 1143 
2355 784 
2279 2279 
95 31 
2239 2239 
2068 2068 
3686 11058 
2540 2540 
1461 4383 
2810 2810 
1733 1733 
1560 519 
112 36 
201 603 
2190 729 
2371 789 
374 124 
1298 432 
4199 1399 
2429 2429 
3681 1226 
595 197 
3308 9924 
4159 12477 
3013 1003 
689 2067 
2827 2827 
2175 724 
3508 1168 
2572 2572 
4496 1498 
2677 891 
4468 1488 
1497 4491 
1852 616 
1515 1515 
3888 11664 
1624 1624 
2411 2411 
2933 2933 
2059 2059 
1774 590 
2736 911 
3159 9477 
1884 5652 
2994 2994 
434 144 
2967 2967 
2203 2203 
1753 1753 
1656 551 
2995 8985 
1937 1937 
2746 8238 
2182 2182 
1064 3192 
2073 6219 
4093 1363 
3908 11724 
4265 1421 
2998 2998 
1969 1969 
3191 9573 
2330 776 
3383 10149 
3733 1243 
2848 948 
1158 3474 
2405 2405 
2515 2515 
2900 966 
1953 1953 
1818 5454 
2238 745 
1321 439 
3819 1272 
2943 8829 
560 186 
2503 2503 
2771 8313 
2836 2836 
292 96 
2636 2636 
2034 677 
3923 11769 
1055 351 
4373 13119 
2571 856 
2852 2852 
2399 2399 
4210 1402 
1855 1855 
182 60 
2631 2631 
1993 1993 
2369 2369 
1656 4968 
665 221 
99 297 
1001 333 
1534 4602 
1934 1934 
1764 1764 
4133 12399 
1643 1643 
2367 2367 
4044 12132 
2135 2135 
1799 1799 
3686 1228 
1617 4851 
536 1608 
2797 2797 
4026 1341 
1791 5373 
3978 1325 
2148 2148 
3899 1299 
2277 6831 
187 561 
2162 2162 
2969 989 
2591 2591 
2625 2625 
4083 1360 
2295 6885 
2317 2317 
815 2445 
3931 1309 
1115 3345 
2774 924 
2880 2880 
754 2262 
3400 10200 
2816 938 
1041 346 
2015 2015 
2586 861 
2623 2623 
3284 9852 
3111 1036 
3069 1022 
1542 1542 
1859 619 
2958 985 
1699 565 
882 293 
77 25 
2196 6588 
2062 2062 
2227 6681 
2283 2283 
1635 544 
10 2 
1822 1822 
1637 4911 
2956 2956 
1092 3276 
2610 2610 
1779 592 
2846 8538 
643 213 
2103 2103 
1976 1976 
2917 2917 
2419 805 
2418 805 
1671 1671 
1302 3906 
2432 7296 
2689 8067 
1908 635 
2598 7794 
697 231 
2870 2870 
1536 511 
460 1380 
2896 8688 
689 229 
3280 9840 
3076 1024 
1796 1796 
111 36 
1490 4470 
2403 2403 
2355 2355 
4099 1365 
2910 2910 
1185 394 
2256 2256 
281 93 
1086 361 
2243 6729 
2262 2262 
1837 5511 
356 118 
2467 821 
2122 2122 
3424 1140 
1556 518 
4212 12636 
1944 1944 
2734 8202 
3504 1167 
2384 794 
1838 1838 
2535 844 
1835 611 
2641 2641 
1841 1841 
3387 1128 
3981 11943 
2587 861 
1656 1656 
2648 882 
4438 1478 
2999 8997 
2721 2721 
2243 2243 
1963 1963 
1831 609 
2530 2530 
2668 8004 
1412 470 
3320 1106 
1450 482 
906 2718 
416 1248 
3098 9294 
4412 1470 
4022 1340 
2822 8466 
1007 335 
3357 10071 
3546 1181 
2555 2555 
2236 744 
1462 486 
4174 12522 
3783 11349 
762 253 
2778 925 
3948 11844 
4203 1400 
2707 2707 
2922 2922 
2212 736 
1880 1880 
3752 1250 
3505 1167 
2947 2947 
1270 422 
2338 7014 
1736 1736 
3033 1010 
1932 1932 
1758 1758 
2828 8484 
4483 13449 
3581 1193 
2988 2988 
367 1101 
2070 689 
1417 4251 
3723 1240 
2476 2476 
4024 12072 
1869 5607 
2074 6222 
2255 2255 
1776 1776 
423 140 
2495 2495 
1848 1848 
2463 2463 
2939 2939 
1181 393 
2823 2823 
4167 1388 
1774 1774 
1113 370 
1082 3246 
2018 2018 
4320 1439 
2577 2577 
2729 2729 
2315 2315 
1125 3375 
105 34 
1879 1879 
3499 10497 
1284 427 
1743 1743 
1064 354 
1557 4671 
2149 2149 
2185 2185 
1061 353 
1785 1785 
2297 765 
3896 1298 
4368 13104 
3966 1321 
1002 333 
3243 9729 
1970 1970 
328 984 
2728 2728 
1550 1550 
2702 900 
1643 547 
2042 2042 
3803 11409 
3786 1261 
2932 2932 
2752 2752 
1235 411 
1647 548 
509 1527 
2058 2058 
2823 8469 
322 966 
480 159 
3808 11424 
3514 1170 
1929 1929 
151 49 
2406 2406 
3209 9627 
630 209 
3863 1287 
1096 3288 
2297 6891 
1393 463 
4371 1456 
2168 2168 
2414 2414 
27 81 
3412 10236 
435 144 
2188 2188 
2953 2953 
1384 4152 
2244 6732 
1853 617 
2790 929 
2341 779 
1882 1882 
1781 1781 
2439 7317 
1008 335 
1583 1583 
1163 3489 
3282 1093 
2681 2681 
1968 1968 
4023 1340 
2032 2032 
1687 5061 
2703 2703 
381 126 
1610 1610 
363 1089 
2100 2100 
1431 476 
3886 1294 
3098 1032 
1928 5784 
240 79 
2813 2813 
3653 1217 
1279 425 
4284 1427 
2300 766 
2439 2439 
2161 719 
1863 1863 
1719 1719 
2211 2211 
690 229 
1821 1821 
1398 465 
3986 11958 
723 2169 
2090 2090 
2753 2753 
2404 2404 
3442 10326 
2833 2833 
1440 4320 
194 64 
2825 941 
4253 12759 
2873 2873 
322 106 
2584 2584 
1243 3729 
448 1344 
211 633 
1078 3234 
2523 7569 
3398 10194 
2386 2386 
4334 13002 
1530 1530 
2951 8853 
1713 1713 
4446 13338 
443 147 
2227 2227 
4153 12459 
3333 1110 
2969 2969 
4256 1418 
1849 1849 
2272 2272 
2038 678 
1718 1718 
1105 367 
2220 2220 
2280 759 
2882 960 
831 2493 
866 288 
1146 381 
41 13 
714 237 
37 111 
4173 1390 
2232 743 
4119 1372 
3296 9888 
395 131 
182 546 
2350 7050 
2832 2832 
2450 2450 
682 2046 
2744 2744 
2459 2459 
564 187 
2749 915 
4207 12621 
2538 2538 
579 192 
2583 7749 
2831 943 
1050 349 
1683 1683 
1754 1754 
2379 2379 
1968 5904 
3443 1147 
1505 1505 
97 291 
1997 1997 
3446 10338 
247 81 
696 231 
1502 1502 
1871 1871 
1484 494 
3954 1317 
4377 13131 
2329 2329 
2019 6057 
451 1353 
144 47 
3455 1151 
2304 6912 
4494 1497 
65 195 
2434 2434 
1915 5745 
486 161 
2946 2946 
1709 1709 
2523 2523 
2232 6696 
1650 549 
1847 1847 
2758 2758 
1993 5979 
3041 1013 
3624 1207 
3601 10803 
1973 1973 
1840 5520 
1909 1909 
1679 559 
2010 2010 
2110 6330 
2378 7134 
1850 1850 
2381 2381 
2744 914 
2597 2597 
3515 10545 
1725 1725 
3072 1023 
1866 621 
2134 6402 
2878 8634 
2616 7848 
1715 571 
131 43 
3150 1049 
2656 2656 
2730 8190 
2525 2525 
1250 416 
3816 1271 
2433 810 
141 46 
2678 2678 
3208 9624 
1573 1573 
1445 481 
2789 2789 
2750 916 
252 756 
4316 1438 
1052 3156 
3938 1312 
2188 6564 
1250 3750 
4007 12021 
1778 5334 
2705 2705 
2904 2904 
13 39 
801 2403 
2235 2235 
2291 2291 
1140 379 
1545 1545 
4449 13347 
2334 2334 
375 124 
2092 6276 
536 178 
4382 1460 
2776 2776 
1574 1574 
3799 11397 
1996 5988 
2138 2138 
1078 358 
2274 2274 
1749 1749 
1530 4590 
3497 10491 
2607 868 
2618 7854 
3835 1277 
4050 1349 
1555 1555 
3477 1158 
2735 2735 
2906 968 
1777 1777 
2954 2954 
2732 910 
2612 870 
554 184 
2301 766 
2191 2191 
2407 801 
2281 2281 
1961 653 
2219 739 
2842 2842 
4300 12900 
2365 2365 
2796 2796 
1975 657 
4010 12030 
1894 1894 
1955 1955 
1720 1720 
2549 2549 
2965 8895 
1663 1663 
975 2925 
1768 1768 
277 91 
1571 4713 
1516 1516 
2718 2718 
583 193 
1106 3318 
2351 2351 
2506 7518 
1112 3336 
2700 2700 
2220 739 
2222 6666 
1350 449 
2250 2250 
2715 2715 
2349 2349 
1872 5616 
2182 726 
767 2301 
517 1551 
2478 2478 
2134 2134 
294 97 
1834 5502 
942 2826 
2575 2575 
214 642 
2695 2695 
1792 1792 
1974 657 
4498 1498 
1684 1684 
468 1404 
3423 1140 
2202 2202 
3412 1136 
2126 2126 
2563 2563 
19 57 
2197 6591 
2001 2001 
1308 435 
1566 1566 
74 222 
2331 2331 
587 1761 
341 1023 
2800 2800 
3945 11835 
2736 2736 
2945 2945 
2634 2634 
1451 4353 
1782 5346 
1892 630 
408 135 
2297 2297 
2811 2811 
399 1197 
679 2037 
820 2460 
1088 362 
2027 2027 
351 1053 
1862 620 
2494 2494 
2911 2911 
335 111 
2065 2065 
3714 1237 
2647 2647 
2798 932 
2000 2000 
584 194 
4402 13206 
1805 5415 
3564 10692 
1759 1759 
2257 2257 
2600 2600 
2021 2021 
289 95 
752 2256 
2813 8439 
2460 7380 
2714 904 
1953 5859 
2380 2380 
1283 3849 
2769 2769 
1869 1869 
2607 7821 
2647 881 
2697 8091 
2900 2900 
145 435 
2694 897 
4304 12912 
2426 2426 
2613 2613 
3253 1083 
3560 1186 
1939 5817 
1783 5349 
3826 11478 
2248 748 
2453 7359 
2347 7041 
563 187 
1678 1678 
1820 1820 
2489 2489 
2181 6543 
3009 9027 
3353 10059 
2426 808 
3277 1091 
4069 1355 
1603 4809 
2999 2999 
3536 10608 
1687 1687 
3021 9063 
4049 1349 
2461 2461 
3153 9459 
4379 1459 
571 1713 
2957 2957 
2643 2643 
1539 1539 
2356 2356 
2677 8031 
2612 2612 
2830 942 
1084 360 
3246 9738 
988 2964 
4184 1394 
2712 2712 
1092 363 
3061 1019 
1762 1762 
2341 2341 
2882 2882 
2899 8697 
4445 13335 
347 1041 
3071 9213 
1511 1511 
2916 2916 
2340 2340 
3110 9330 
2719 2719 
3031 9093 
2009 2009 
1161 3483 
4472 1490 
1845 1845 
1664 1664 
3846 1281 
3441 1146 
2859 2859 
1055 3165 
33 10 
2277 2277 
2114 704 
2174 724 
2048 2048 
2175 2175 
405 134 
2285 2285 
19 5 
832 2496 
982 2946 
1677 1677 
2928 975 
1145 3435 
2205 2205 
3948 1315 
1730 576 
2552 2552 
2344 2344 
1643 4929 
1260 419 
1816 1816 
4374 13122 
1213 3639 
2261 2261 
1684 560 
1510 1510 
2438 2438 
2780 2780 
2145 714 
758 2274 
4497 13491 
2610 869 
3577 10731 
447 148 
2720 8160 
285 94 
4136 12408 
964 320 
1898 1898 
2979 2979 
1939 1939 
1469 4407 
661 1983 
2393 797 
2881 8643 
2389 2389 
2218 2218 
4456 13368 
3481 10443 
2170 6510 
3400 1132 
3725 1241 
2948 982 
4361 13083 
4415 13245 
714 2142 
2849 2849 
2004 2004 
2748 8244 
1830 5490 
2337 2337 
2750 2750 
2545 2545 
2373 2373 
2932 8796 
2320 772 
3825 1274 
3333 9999 
1711 1711 
4185 1394 
1978 5934 
2138 712 
2504 2504 
2691 2691 
2276 6828 
1724 574 
2844 947 
3428 10284 
1407 4221 
1159 385 
1523 1523 
2891 2891 
3024 9072 
3342 1113 
3901 1299 
3340 10020 
4161 1386 
1126 374 
2254 750 
2836 8508 
2878 958 
2318 2318 
3270 9810 
3122 9366 
1828 608 
1967 1967 
2468 822 
2356 784 
3625 10875 
858 285 
2451 7353 
2155 6465 
2323 2323 
4224 1407 
354 1062 
1624 4872 
2035 6105 
300 900 
1836 5508 
81 26 
1190 396 
2595 2595 
599 1797 
3328 9984 
4142 1380 
1924 640 
1599 4797 
1558 1558 
2427 2427 
712 236 
2204 2204 
2211 736 
3508 10524 
2007 2007 
4120 12360 
3869 11607 
3514 10542 
2754 2754 
2768 2768 
1489 4467 
2535 7605 
4217 12651 
2896 964 
2087 2087 
2592 2592 
3054 9162 
2040 2040 
1662 553 
4154 12462 
3415 10245 
1245 3735 
426 141 
978 2934 
1536 1536 
3396 1131 
2848 2848 
3537 1178 
2454 817 
1579 1579 
2889 2889 
1918 638 
1715 5145 
1153 383 
645 1935 
3639 1212 
1746 581 
3603 1200 
2764 2764 
346 114 
3302 1100 
2490 2490 
1491 4473 
1557 1557 
1766 1766 
2177 2177 
1772 1772 
4105 1367 
462 1386 
2474 2474 
2770 2770 
2140 2140 
833 2499 
4202 1400 
2558 852 
2312 2312 
2690 8070 
4385 1461 
2840 2840 
2110 2110 
1196 3588 
1874 5622 
310 930 
2235 6705 
1380 4140 
2017 671 
958 318 
1062 353 
1531 509 
42 126 
3410 1136 
1121 373 
2117 2117 
432 143 
1773 1773 
3448 1148 
1715 1715 
346 1038 
2627 2627 
1171 389 
1985 1985 
2792 2792 
1562 4686 
2440 812 
725 2175 
1247 3741 
2524 2524 
2142 2142 
1173 390 
2951 2951 
2245 2245 
2185 727 
713 2139 
3634 10902 
1519 1519 
884 2652 
2253 2253 
2752 8256 
1569 4707 
177 58 
667 2001 
2747 2747 
3207 1068 
1341 4023 
3003 9009 
205 67 
2978 8934 
2111 2111 
2903 967 
2815 8445 
2571 2571 
74 24 
3109 9327 
1506 1506 
2136 711 
2391 796 
2479 2479 
329 109 
2801 8403 
4374 1457 
2692 8076 
2326 6978 
2591 863 
3282 9846 
387 1161 
1922 1922 
2574 2574 
1600 1600 
3792 1263 
2303 767 
3071 1023 
780 259 
2896 2896 
2682 2682 
1480 492 
1620 1620 
2743 2743 
2916 971 
2469 7407 
1484 4452 
3456 10368 
1544 1544 
2831 2831 
716 238 
2569 855 
1930 1930 
1627 1627 
196 64 
1853 1853 
2701 2701 
1938 1938 
1936 1936 
2971 989 
2005 6015 
4447 1481 
2802 2802 
1980 659 
1693 5079 
1822 606 
3705 11115 
2448 815 
1950 1950 
788 2364 
4354 1450 
2012 2012 
2208 735 
3570 1189 
1545 4635 
114 342 
4295 12885 
2051 6153 
4197 12591 
2679 2679 
3558 1185 
1663 4989 
747 248 
3758 1252 
2509 7527 
4103 12309 
1190 3570 
2081 2081 
2140 6420 
1533 1533 
1628 1628 
2728 908 
4287 12861 
2322 2322 
1676 558 
4353 1450 
1810 1810 
2115 6345 
748 2244 
1491 496 
2088 2088 
3673 1223 
1979 1979 
1559 4677 
1809 1809 
3946 11838 
1915 1915 
1649 1649 
2363 7089 
2846 948 
1885 5655 
1591 529 
2856 8568 
2179 2179 
2626 2626 
2756 2756 
3778 1258 
1397 4191 
3133 9399 
2049 2049 
1975 5925 
1828 1828 
3535 1177 
4200 1399 
1936 5808 
4045 12135 
2951 983 
3595 10785 
825 274 
2540 7620 
3416 1138 
106 34 
1207 3621 
496 164 
2417 7251 
2156 2156 
2948 2948 
2667 2667 
2929 2929 
1632 1632 
2208 2208 
3621 1206 
2912 970 
1630 1630 
3476 1158 
2761 2761 
1586 1586 
1686 5058 
3510 10530 
350 116 
4190 12570 
1263 3789 
3403 1133 
2722 2722 
2675 891 
4216 1404 
619 205 
1757 5271 
581 1743 
1770 1770 
519 172 
1399 465 
4344 1447 
4415 1471 
2099 699 
3521 10563 
2108 2108 
1897 5691 
3894 11682 
4271 1423 
1068 355 
545 181 
1761 1761 
2665 2665 
2937 978 
1688 1688 
3394 10182 
1422 4266 
2963 8889 
2106 701 
2637 2637 
2613 7839 
2981 2981 
2990 2990 
2987 2987 
2039 2039 
4423 13269 
2552 7656 
359 1077 
334 1002 
2221 2221 
2640 2640 
874 2622 
2721 906 
1031 343 
737 245 
1636 4908 
1992 5976 
3806 11418 
2921 2921 
3872 11616 
2975 8925 
209 69 
3331 1109 
3435 1144 
1518 4554 
1577 4731 
1473 490 
1549 515 
839 279 
2656 7968 
4298 1432 
2598 2598 
4281 12843 
2370 789 
2500 2500 
1193 3579 
53 159 
1645 1645 
2309 769 
2339 7017 
3961 1319 
2014 2014 
3247 9741 
1218 3654 
3420 1139 
4331 1443 
2022 2022 
503 1509 
3525 10575 
3438 10314 
140 46 
1116 371 
2318 772 
1008 3024 
1788 1788 
2582 2582 
1576 1576 
2874 957 
165 495 
606 201 
1208 402 
1272 3816 
2036 2036 
2660 2660 
2760 2760 
1806 1806 
2591 7773 
3766 11298 
1559 1559 
4340 1446 
633 1899 
1184 394 
40 12 
3281 1093 
3611 1203 
3630 10890 
164 54 
2194 2194 
2738 2738 
3939 11817 
2590 2590 
2109 2109 
2785 2785 
4225 1407 
4372 13116 
2708 2708 
876 2628 
1729 1729 
2583 2583 
2604 7812 
2851 2851 
1899 632 
2410 2410 
1797 1797 
2388 2388 
3313 9939 
2781 2781 
760 2280 
3068 1022 
176 528 
3965 1321 
2559 852 
1747 1747 
274 90 
1896 1896 
2839 945 
1085 361 
2488 7464 
2280 2280 
2442 2442 
2216 738 
2626 874 
68 22 
1273 3819 
1765 1765 
3853 1283 
2544 847 
3467 10401 
635 211 
2726 2726 
1946 1946 
1766 588 
1899 1899 
2054 684 
3454 1150 
2375 2375 
2837 945 
1165 3495 
992 2976 
2604 2604 
741 246 
1359 452 
2901 8703 
3854 11562 
2784 927 
3694 11082 
2290 762 
2658 2658 
4314 12942 
24 72 
4064 1354 
434 1302 
259 85 
2038 2038 
2657 2657 
424 1272 
2666 7998 
4008 12024 
1957 1957 
3979 1325 
2567 855 
2089 2089 
2241 2241 
1037 3111 
2087 695 
1673 1673 
2588 862 
4269 1422 
2537 2537 
85 27 
3238 9714 
1926 641 
1704 1704 
3733 11199 
1867 621 
1716 1716 
2762 920 
347 115 
2487 2487 
1570 522 
1168 3504 
2437 811 
2072 2072 
2332 2332 
3940 1312 
1574 524 
1629 1629 
2734 910 
4343 1447 
3916 1304 
2713 2713 
4089 1362 
11 3 
2282 6846 
2209 2209 
2548 2548 
2066 6198 
2672 8016 
1003 333 
2565 2565 
1483 4449 
2676 2676 
1500 499 
1824 1824 
4250 12750 
1881 1881 
58 174 
430 1290 
2295 2295 
343 113 
2801 2801 
2485 2485 
2443 2443 
947 2841 
943 2829 
1763 587 
3736 1244 
1331 443 
2491 2491 
1027 3081 
1524 4572 
1111 3333 
1655 1655 
2075 2075 
1587 1587 
1584 1584 
1187 3561 
2642 7926 
132 43 
1297 431 
3584 1194 
2672 2672 
4428 13284 
2376 2376 
2078 2078 
3374 10122 
1891 629 
2060 686 
1836 1836 
835 2505 
2777 2777 
1891 1891 
1827 5481 
2943 2943 
3660 10980 
627 1881 
2167 2167 
2731 2731 
1983 1983 
2622 2622 
2464 2464 
2214 2214 
1568 1568 
2829 2829 
4382 13146 
4451 1483 
2059 685 
2512 2512 
4407 13221 
3313 1103 
1603 1603 
2635 2635 
446 148 
2433 2433 
2519 2519 
530 176 
3381 1126 
2548 7644 
1985 661 
2060 2060 
1877 1877 
1930 642 
3886 11658 
2906 2906 
1532 1532 
2720 2720 
971 323 
3066 9198 
2766 2766 
2871 8613 
2202 6606 
3533 1177 
582 193 
2890 8670 
1018 338 
2116 2116 
2529 2529 
1047 3141 
3529 1175 
1572 4716 
2184 2184 
4162 1386 
2660 7980 
2724 2724 
1849 615 
2551 849 
1768 5304 
103 33 
1909 635 
1546 514 
1806 5418 
945 2835 
3411 1136 
520 1560 
1926 1926 
2751 916 
2560 7680 
3434 1144 
2281 759 
4198 12594 
284 94 
1695 5085 
3690 11070 
3187 9561 
1970 656 
3874 1290 
1984 1984 
2454 7362 
2732 2732 
3095 1031 
4234 1410 
84 252 
3597 1198 
2240 2240 
3717 1238 
2508 2508 
4307 1435 
4246 1414 
3876 1291 
1856 618 
2890 962 
2934 2934 
1930 5790 
142 46 
2988 8964 
3801 11403 
1691 5073 
1443 480 
2154 2154 
4099 12297 
1361 453 
1921 639 
1799 5397 
24 7 
1667 1667 
759 252 
1802 5406 
2375 7125 
4160 1386 
2106 2106 
1383 4149 
2278 2278 
1308 3924 
2484 2484 
283 849 
2506 2506 
1890 1890 
13 3 
2582 860 
4042 12126 
2114 2114 
762 2286 
2462 2462 
2870 956 
1300 3900 
2755 2755 
1721 1721 
391 1173 
4476 13428 
2358 2358 
1754 584 
1951 5853 
1724 1724 
2378 2378 
4401 1466 
2186 728 
2629 7887 
738 2214 
2881 2881 
2824 2824 
1481 493 
3346 10038 
2006 2006 
1836 611 
2755 8265 
2120 2120 
1299 3897 
2564 2564 
1775 1775 
3827 11481 
2342 2342 
1381 4143 
4339 13017 
1060 3180 
1990 5970 
4076 1358 
3225 1074 
4004 1334 
126 41 
3131 1043 
1007 3021 
1818 1818 
2525 7575 
2929 8787 
3750 1249 
2294 2294 
128 384 
2814 2814 
425 141 
2200 2200 
1653 1653 
1735 1735 
1906 5718 
1288 3864 
2385 794 
1481 4443 
1622 4866 
1581 1581 
2300 2300 
898 2694 
3408 1135 
3263 9789 
4133 1377 
2853 8559 
115 345 
2889 8667 
2819 939 
2510 7530 
4391 13173 
952 2856 
4400 13200 
2371 2371 
2302 766 
2052 6156 
1727 1727 
1791 1791 
547 1641 
1453 4359 
1864 1864 
4163 1387 
1685 561 
628 1884 
4408 1468 
1372 456 
2155 2155 
2620 2620 
2673 890 
612 203 
2588 7764 
2247 2247 
3111 9333 
3602 1200 
2311 2311 
891 296 
2015 6045 
1430 4290 
2966 988 
629 1887 
3941 11823 
877 291 
2453 2453 
2959 2959 
1565 1565 
2898 2898 
2675 2675 
1871 5613 
4108 1368 
3160 1052 
137 45 
498 1494 
2963 2963 
1767 1767 
1999 1999 
591 1773 
485 161 
306 101 
1725 5175 
926 2778 
2567 2567 
586 194 
2174 2174 
4276 1424 
684 227 
1794 1794 
2184 727 
4157 1385 
3918 1305 
3648 1215 
2232 2232 
3603 10809 
3680 11040 
1564 520 
2995 2995 
4286 1428 
1634 1634 
577 1731 
2908 2908 
2129 709 
4089 12267 
334 110 
3298 1098 
2242 2242 
1925 1925 
4164 12492 
1180 392 
1296 431 
2438 812 
1732 5196 
2666 2666 
4201 12603 
1752 583 
2688 895 
1258 3774 
2806 2806 
1576 4728 
1695 1695 
4322 12966 
718 2154 
3252 1083 
4446 1481 
2620 872 
1905 1905 
3608 1202 
1240 3720 
1394 4182 
3574 1190 
3164 1054 
1790 1790 
2759 2759 
4237 12711 
3553 10659 
3874 11622 
3681 11043 
1765 5295 
3623 1207 
1580 1580 
1455 4365 
2976 2976 
1089 3267 
2739 912 
1524 507 
624 207 
1129 375 
4421 13263 
2957 8871 
2702 2702 
2532 2532 
1622 1622 
2056 2056 
370 122 
1325 441 
2436 7308 
1576 524 
2689 2689 
3272 1090 
2438 7314 
2023 2023 
3684 11052 
139 45 
1614 537 
1705 1705 
928 2784 
2960 2960 
2816 2816 
262 86 
1527 1527 
3162 9486 
2333 2333 
4181 1393 
613 203 
968 2904 
2804 2804 
2977 8931 
2810 8430 
2363 2363 
2419 2419 
3004 9012 
258 85 
1701 1701 
4228 12684 
3735 11205 
3000 999 
793 263 
1882 626 
2050 2050 
2890 2890 
2275 2275 
3523 1173 
4388 1462 
3226 9678 
2982 2982 
4369 13107 
2402 2402 
2593 2593 
3983 11949 
403 133 
2229 742 
781 259 
3298 9894 
4284 12852 
2924 2924 
2217 738 
2076 2076 
2226 6678 
2673 2673 
2310 2310 
2293 763 
2136 6408 
2745 2745 
879 2637 
3671 11013 
729 2187 
1595 1595 
1508 502 
2846 2846 
2316 2316 
2803 2803 
109 35 
75 24 
1587 528 
2353 7059 
2258 6774 
2723 2723 
1598 4794 
1883 1883 
2412 2412 
365 1095 
3585 1194 
2783 2783 
3336 1111 
1878 5634 
1652 4956 
1720 5160 
1976 658 
2046 2046 
3173 1057 
2444 2444 
1693 1693 
1508 1508 
1779 5337 
312 936 
2734 2734 
140 420 
2775 2775 
2104 6312 
4086 12258 
1900 1900 
1792 596 
968 322 
1734 1734 
661 219 
1935 644 
1255 417 
365 121 
670 2010 
3769 1255 
4017 1338 
4116 12348 
3730 11190 
2143 713 
1337 445 
1854 1854 
2096 2096 
1665 1665 
2213 2213 
2359 2359 
1167 388 
2347 781 
1991 5973 
1024 340 
644 214 
1540 1540 
1599 1599 
2827 941 
4021 1339 
3852 11556 
4139 12417 
2733 910 
2668 2668 
2347 2347 
3720 11160 
1657 4971 
2252 750 
1890 5670 
2608 2608 
3219 1072 
2145 6435 
3496 1164 
1588 1588 
4468 13404 
1947 1947 
759 2277 
1927 1927 
4057 12171 
569 189 
3785 1261 
4 0 
3239 9717 
2098 6294 
1789 1789 
2812 936 
4402 1466 
1119 372 
1756 5268 
2538 7614 
2920 972 
2460 2460 
419 139 
2821 939 
2348 2348 
3811 1269 
3184 1060 
3528 1175 
1435 477 
2292 763 
2020 2020 
1528 4584 
2857 2857 
4042 1346 
4449 1482 
1786 594 
3405 10215 
1629 4887 
641 213 
1550 516 
691 229 
1679 5037 
1964 1964 
2670 2670 
1523 507 
372 1116 
2565 7695 
2663 7989 
2805 934 
429 1287 
1659 1659 
1645 4935 
3031 1009 
3390 10170 
3198 1065 
2592 7776 
3038 1012 
2871 956 
3618 1205 
2093 2093 
2562 7686 
1726 1726 
2518 7554 
1748 582 
1045 3135 
2686 894 
1773 5319 
1897 1897 
1674 5022 
3839 11517 
1988 662 
797 2391 
3800 1266 
3848 11544 
3951 1316 
3130 9390 
1825 1825 
2473 2473 
49 147 
1159 3477 
1662 4986 
2092 696 
2408 2408 
2710 8130 
304 100 
3240 1079 
2535 2535 
2685 2685 
2619 872 
1531 1531 
3875 1291 
2101 2101 
3436 10308 
920 2760 
1378 4134 
2795 2795 
823 2469 
2883 8649 
2569 2569 
1015 3045 
4485 1494 
4386 1461 
3547 10641 
2611 2611 
3088 1028 
3747 1248 
3190 9570 
4344 13032 
3341 10023 
2517 2517 
2303 2303 
3855 1284 
1940 1940 
2497 2497 
1880 5640 
915 2745 
2825 2825 
2392 796 
3460 1152 
192 63 
2314 2314 
817 271 
2638 2638 
4162 12486 
2385 2385 
1987 5961 
1902 1902 
2583 860 
421 1263 
1824 5472 
271 89 
382 126 
4416 1471 
2080 2080 
1712 1712 
3585 10755 
3274 9822 
3919 11757 
2309 6927 
1385 461 
751 2253 
842 2526 
4048 12144 
3560 10680 
4021 12063 
2546 2546 
2817 2817 
3308 1102 
966 321 
2912 2912 
2466 2466 
2391 2391 
4370 1456 
416 138 
2220 6660 
2978 2978 
4325 12975 
2236 2236 
2393 2393 
2082 2082 
3980 1326 
1547 1547 
3005 9015 
427 141 
1861 1861 
2234 2234 
1962 1962 
2324 2324 
2334 7002 
873 2619 
2425 2425 
3197 1065 
1685 1685 
3163 1053 
3845 11535 
2353 2353 
3380 10140 
2193 6579 
1677 558 
984 2952 
4431 13293 
3332 9996 
2850 2850 
3478 1158 
3856 1284 
795 2385 
2121 2121 
3235 1077 
2686 2686 
2989 8967 
1912 1912 
3134 9402 
1752 1752 
2992 2992 
437 1311 
2530 842 
3744 1247 
768 2304 
2770 922 
1083 360 
1833 1833 
141 423 
1569 1569 
2822 2822 
2035 2035 
2758 8274 
3355 10065 
458 1374 
2173 6519 
3224 9672 
826 274 
3227 1075 
2254 2254 
2193 2193 
389 1167 
4488 13464 
2491 7473 
2226 2226 
397 1191 
2264 754 
2360 2360 
642 213 
1943 647 
2016 2016 
2446 2446 
2449 815 
2030 2030 
1452 4356 
227 75 
1513 4539 
57 171 
2112 703 
1857 618 
2914 8742 
1367 455 
2696 2696 
876 291 
3578 10734 
2284 2284 
330 109 
4180 12540 
2828 2828 
3188 9564 
3087 9261 
1542 513 
2011 2011 
1140 3420 
1954 1954 
2144 2144 
4029 1342 
1704 567 
2250 6750 
4073 1357 
75 225 
4282 12846 
3099 9297 
282 846 
4081 12243 
341 113 
377 1131 
246 738 
2869 2869 
699 232 
3770 11310 
1679 1679 
2105 2105 
4465 13395 
648 215 
1594 1594 
2854 950 
1711 5133 
1590 1590 
3171 9513 
1839 1839 
163 489 
1850 616 
1842 1842 
740 246 
965 2895 
2772 2772 
3046 9138 
1827 1827 
426 1278 
4279 1425 
1939 645 
4012 1336 
816 2448 
558 1674 
2661 886 
1578 1578 
415 1245 
2172 2172 
174 57 
2328 775 
3364 10092 
1391 463 
3780 1259 
3977 11931 
224 672 
3136 9408 
2102 700 
4312 1436 
695 2085 
4002 1333 
364 1092 
4223 1407 
2033 6099 
1904 5712 
2510 2510 
195 64 
1162 386 
2269 2269 
3930 1309 
1660 1660 
1813 1813 
2464 7392 
1211 403 
2485 827 
2968 2968 
301 99 
2436 2436 
2071 6213 
2397 2397 
716 2148 
3520 1172 
2268 2268 
1290 429 
2189 6567 
2665 887 
3759 11277 
1591 1591 
1801 599 
1281 3843 
2178 6534 
1673 5019 
797 265 
1987 1987 
1975 1975 
1910 636 
2688 8064 
2808 935 
3381 10143 
2528 842 
855 284 
2527 841 
2033 2033 
1644 1644 
1956 1956 
4111 12333 
1608 1608 
534 1602 
2757 2757 
2547 2547 
2557 851 
4371 13113 
4381 1459 
1032 3096 
1753 583 
1592 530 
1528 1528 
2822 940 
1866 5598 
2499 2499 
4041 1346 
2190 2190 
3197 9591 
2599 2599 
2853 2853 
1666 554 
2927 2927 
2699 2699 
1035 3105 
1525 1525 
3843 1280 
1837 1837 
1654 1654 
2271 2271 
437 145 
2336 2336 
2542 846 
1638 4914 
1351 449 
962 2886 
2180 2180 
2867 2867 
366 121 
1038 3114 
2130 709 
2454 2454 
4009 12027 
1558 4674 
1010 336 
3990 11970 
1318 3954 
2206 2206 
137 411 
808 2424 
2266 2266 
2169 6507 
772 256 
3464 10392 
2171 2171 
4498 13494 
1885 1885 
2771 2771 
1841 5523 
1908 1908 
462 153 
2083 2083 
763 2289 
2903 2903 
1577 1577 
3484 10452 
3432 1143 
550 182 
14 4 
1589 1589 
2967 988 
1812 603 
1613 1613 
924 2772 
2231 2231 
1072 3216 
1567 521 
1948 1948 
3919 1305 
2246 2246 
3986 1328 
1837 611 
2272 6816 
3310 9930 
932 2796 
2423 807 
751 249 
2856 951 
649 215 
2392 2392 
1779 1779 
1801 1801 
2470 7410 
2573 2573 
2653 2653 
2 6 
2639 2639 
2891 8673 
2400 2400 
1039 345 
2039 6117 
1062 3186 
2742 2742 
1557 518 
1446 481 
3988 1328 
1625 1625 
1248 3744 
4144 1380 
2392 7176 
2165 6495 
2248 2248 
1043 3129 
1578 4734 
855 2565 
1561 1561 
1995 1995 
1569 522 
1873 1873 
1717 1717 
2877 958 
3261 9783 
2526 2526 
3195 1064 
94 282 
1507 1507 
1640 1640 
3840 11520 
2343 2343 
3824 11472 
3254 9762 
492 1476 
3263 1087 
3530 10590 
2486 828 
3458 10374 
3912 11736 
1342 4026 
3391 10173 
1541 1541 
2879 2879 
2472 2472 
461 153 
2093 697 
2840 8520 
512 1536 
1846 1846 
1641 4923 
4288 1428 
3176 9528 
2143 6429 
2026 2026 
558 185 
3390 1129 
2709 2709 
2249 2249 
602 1806 
4290 12870 
1681 559 
1386 461 
1638 1638 
1977 1977 
560 1680 
3995 11985 
2605 2605 
1951 1951 
1709 5127 
1840 1840 
2227 741 
3694 1230 
2222 2222 
1290 3870 
663 220 
3142 1046 
1614 1614 
1949 1949 
160 480 
639 212 
1935 1935 
2580 2580 
1086 3258 
4329 1442 
3279 9837 
4146 12438 
1425 4275 
1621 4863 
2818 2818 
3320 9960 
2215 2215 
3918 11754 
2260 752 
2469 2469 
1145 381 
2092 2092 
1604 1604 
2187 2187 
1960 652 
605 1815 
3781 11343 
938 2814 
940 2820 
2977 2977 
705 2115 
2112 2112 
2937 2937 
1597 1597 
1964 5892 
1090 362 
419 1257 
2663 2663 
1844 1844 
3487 1161 
1947 648 
331 993 
662 1986 
2047 6141 
534 177 
476 158 
2263 2263 
722 240 
2302 2302 
1830 609 
3592 10776 
3056 9168 
2883 2883 
2148 715 
3180 9540 
1923 1923 
3582 10746 
2163 2163 
237 711 
1010 3030 
2175 6525 
1835 1835 
2350 2350 
864 287 
804 267 
2997 2997 
1861 5583 
1976 5928 
3262 9786 
845 2535 
2047 2047 
617 205 
183 60 
4022 12066 
1865 1865 
1914 1914 
309 102 
1998 1998 
3380 1126 
1439 479 
1566 521 
1389 462 
3037 1011 
2492 2492 
2213 737 
255 765 
5 1 
710 2130 
3712 11136 
730 2190 
2975 2975 
1875 1875 
821 2463 
3647 1215 
1823 5469 
2053 2053 
760 252 
2320 2320 
3507 10521 
2432 2432 
770 2310 
1635 1635 
1570 1570 
2437 7311 
2004 667 
1703 567 
2278 6834 
3114 9342 
2757 8271 
1807 601 
1249 415 
1998 665 
2558 2558 
1981 1981 
3969 11907 
2648 2648 
2888 2888 
4006 12018 
1098 365 
303 909 
3165 1054 
2128 2128 
2928 2928 
2064 2064 
1650 1650 
2324 6972 
2790 2790 
2711 2711 
1197 3591 
1674 1674 
2923 2923 
3326 1108 
1081 359 
2145 2145 
2863 2863 
2328 6984 
2606 2606 
3492 10476 
2749 2749 
2786 2786 
2550 2550 
954 317 
2566 2566 
2630 2630 
4074 12222 
1994 1994 
3810 1269 
1653 4959 
2759 919 
1607 1607 
4410 1469 
91 273 
2654 2654 
2199 6597 
4299 12897 
18 5 
2805 2805 
332 110 
2070 2070 
4128 12384 
3724 11172 
808 268 
4110 12330 
3883 11649 
4321 12963 
1004 3012 
2800 8400 
2393 7179 
156 51 
2949 2949 
2231 6693 
1184 3552 
1751 1751 
3294 1097 
623 207 
1335 4005 
2122 706 
2955 2955 
2287 2287 
1537 4611 
4431 1476 
4129 12387 
2136 2136 
1097 365 
2173 2173 
2482 2482 
3731 11193 
2367 788 
2607 2607 
2725 2725 
2913 970 
1407 468 
1637 545 
3144 9432 
2721 8163 
4394 1464 
2082 693 
3297 1098 
938 312 
447 1341 
2244 2244 
3628 10884 
2299 765 
2117 6351 
3639 10917 
3245 1081 
1595 531 
1787 1787 
464 1392 
168 55 
3447 10341 
1790 596 
2978 992 
2696 8088 
4340 13020 
4169 1389 
717 238 
3952 1316 
1690 1690 
3762 11286 
1319 439 
4164 1387 
1224 3672 
2701 8103 
2299 2299 
2694 2694 
2862 2862 
361 1083 
2761 8283 
1540 4620 
411 1233 
2288 2288 
4125 1374 
2915 2915 
1886 1886 
4387 1461 
1920 1920 
198 65 
2492 830 
3680 1226 
2457 7371 
1231 3693 
886 294 
311 933 
287 861 
551 1653 
1102 366 
292 876 
2399 799 
2074 2074 
2307 2307 
2513 2513 
1660 552 
2338 2338 
3905 1301 
790 2370 
474 1422 
2226 741 
721 239 
2742 913 
906 301 
765 2295 
1778 1778 
3828 1275 
3350 10050 
907 2721 
2335 2335 
452 150 
2588 2588 
2830 2830 
2354 2354 
1320 439 
3429 10287 
2522 2522 
1702 1702 
3629 10887 
3699 11097 
3335 10005 
2884 2884 
2289 6867 
650 216 
1509 502 
1658 1658 
2930 976 
112 336 
2730 909 
2461 819 
1101 3303 
3796 1264 
4015 1337 
1244 3732 
3453 1150 
3183 1060 
2976 8928 
3637 10911 
2680 2680 
4302 12906 
166 498 
2983 2983 
2470 2470 
417 1251 
497 1491 
2692 2692 
3220 1072 
4249 1415 
668 222 
1067 355 
2339 2339 
1843 1843 
418 138 
3966 11898 
1199 3597 
3212 1070 
2646 2646 
1592 1592 
516 171 
4066 1354 
1070 3210 
2767 2767 
2225 2225 
1728 1728 
887 2661 
1363 453 
1784 1784 
2892 2892 
1555 4665 
2061 686 
2936 2936 
794 264 
1575 1575 
2289 2289 
943 313 
1859 5577 
1222 406 
125 41 
3898 11694 
1246 3738 
2541 2541 
2417 2417 
184 60 
2965 2965 
3231 9693 
856 284 
22 6 
404 1212 
2704 900 
2631 7893 
4381 13143 
3464 1154 
1986 1986 
3838 1278 
2874 2874 
2798 2798 
1676 1676 
2086 2086 
3649 1215 
2416 2416 
2625 7875 
1716 5148 
2909 2909 
3020 1006 
2398 2398 
1416 4248 
953 317 
2368 2368 
264 87 
352 116 
3440 1146 
3325 1107 
1662 1662 
1805 1805 
2809 2809 
2098 2098 
2071 2071 
539 1617 
1614 4842 
206 618 
1025 341 
2183 2183 
2063 2063 
1978 1978 
1731 5193 
2366 2366 
3280 1092 
3851 1283 
2292 2292 
2514 7542 
3234 9702 
1551 1551 
340 112 
2727 2727 
1803 1803 
2327 2327 
3763 11289 
2493 7479 
693 230 
2197 2197 
256 768 
929 2787 
2085 6255 
1945 1945 
4091 12273 
2480 2480 
1744 1744 
1522 1522 
2609 869 
3458 1152 
2282 2282 
4378 1458 
162 486 
3397 1131 
2844 2844 
2769 922 
2942 2942 
2926 2926 
3522 10566 
1364 4092 
2516 2516 
1719 572 
2987 995 
1011 3033 
3027 9081 
2374 2374 
3743 1247 
1683 560 
2063 687 
1708 1708 
526 174 
1046 3138 
2886 2886 
2455 2455 
1126 3378 
1529 509 
2246 6738 
3076 9228 
582 1746 
3752 11256 
1958 1958 
3764 11292 
1759 585 
925 307 
3092 1030 
2118 705 
2774 2774 
893 2679 
4469 1489 
3559 10677 
2207 2207 
1931 1931 
1533 4599 
2901 2901 
1699 5097 
2447 815 
2116 704 
726 2178 
2570 2570 
1925 641 
2493 2493 
1827 608 
1369 4107 
1018 3054 
1377 4131 
1982 1982 
1887 5661 
2875 2875 
2146 2146 
2600 866 
3922 11766 
871 289 
1251 3753 
1560 1560 
827 275 
3327 1108 
2561 2561 
543 180 
3420 10260 
1942 1942 
3900 11700 
2382 7146 
1966 1966 
2008 668 
2317 6951 
1229 409 
2449 2449 
3203 1067 
4070 1356 
1900 5700 
1757 1757 
900 2700 
1612 536 
1137 378 
1000 3000 
2984 2984 
2170 2170 
4362 1453 
2730 2730 
1862 1862 
1898 5694 
1239 3717 
3796 11388 
2199 2199 
2077 2077 
1732 1732 
2956 984 
1234 3702 
2267 2267 
1541 513 
4414 13242 
4189 12567 
2864 954 
2546 7638 
1223 3669 
82 26 
1454 484 
3129 9387 
2088 695 
2396 2396 
2164 720 
1451 483 
1972 1972 
4392 1463 
2705 901 
3802 11406 
1647 4941 
2819 8457 
2441 2441 
285 855 
1580 526 
4182 1393 
2784 2784 
3858 1285 
3870 1289 
451 149 
2841 946 
3182 1060 
3086 9258 
799 265 
3619 1205 
128 42 
60 180 
2895 8685 
905 2715 
1405 467 
1372 4116 
1708 5124 
3344 1114 
1889 1889 
2868 2868 
2885 2885 
1123 373 
2555 851 
1991 1991 
1881 626 
3468 10404 
3909 1302 
2677 2677 
4358 13074 
2697 2697 
3139 1045 
2195 2195 
3311 1103 
3414 10242 
2794 2794 
3247 1081 
823 273 
2157 2157 
523 1569 
2710 2710 
1661 553 
809 2427 
1867 1867 
1518 1518 
2388 7164 
2123 2123 
38 12 
922 2766 
1012 336 
2201 2201 
180 540 
2428 808 
2301 2301 
3519 1172 
2165 2165 
2871 2871 
171 513 
3788 11364 
2835 2835 
2449 7347 
2925 974 
1961 1961 
4236 1411 
3159 1052 
2298 6894 
2085 2085 
2876 958 
2963 987 
69 22 
2404 800 
3609 10827 
4122 12366 
2345 2345 
3054 1017 
4127 12381 
3060 1019 
4204 1400 
2818 938 
4292 12876 
4132 1376 
1508 4524 
268 804 
3338 1112 
2861 2861 
2792 930 
1567 1567 
1786 1786 
2225 741 
3934 11802 
2636 7908 
1819 5457 
1617 1617 
2669 2669 
2716 8148 
3902 11706 
1239 412 
3974 1324 
366 1098 
2196 731 
2054 2054 
3877 1291 
1707 1707 
1899 5697 
2652 2652 
2616 2616 
1543 4629 
2159 2159 
3776 1258 
296 888 
2141 2141 
2855 2855 
297 98 
2539 2539 
2408 802 
3488 1162 
95 285 
2972 2972 
1631 543 
110 36 
2192 2192 
1691 1691 
2861 953 
916 304 
1593 1593 
3264 9792 
1771 1771 
2005 2005 
1417 471 
2824 940 
1848 615 
2034 2034 
2049 6147 
2418 2418 
2931 2931 
3105 1034 
2920 2920 
2707 8121 
1616 1616 
2465 2465 
2872 8616 
1894 5682 
2657 7971 
2415 2415 
1014 337 
58 18 
3064 9192 
2084 2084 
3465 1154 
2329 775 
1750 1750 
1426 474 
2415 804 
3602 10806 
466 1398 
2741 2741 
1834 610 
1622 540 
1652 1652 
3325 9975 
1661 1661 
152 456 
2815 2815 
1571 523 
4399 1465 
2413 2413 
2125 6375 
576 191 
2935 8805 
2420 2420 
733 2199 
3979 11937 
2914 2914 
929 309 
4391 1463 
3683 1227 
2887 2887 
1642 546 
1304 434 
2140 712 
1421 473 
1017 338 
3625 1207 
1522 506 
2826 2826 
2596 2596 
1870 622 
2146 6438 
1502 500 
1741 1741 
1585 1585 
3709 11127 
2031 676 
1295 3885 
2166 2166 
518 172 
1697 1697 
2511 2511 
596 1788 
2380 792 
849 282 
185 555 
981 326 
2918 8754 
498 165 
1048 3144 
2266 6798 
2118 2118 
3267 1088 
2685 8055 
2913 2913 
2580 7740 
1668 1668 
4202 12606 
2055 2055 
2326 2326 
2007 6021 
2838 945 
1615 1615 
511 1533 
2169 2169 
1686 1686 
2866 2866 
2853 950 
1860 1860 
2361 7083 
3113 9339 
4452 13356 
2563 853 
1174 390 
4257 12771 
3544 1180 
2619 7857 
1642 1642 
2817 8451 
2819 2819 
1808 5424 
291 873 
1943 5829 
4135 12405 
2618 2618 
2431 7293 
2942 8826 
2693 2693 
2389 7167 
741 2223 
94 30 
978 325 
843 2529 
2113 703 
1340 4020 
3107 9321 
2527 2527 
1496 498 
3175 1057 
1803 5409 
2223 2223 
4397 1465 
915 304 
1323 440 
2390 2390 
172 56 
402 133 
3010 9030 
2362 2362 
2684 2684 
2993 2993 
2041 6123 
288 864 
3288 9864 
1774 5322 
1802 1802 
2894 2894 
2424 2424 
2521 2521 
458 152 
4001 12003 
2152 2152 
3767 11301 
2095 2095 
1808 1808 
2935 977 
1658 4974 
1918 1918 
2929 975 
339 1017 
302 100 
2888 962 
2151 2151 
2061 2061 
1680 1680 
2275 6825 
1903 1903 
1602 1602 
1780 1780 
1948 5844 
1370 4110 
2079 2079 
2422 2422 
1814 1814 
899 299 
4101 1366 
1394 464 
1907 1907 
2450 816 
2028 6084 
32 96 
3277 9831 
2041 679 
110 330 
2435 2435 
3507 1168 
3470 1156 
1305 3915 
4047 1348 
568 1704 
2624 2624 
2219 2219 
2567 7701 
2791 929 
1215 3645 
1917 1917 
1485 4455 
1756 1756 
4441 13323 
122 40 
2109 6327 
3677 11031 
2787 928 
2487 7461 
977 2931 
2481 7443 
3879 1292 
1851 1851 
2808 2808 
3323 1107 
3515 1171 
4082 12246 
2554 2554 
1913 1913 
1769 1769 
2407 7221 
3163 9489 
2447 2447 
1718 5154 
2655 2655 
2747 8241 
4471 1489 
90 270 
2346 2346 
3196 9588 
1556 1556 
3907 1301 
606 1818 
2437 2437 
1633 4899 
2051 2051 
76 24 
62 186 
1471 4413 
3676 11028 
135 405 
3385 10155 
784 2352 
2547 7641 
1601 1601 
1227 3681 
1228 408 
375 1125 
4181 12543 
1552 1552 
2230 2230 
2542 2542 
2296 2296 
932 310 
1740 1740 
2671 2671 
4348 1448 
1739 1739 
2094 2094 
3034 9102 
4471 13413 
2045 2045 
1853 5559 
2862 953 
2260 6780 
3461 1153 
2748 2748 
902 300 
3929 1309 
3260 9780 
662 220 
3936 11808 
2560 2560 
2683 2683 
2669 8007 
785 261 
1901 1901 
3402 1133 
773 2319 
436 144 
4130 12390 
28 84 
3204 1067 
1723 1723 
2258 2258 
2330 2330 
1382 460 
2488 2488 
2534 2534 
4255 12765 
2858 2858 
854 284 
1418 4254 
179 59 
878 292 
1675 1675 
2147 2147 
2286 6858 
1245 414 
239 79 
2368 788 
2440 2440 
3479 1159 
3526 10578 
237 78 
3958 1318 
2507 2507 
1537 1537 
1552 516 
1763 1763 
1672 5016 
2762 2762 
4074 1357 
2164 2164 
1486 494 
1782 593 
2377 2377 
1461 486 
2659 2659 
2717 2717 
1694 1694 
846 281 
2877 2877 
4231 12693 
1328 3984 
1916 1916 
1114 3342 
348 1044 
2586 2586 
2370 2370 
2509 2509 
1839 612 
4169 12507 
448 148 
1330 442 
1748 1748 
2069 2069 
2724 8172 
4286 12858 
1175 3525 
2383 2383 
1093 363 
4001 1333 
2001 666 
2420 7260 
1634 544 
1134 3402 
1683 5049 
521 1563 
4242 1413 
3682 11046 
441 146 
2113 2113 
3391 1129 
1322 3966 
1437 4311 
2052 2052 
2807 8421 
3775 11325 
2120 706 
4076 12228 
1995 5985 
3583 1193 
1059 3177 
3255 9765 
1261 419 
4421 1473 
3362 10086 
3878 11634 
1321 3963 
3921 1306 
2843 2843 
2125 2125 
2415 7245 
3351 1116 
2265 754 
2143 2143 
3598 1198 
2128 708 
2745 8235 
2839 2839 
1466 4398 
2958 2958 
4043 12129 
1494 4482 
2562 2562 
3917 11751 
2664 2664 
1823 1823 
1612 1612 
2233 2233 
2500 832 
2430 2430 
2448 2448 
3397 10191 
3455 10365 
3982 11946 
1924 1924 
130 42 
502 166 
4317 1438 
1612 4836 
100 32 
4356 13068 
2581 2581 
2935 2935 
659 1977 
4144 12432 
2129 2129 
3100 1032 
4288 12864 
2255 751 
1988 1988 
2761 919 
3829 1275 
3881 1293 
4476 1491 
2837 2837 
2962 2962 
2401 2401 
1346 4038 
2566 854 
3611 10833 
1604 534 
1737 1737 
2798 8394 
2799 2799 
4410 13230 
707 2121 
2002 2002 
1521 1521 
2395 2395 
2017 6051 
2977 991 
2774 8322 
1863 620 
3643 10929 
2579 2579 
2066 2066 
2468 7404 
2224 2224 
456 1368 
2695 8085 
3015 1004 
3664 10992 
2500 7500 
2578 2578 
2241 746 
2514 2514 
1049 3147 
2133 710 
1974 1974 
4084 1360 
1598 1598 
2120 6360 
2362 786 
4478 1492 
1596 1596 
3036 1011 
4296 12888 
4123 1373 
3264 1087 
2809 935 
2733 2733 
1429 4287 
1857 1857 
3026 9078 
2641 7923 
2293 2293 
1978 658 
1807 1807 
2658 885 
2264 2264 
2407 2407 
1505 4515 
2406 801 
3337 10011 
2394 2394 
1935 5805 
3582 1193 
549 1647 
1152 3456 
2064 687 
1030 342 
2773 2773 
796 264 
124 40 
1646 1646 
1631 1631 
2319 2319 
480 1440 
665 1995 
1150 382 
2950 2950 
4376 13128 
2827 8481 
2944 2944 
1148 382 
537 1611 
3601 1199 
1174 3522 
2322 6966 
3375 1124 
1829 1829 
2160 2160 
1657 1657 
1148 3444 
3718 11154 
1337 4011 
1793 1793 
3914 1304 
136 44 
3786 11358 
2739 2739 
388 128 
2706 8118 
833 277 
1969 5907 
441 1323 
1571 1571 
3395 10185 
515 171 
1840 612 
854 2562 
2218 6654 
983 2949 
2229 2229 
4051 12153 
867 288 
2536 7608 
2568 2568 
1698 1698 
2954 984 
625 207 
1519 4557 
259 777 
2696 898 
149 447 
3242 1080 
1988 5964 
4248 12744 
2352 2352 
4337 1445 
1862 5586 
4259 1419 
3683 11049 
3300 1099 
2305 2305 
1795 597 
2970 989 
1632 543 
3123 1040 
2137 711 
3862 11586 
541 179 
2382 2382 
2237 2237 
2645 2645 
3030 1009 
1548 1548 
1005 3015 
1982 5946 
2751 2751 
2119 2119 
2633 2633 
2974 2974 
1641 1641 
400 132 
782 260 
1921 1921 
1637 1637 
1710 1710 
1989 662 
1911 1911 
1751 583 
2966 2966 
1914 637 
2865 2865 
3150 9450 
2024 2024 
1700 1700 
2654 7962 
2556 2556 
2147 715 
1606 1606 
2970 2970 
2115 2115 
1798 5394 
2276 2276 
1669 1669 
2481 2481 
1517 1517 
1728 5184 
864 2592 
4258 1418 
2306 2306 
2711 8133 
1619 1619 
2848 8544 
2259 2259 
2189 2189 
4490 1496 
1257 418 
2313 2313 
1163 387 
1742 1742 
1659 552 
3073 9219 
1875 5625 
2570 7710 
3035 9105 
2617 2617 
1348 448 
3042 1013 
803 267 
1213 403 
2467 2467 
1992 1992 
3665 10995 
2834 2834 
3349 10047 
4252 12756 
2238 2238 
1725 574 
1878 1878 
2593 7779 
1476 4428 
2498 2498 
3616 10848 
1839 5517 
656 1968 
1633 1633 
1928 1928 
2993 8979 
3439 10317 
2557 2557 
1139 379 
1252 416 
1906 1906 
4242 12726 
2601 2601 
2674 2674 
2468 2468 
778 2334 
2609 2609 
2137 2137 
3446 1148 
1888 628 
4448 1482 
2878 2878 
2644 2644 
4394 13182 
1887 1887 
1553 1553 
3580 1192 
2428 2428 
2095 697 
3137 1045 
1892 5676 
2986 2986 
4196 1398 
2210 2210 
1782 1782 
4025 12075 
2116 6348 
2158 2158 
1605 1605 
2471 2471 
2598 865 
2478 825 
3126 1041 
647 215 
36 11 
2104 2104 
1856 1856 
859 285 
1954 5862 
505 167 
2159 6477 
39 117 
1066 354 
3095 9285 
2046 681 
1703 5109 
1689 1689 
504 1512 
1227 408 
2432 810 
2354 7062 
1917 5751 
3304 9912 
2286 2286 
1301 433 
2274 6822 
2544 2544 
1267 3801 
2925 2925 
191 63 
2915 8745 
2770 8310 
860 2580 
3301 9903 
2178 2178 
3584 10752 
2606 7818 
1706 1706 
2132 2132 
2643 7929 
2847 2847 
1712 570 
3677 1225 
2186 2186 
3755 1251 
1626 1626 
2055 6165 
2662 2662 
1309 435 
3977 1325 
529 1587 
211 69 
2195 6585 
1512 1512 
45 135 
1961 5883 
574 190 
494 164 
238 78 
2161 2161 
2452 816 
2062 6186 
4241 1413 
1996 1996 
1682 1682 
2271 756 
4257 1418 
746 2238 
1132 3396 
2462 7386 
4366 13098 
2646 881 
2119 705 
2058 6174 
3991 1329 
2838 2838 
2463 7389 
1563 1563 
215 71 
1888 1888 
1535 1535 
2592 863 
524 1572 
1368 455 
4222 1406 
1639 1639 
1355 4065 
478 158 
1870 1870 
892 296 
1675 557 
3080 9240 
2756 8268 
160 52 
1305 434 
252 83 
3358 1118 
2150 2150 
688 2064 
1985 5955 
3715 11145 
4347 13041 
2854 2854 
1789 595 
4264 12792 
2581 7743 
1344 447 
3148 1048 
2370 7110 
2980 2980 
1819 1819 
2337 7011 
917 2751 
3794 1264 
3286 9858 
2763 2763 
3292 9876 
2361 2361 
2422 806 
2649 2649 
2747 915 
4148 12444 
4207 1401 
2628 2628 
142 426 
727 2181 
2585 2585 
2442 813 
1745 1745 
4066 12198 
272 90 
2893 2893 
1540 512 
2852 950 
2940 2940 
2070 6210 
2640 879 
1242 413 
2614 2614 
3640 10920 
2715 904 
2041 2041 
1832 1832 
79 237 
743 247 
1705 567 
2973 2973 
2841 2841 
2860 2860 
1647 1647 
4065 1354 
1877 5631 
2736 8208 
1598 532 
4150 1382 
4013 1337 
4226 12678 
1408 4224 
1285 3855 
664 220 
3167 9501 
2298 2298 
2028 2028 
29 87 
3324 9972 
2611 869 
3401 10203 
2996 2996 
1666 1666 
1353 4059 
2961 2961 
1895 1895 
4098 12294 
1919 639 
2807 2807 
1922 5766 
976 324 
14 42 
4155 1384 
3465 10395 
1524 1524 
3832 11496 
2325 2325 
466 154 
4147 12441 
3740 1246 
2044 2044 
27 8 
2543 2543 
2778 2778 
2299 6897 
3424 10272 
2364 2364 
2789 8367 
2402 800 
3642 1213 
324 107 
1910 1910 
1648 1648 
2409 2409 
2619 2619 
3480 1159 
2779 2779 
1876 1876 
2826 941 
2251 2251 
1738 1738 
2924 8772 
3709 1235 
1096 364 
2017 2017 
1636 1636 
2198 2198 
711 2133 
324 972 
3388 1128 
2333 777 
3306 1101 
1755 1755 
4478 13434 
4240 1412 
2523 840 
2384 2384 
1559 519 
1817 1817 
1650 4950 
1672 1672 
2629 2629 
2270 2270 
2102 2102 
2949 8847 
2181 2181 
531 176 
845 281 
167 501 
1825 607 
3295 9885 
2520 2520 
125 375 
1870 5610 
1504 1504 
1483 493 
2247 6741 
2469 822 
2964 2964 
934 2802 
2373 7119 
3434 10302 
2930 2930 
3644 10932 
212 636 
3753 1250 
4232 12696 
2554 7662 
3563 10689 
289 867 
2985 2985 
843 280 
4297 1431 
2791 2791 
1336 444 
3836 11508 
2253 6759 
3177 9531 
1235 3705 
2103 700 
3691 11073 
3357 1118 
1564 1564 
2502 2502 
1595 4785 
2176 2176 
1525 4575 
1442 480 
3607 10821 
3655 10965 
2971 2971 
3867 1288 
2907 2907 
3125 1041 
2740 2740 
1901 5703 
89 267 
3179 9537 
1980 1980 
2505 2505 
1748 5244 
2003 6009 
4208 1402 
1831 1831 
2952 2952 
1815 1815 
2024 674 
4282 1426 
287 95 
1696 1696 
2029 2029 
3414 1137 
1312 436 
1082 360 
2765 2765 
2856 2856 
2308 2308 
101 33 
2141 713 
1543 1543 
1986 661 
2021 6063 
1872 1872 
4096 1364 
4332 1443 
650 1950 
2936 8808 
1812 1812 
2651 2651 
1620 4860 
1673 557 
2990 996 
4351 1449 
2451 2451 
3210 1069 
2397 798 
1379 4137 
4112 12336 
4338 13014 
1981 5943 
1702 5106 
1995 664 
1929 5787 
2025 2025 
4159 1385 
1716 571 
1858 1858 
1852 1852 
4104 12312 
659 219 
2991 2991 
1941 1941 
3091 9273 
2578 7734 
1834 1834 
1275 424 
2057 2057 
1811 1811 
2664 7992 
4383 1460 
1795 1795 
396 1188 
4268 1422 
2704 2704 
1509 1509 
2788 928 
1965 1965 
2457 2457 
2911 969 
392 1176 
1636 544 
1587 4761 
2431 2431 
2812 2812 
2821 2821 
3011 1003 
2746 2746 
1971 1971 
4499 13497 
2989 995 
1893 1893 
2288 6864 
2532 7596 
3198 9594 
790 262 
1013 3039 
1826 1826 
1582 1582 
3726 11178 
1746 1746 
1874 1874 
1983 5949 
3062 1020 
1670 1670 
332 996 
1703 1703 
3490 10470 
2784 8352 
2793 2793 
2267 755 
2773 923 
3648 10944 
1623 1623 
71 23 
1002 3006 
939 2817 
517 171 
1127 3381 
1990 1990 
1538 1538 
2107 2107 
2265 2265 
2603 2603 
2135 6405 
1749 5247 
3000 3000 
1470 489 
1830 1830 
2820 2820 
2328 2328 
2217 2217 
1844 5532 
1265 3795 
2763 8289 
4067 12201 
2632 2632 
1195 397 
3493 10479 
1941 5823 
2496 831 
1549 1549 
2050 6150 
3523 10569 
1651 1651 
2661 2661 
2359 785 
2424 7272 
4015 12045 
836 278 
1329 442 
3707 11121 
2876 2876 
2072 690 
2919 2919 
4271 12813 
2587 2587 
2690 2690 
2706 2706 
1562 1562 
2318 6954 
2511 7533 
2083 693 
1692 1692 
3785 11355 
1989 1989 
3614 10842 
1884 1884 
438 145 
666 1998 
2477 2477 
2357 785 
3128 1042 
1513 1513 
1542 4626 
3708 1235 
21 63 
1015 337 
3670 11010 
2864 2864 
4460 13380 
870 289 
358 1074 
2423 2423 
1943 1943 
1554 1554 
2927 8781 
2876 8628 
2056 684 
528 1584 
1919 1919 
590 196 
2218 738 
449 1347 
3377 10131 
2483 2483 
603 200 
1033 343 
1731 1731 
2386 794 
2067 2067 
2589 2589 
1104 3312 
3438 1145 
3321 1106 
4 12 
2019 2019 
2615 2615 
386 1158 
255 84 
3178 1058 
3848 1282 
2933 8799 
2788 2788 
3622 1206 
2099 2099 
2508 835 
3789 1262 
513 1539 
609 1827 
1730 1730 
2737 2737 
1529 1529 
2290 2290 
3849 1282 
3696 1231 
2548 848 
921 306 
2091 2091 
2613 870 
1804 5412 
1520 1520 
308 102 
2133 2133 
4090 1362 
2782 2782 
4398 13194 
340 1020 
3857 1285 
1469 489 
1572 1572 
3195 9585 
36 108 
2474 7422 
1358 4074 
355 117 
2228 2228 
99 32 
26 8 
3168 1055 
2814 8442 
2387 2387 
3482 1160 
