4500 1500
3378 1125 
1538 1538 
1086 3258 
2270 2270 
2977 2977 
1877 1877 
1710 1710 
3636 1211 
2118 705 
2334 2334 
2479 7437 
1928 1928 
3747 11241 
949 315 
2119 2119 
2117 6351 
2492 2492 
2132 6396 
1457 4371 
877 291 
3198 1065 
2170 722 
1539 4617 
2757 2757 
1198 398 
1899 1899 
2465 2465 
1645 1645 
319 105 
1725 1725 
3126 9378 
1851 1851 
2460 819 
2922 973 
857 285 
2258 6774 
1018 3054 
967 2901 
1674 5022 
1869 1869 
4026 12078 
2698 8094 
2245 747 
4215 12645 
1544 1544 
2748 915 
2630 7890 
2549 7647 
2709 2709 
2793 2793 
2258 752 
2848 2848 
1324 3972 
2815 2815 
1772 590 
2295 2295 
1834 1834 
2933 2933 
1469 4407 
1596 1596 
2701 2701 
1065 354 
3750 1249 
3366 10098 
1543 4629 
6 1 
308 924 
4035 12105 
1430 4290 
1083 3249 
2559 852 
4314 1437 
906 2718 
467 1401 
3236 1078 
1125 374 
1808 1808 
1923 640 
1112 370 
2919 2919 
1860 5580 
2941 979 
2727 8181 
2672 2672 
199 65 
3376 10128 
72 23 
1514 1514 
1743 1743 
1732 1732 
2986 2986 
1755 5265 
1623 1623 
1585 1585 
4213 12639 
4344 1447 
2113 2113 
3288 9864 
2064 687 
755 251 
1610 1610 
1564 1564 
2304 6912 
1776 1776 
662 1986 
2599 2599 
1992 663 
2278 758 
3410 10230 
1403 467 
3185 1061 
3939 1312 
1539 1539 
1194 3582 
2851 2851 
2817 938 
2784 8352 
2040 2040 
1936 5808 
3448 1148 
3011 9033 
1882 1882 
3943 1313 
1944 1944 
2395 797 
723 240 
4453 13359 
420 139 
1696 564 
3847 1281 
4351 13053 
2184 2184 
2611 2611 
937 311 
4088 1362 
81 26 
187 561 
2284 6852 
2422 7266 
2803 2803 
1676 1676 
1424 474 
406 134 
2914 2914 
923 2769 
1212 3636 
2263 2263 
725 2175 
3914 11742 
1789 5367 
3953 11859 
4012 12036 
2066 2066 
4373 13119 
2812 8436 
1668 1668 
1568 1568 
628 1884 
2857 8571 
3460 1152 
2645 2645 
1696 1696 
2132 2132 
3242 9726 
2604 7812 
1552 4656 
4340 1446 
1380 4140 
581 193 
2142 2142 
2710 2710 
2083 2083 
1082 360 
2490 829 
1595 531 
328 108 
874 2622 
1534 1534 
2417 805 
2496 2496 
2826 8478 
3881 1293 
2956 8868 
1220 3660 
3980 11940 
2124 2124 
1098 365 
3387 10161 
2329 2329 
4186 12558 
4398 13194 
3856 11568 
2832 2832 
2709 8127 
2161 2161 
2062 686 
1787 1787 
2720 2720 
3261 1086 
1522 1522 
2254 2254 
2763 2763 
2364 787 
118 354 
1755 1755 
3677 1225 
2978 2978 
1683 5049 
4172 1390 
4106 1368 
444 1332 
2843 2843 
2628 2628 
3930 11790 
2342 2342 
4266 1421 
2937 2937 
2512 2512 
431 143 
972 323 
4230 12690 
3450 1149 
3989 1329 
2638 2638 
2755 2755 
3180 1059 
852 2556 
2605 2605 
2114 704 
3002 9006 
2641 2641 
1116 371 
2632 2632 
873 290 
1280 3840 
3999 1332 
2385 2385 
2855 8565 
831 276 
1956 1956 
2966 988 
2881 2881 
2519 2519 
577 191 
2828 8484 
1846 5538 
1453 483 
2745 914 
2184 727 
1054 3162 
3988 1328 
2100 2100 
2450 2450 
2824 2824 
2167 2167 
3697 1231 
2695 2695 
1802 1802 
2106 2106 
3561 10683 
2419 2419 
1565 1565 
2542 7626 
1922 640 
47 141 
1993 1993 
138 414 
2477 2477 
2005 2005 
3336 1111 
380 1140 
2382 2382 
2308 6924 
1499 499 
2549 849 
1822 1822 
3017 9051 
3551 10653 
2659 7977 
2734 2734 
298 98 
3174 9522 
4287 12861 
149 447 
2955 8865 
3286 9858 
3789 1262 
2792 8376 
1571 4713 
3503 10509 
2701 8103 
1963 653 
1032 343 
4497 13491 
2185 2185 
1640 1640 
1946 1946 
1803 1803 
3661 10983 
2879 959 
2258 2258 
1466 488 
851 283 
1166 3498 
938 312 
1790 1790 
1846 614 
1634 1634 
4182 12546 
2168 2168 
4281 1426 
4345 1447 
1955 5865 
1527 1527 
1572 4716 
228 684 
3926 11778 
2559 2559 
109 35 
2894 8682 
1452 4356 
2037 6111 
2807 935 
3042 9126 
1440 479 
2402 800 
726 2178 
2651 7953 
2514 7542 
1199 399 
73 23 
644 214 
4378 13134 
2023 2023 
2386 7158 
2183 2183 
527 175 
2697 898 
2262 753 
958 2874 
2771 2771 
3079 1025 
3177 1058 
1893 1893 
2077 691 
1656 4968 
1711 1711 
3664 1220 
2084 694 
2300 766 
1948 1948 
1754 584 
2314 2314 
2474 7422 
4054 1350 
3546 1181 
589 195 
2360 2360 
4083 12249 
1575 524 
3890 1296 
1386 4158 
2909 8727 
4404 1467 
2230 2230 
219 657 
2675 891 
2561 2561 
1694 5082 
2974 990 
2248 2248 
2250 6750 
3312 1103 
261 783 
1658 4974 
1529 4587 
1606 4818 
2957 985 
1434 477 
3559 10677 
408 135 
651 216 
659 219 
2359 2359 
3891 11673 
2301 2301 
1522 506 
3226 9678 
2602 2602 
1962 1962 
2404 800 
1669 1669 
1783 1783 
942 313 
1946 648 
3202 1066 
2505 2505 
3073 9219 
2187 6561 
3324 9972 
3737 1245 
2858 952 
2441 7323 
760 252 
4099 12297 
2560 2560 
1639 4917 
1816 1816 
1835 611 
1786 1786 
2423 807 
1636 1636 
2278 2278 
2199 2199 
931 309 
3729 1242 
796 264 
2527 2527 
1516 1516 
2692 2692 
1788 5364 
403 1209 
2720 8160 
1235 3705 
1224 407 
2364 2364 
4107 12321 
2021 2021 
1631 543 
3882 1293 
1055 3165 
4058 12174 
1994 1994 
2900 2900 
810 2430 
2839 2839 
3083 1027 
2684 2684 
1503 1503 
2186 2186 
2650 2650 
1257 3771 
3162 1053 
1642 1642 
3439 10317 
1972 1972 
687 2061 
2617 7851 
895 2685 
3595 1197 
4063 1353 
1991 1991 
2076 2076 
2953 983 
2112 2112 
1266 3798 
1831 609 
2206 2206 
3800 1266 
4171 1389 
914 304 
1329 3987 
2403 2403 
1223 407 
2001 2001 
2712 2712 
4334 13002 
2701 899 
872 2616 
1222 406 
1634 544 
2508 835 
1663 1663 
2548 7644 
2145 2145 
2652 2652 
2251 2251 
1832 1832 
247 741 
596 198 
2211 2211 
3113 1037 
3241 1079 
4129 12387 
1186 3558 
3635 10905 
2479 2479 
2731 8193 
2620 2620 
1820 1820 
590 1770 
661 1983 
3493 1163 
1593 1593 
1607 1607 
2431 809 
2446 2446 
4184 1394 
506 1518 
43 13 
685 2055 
1023 340 
954 317 
1144 3432 
1752 1752 
967 321 
2946 2946 
4399 1465 
866 2598 
3665 10995 
2154 2154 
3662 10986 
118 38 
2930 976 
4004 1334 
1798 5394 
676 2028 
2649 2649 
441 1323 
2599 7797 
2469 2469 
2326 2326 
2137 711 
4463 13389 
2249 2249 
2486 7458 
3123 9369 
2343 2343 
3454 10362 
3723 11169 
2338 2338 
2115 6345 
2811 2811 
3565 1187 
2193 730 
2271 2271 
3459 10377 
2761 2761 
2600 2600 
1253 417 
2014 2014 
1902 633 
3329 9987 
1677 1677 
1833 5499 
2549 2549 
2775 2775 
2462 820 
2662 7986 
1628 542 
151 49 
1437 478 
157 51 
2176 2176 
2447 2447 
2561 7683 
3887 1295 
2525 2525 
1265 421 
2242 746 
2823 2823 
875 2625 
2707 2707 
3218 9654 
2397 2397 
2408 2408 
1094 3282 
2949 2949 
2827 941 
4150 1382 
3590 10770 
3248 1082 
1157 385 
2585 7755 
3996 1331 
86 28 
2908 2908 
4442 1480 
1085 361 
2869 2869 
1976 658 
2818 2818 
1230 409 
2511 2511 
1821 5463 
2159 2159 
2320 2320 
3205 9615 
650 216 
1855 617 
2399 7197 
1644 4932 
4295 12885 
2974 2974 
1482 493 
4048 1348 
2640 2640 
378 1134 
2746 8238 
439 1317 
3086 9258 
157 471 
2411 2411 
2090 2090 
2481 7443 
1652 1652 
3631 10893 
2024 2024 
2658 2658 
2637 7911 
1189 3567 
2099 699 
2666 2666 
2786 928 
2667 2667 
2760 2760 
2801 933 
791 263 
1123 373 
640 1920 
2774 8322 
2220 739 
2421 2421 
1939 1939 
2615 2615 
1859 619 
1487 495 
2624 2624 
1837 1837 
703 2109 
1567 4701 
1072 3216 
3851 11553 
2574 7722 
4437 13311 
3207 1068 
2172 6516 
67 21 
2813 2813 
2231 743 
4407 1468 
129 387 
4475 1491 
2686 8058 
1665 554 
3617 10851 
1607 535 
1409 469 
4253 12759 
675 224 
14 42 
1931 643 
2028 2028 
3132 1043 
1883 1883 
388 128 
2647 2647 
2967 2967 
1608 1608 
1542 1542 
1892 1892 
1464 487 
2830 942 
2734 8202 
3947 11841 
1050 3150 
2976 8928 
762 253 
2144 714 
1301 433 
493 1479 
827 275 
2872 8616 
2779 2779 
3188 1062 
3738 11214 
1957 651 
2210 6630 
1929 1929 
3416 10248 
2908 8724 
1844 1844 
2315 2315 
2231 2231 
991 329 
242 80 
1954 650 
3278 9834 
4459 13377 
3964 1320 
2885 2885 
2345 2345 
2749 2749 
1392 463 
2178 725 
2082 6246 
4009 12027 
2533 843 
1915 5745 
1292 3876 
3866 1288 
613 1839 
1949 649 
2575 2575 
1927 1927 
866 288 
2981 2981 
2624 874 
3307 9921 
1565 4695 
2493 7479 
1859 5577 
3230 1076 
2668 888 
3824 11472 
387 128 
3209 1069 
2234 2234 
1706 5118 
3806 1268 
397 131 
1161 3483 
684 227 
461 1383 
997 2991 
2712 8136 
3682 11046 
1764 1764 
1914 5742 
1429 4287 
2078 2078 
4437 1478 
3061 9183 
415 1245 
2178 6534 
1906 1906 
2195 2195 
2391 796 
3350 1116 
4147 1381 
1568 522 
2802 933 
3678 11034 
2776 2776 
1792 1792 
1639 1639 
901 299 
2164 2164 
2706 2706 
4482 1493 
798 265 
2890 2890 
1087 361 
172 56 
2668 2668 
4438 1478 
1950 1950 
2107 2107 
4313 12939 
3939 11817 
3920 11760 
2728 2728 
3509 1169 
4223 1407 
4194 1397 
3690 11070 
183 60 
1868 5604 
4226 12678 
3086 1028 
663 220 
419 1257 
3756 11268 
3112 1036 
1986 1986 
662 220 
1548 1548 
2410 7230 
2917 2917 
251 83 
2113 6339 
3839 1279 
1695 5085 
3798 11394 
2371 789 
114 342 
2872 2872 
2007 6021 
2520 2520 
1608 4824 
1539 512 
3496 1164 
1771 1771 
1724 1724 
1074 3222 
1674 557 
4019 12057 
4025 1341 
1698 5094 
2618 2618 
1912 1912 
1400 466 
1623 4869 
2635 2635 
2145 714 
3064 1020 
3510 1169 
1624 4872 
652 1956 
1982 5946 
2737 2737 
2200 2200 
2888 2888 
3534 1177 
1326 3978 
1805 1805 
3876 11628 
2555 2555 
2128 2128 
2840 2840 
3922 11766 
2214 2214 
1282 426 
2250 749 
2993 2993 
2299 765 
1541 4623 
55 17 
4291 12873 
1499 4497 
1825 1825 
2934 2934 
1475 491 
2974 8922 
3877 1291 
1519 1519 
1576 1576 
576 191 
1450 482 
3958 1318 
2830 2830 
3692 11076 
3152 1050 
1588 1588 
1305 434 
717 238 
48 144 
3344 1114 
4353 1450 
626 1878 
4193 12579 
4088 12264 
4254 1417 
1968 1968 
3197 1065 
1561 1561 
3724 1240 
2169 722 
2482 7446 
2545 847 
3677 11031 
1141 3423 
1855 1855 
2766 921 
2428 2428 
4322 1440 
1068 3204 
1559 519 
1146 3438 
284 94 
4264 12792 
2287 2287 
4312 12936 
2046 6138 
1526 4578 
1020 3060 
4272 12816 
1979 659 
4392 13176 
3306 9918 
695 231 
2810 2810 
4274 12822 
132 396 
1460 4380 
1987 1987 
2340 2340 
4219 12657 
9 2 
2111 703 
3893 1297 
803 267 
2496 7488 
76 24 
2479 825 
2774 2774 
4086 12258 
1804 1804 
2044 2044 
3861 11583 
2069 2069 
2693 8079 
2257 751 
1614 1614 
3063 9189 
2312 770 
1977 1977 
2580 2580 
1974 1974 
2646 2646 
3004 9012 
1931 1931 
503 1509 
3579 1192 
2150 2150 
655 1965 
350 116 
3399 10197 
1528 1528 
1631 4893 
2671 2671 
2663 7989 
1536 511 
3889 1295 
2972 990 
3854 11562 
1556 4668 
2339 2339 
2755 917 
1068 355 
1737 578 
1908 5724 
2721 2721 
1522 4566 
9 27 
1611 4833 
2916 2916 
3117 9351 
1756 1756 
2899 2899 
3682 1226 
2500 2500 
3917 11751 
4429 1475 
2273 757 
1801 1801 
1727 1727 
2735 2735 
3622 1206 
1774 1774 
4501 1499 
2498 832 
2355 2355 
2156 2156 
1769 589 
2084 2084 
3527 10581 
1618 1618 
2935 977 
1978 1978 
1848 1848 
1998 1998 
2416 2416 
217 71 
3515 10545 
2838 8514 
2099 2099 
4208 12624 
2852 2852 
2146 6438 
2884 2884 
2655 2655 
2567 2567 
1209 3627 
3994 11982 
2924 2924 
2679 2679 
2297 2297 
272 816 
438 1314 
4461 13383 
3429 10287 
2104 2104 
3936 11808 
2017 2017 
2383 2383 
1549 515 
1948 5844 
885 2655 
2280 6840 
2271 6813 
3990 11970 
2428 7284 
1438 4314 
4117 1371 
1378 4134 
2685 2685 
2396 2396 
4206 12618 
2001 666 
1873 1873 
3469 10407 
454 150 
2749 8247 
3316 9948 
17 5 
1359 4077 
1314 437 
1025 3075 
2697 2697 
3218 1072 
2981 993 
2250 2250 
1699 565 
3731 11193 
2042 2042 
2863 2863 
3882 11646 
1960 1960 
3991 11973 
1898 1898 
996 331 
591 196 
442 146 
2610 2610 
2201 2201 
2897 2897 
3468 1155 
1806 1806 
1847 1847 
1994 5982 
3527 1175 
2415 7245 
2305 2305 
2324 774 
2592 2592 
2558 2558 
2634 877 
3052 9156 
2647 881 
811 269 
2674 2674 
2091 696 
585 194 
1810 1810 
2895 2895 
2568 7704 
2010 2010 
2285 761 
1090 3270 
44 132 
2082 2082 
681 226 
4347 1448 
4406 13218 
3841 11523 
2664 887 
1858 1858 
387 1161 
1876 624 
1439 4317 
478 158 
1358 452 
2877 2877 
741 2223 
1058 352 
4320 12960 
4318 12954 
2481 826 
1032 3096 
2265 754 
2093 2093 
2494 2494 
2300 2300 
1895 631 
3143 1047 
2991 8973 
1832 5496 
3956 11868 
2241 746 
2277 2277 
2554 7662 
1694 1694 
4126 12378 
1757 585 
1698 1698 
2913 2913 
3795 11385 
2676 2676 
1775 1775 
3008 9024 
123 40 
2243 747 
1791 596 
3644 1214 
1796 1796 
291 96 
3125 9375 
900 2700 
3042 1013 
2033 6099 
2331 2331 
4454 1484 
1606 1606 
1811 1811 
2296 764 
2127 6381 
1566 521 
654 1962 
2580 859 
1772 1772 
1257 418 
2423 2423 
2509 2509 
3285 1094 
3752 1250 
3438 10314 
2216 2216 
1649 549 
719 239 
3193 1063 
565 1695 
2513 2513 
1686 5058 
1033 343 
2072 2072 
4266 12798 
2307 2307 
2304 2304 
54 17 
1189 395 
1746 5238 
2977 991 
2812 2812 
3752 11256 
3824 1274 
3694 1230 
2970 8910 
2217 2217 
3870 11610 
227 75 
1033 3099 
3409 1135 
3640 1212 
3812 1270 
2309 2309 
2833 943 
849 282 
3959 11877 
1586 4758 
2352 783 
29 9 
3408 10224 
4311 12933 
2639 7917 
893 297 
1622 1622 
1655 1655 
2560 852 
3521 10563 
1550 1550 
3100 1032 
4097 12291 
1477 4431 
2210 2210 
1995 1995 
1613 1613 
920 306 
2062 2062 
2174 2174 
1861 619 
4221 12663 
2148 2148 
3447 10341 
2756 2756 
1790 596 
4364 13092 
174 522 
2846 2846 
2288 2288 
98 294 
1580 1580 
4067 12201 
2065 2065 
619 1857 
218 72 
2136 2136 
1262 420 
2583 2583 
2047 2047 
3482 10446 
1231 409 
1833 610 
1435 4305 
2342 7026 
3657 10971 
758 252 
2310 2310 
2291 2291 
1091 3273 
3463 10389 
4210 1402 
3596 10788 
2691 896 
1809 1809 
1237 3711 
2140 2140 
3077 9231 
875 291 
2996 2996 
2157 2157 
3908 1302 
2204 2204 
2191 2191 
3350 10050 
840 2520 
4281 12843 
2418 7254 
2202 2202 
1721 5163 
3039 1012 
1703 567 
2979 8937 
2641 7923 
2394 797 
2442 2442 
95 285 
2588 2588 
1992 5976 
4096 1364 
2814 8442 
1599 532 
3641 10923 
2649 882 
3424 10272 
1173 390 
2723 2723 
1533 1533 
3054 9162 
1941 1941 
2755 8265 
3758 1252 
2529 2529 
3274 1090 
3899 11697 
2376 791 
1204 3612 
2241 6723 
928 2784 
343 1029 
2766 2766 
442 1326 
1126 374 
2920 2920 
2190 2190 
521 1563 
2153 2153 
2425 7275 
148 48 
4087 12261 
2129 6387 
2691 2691 
1718 572 
1586 1586 
2834 2834 
4205 12615 
1387 461 
1714 1714 
2736 911 
1967 1967 
3901 11703 
4427 13281 
1950 5850 
2025 674 
2377 2377 
2547 2547 
2221 6663 
1746 1746 
2506 2506 
1982 1982 
1316 438 
2876 2876 
2910 2910 
2926 974 
2032 2032 
2352 7056 
2424 807 
2373 7119 
2281 2281 
818 272 
2622 2622 
1769 1769 
3297 1098 
2959 2959 
1519 4557 
154 462 
904 2712 
2606 7818 
2110 2110 
1960 652 
2891 2891 
2002 2002 
1130 3390 
4361 1453 
3867 1288 
4236 1411 
925 307 
3434 10302 
484 160 
2921 8763 
815 2445 
2233 2233 
1717 1717 
1961 1961 
2627 2627 
26 8 
2569 2569 
3317 1105 
1916 1916 
497 165 
2265 6795 
1716 5148 
3542 10626 
1630 1630 
1981 5943 
1821 1821 
2431 2431 
1531 1531 
2507 835 
686 228 
2857 2857 
2211 736 
759 2277 
2663 2663 
986 2958 
1678 5034 
2946 981 
2790 929 
422 140 
2804 2804 
3686 11058 
3629 1209 
3172 9516 
3997 1331 
2909 2909 
3621 10863 
1127 3381 
959 2877 
2224 2224 
314 104 
2330 2330 
1706 1706 
3519 10557 
3295 9885 
826 2478 
3683 1227 
2290 2290 
3807 1268 
1595 1595 
2665 2665 
1838 5514 
1654 1654 
3506 1168 
2094 2094 
4138 12414 
2639 2639 
2512 7536 
2501 2501 
2383 7149 
3275 1091 
4303 12909 
2631 2631 
740 2220 
781 259 
2319 6957 
2577 2577 
1778 1778 
3710 1236 
293 97 
2454 2454 
617 205 
110 36 
1916 638 
3203 1067 
3069 9207 
2680 892 
2105 701 
4056 1351 
2572 2572 
384 127 
288 95 
1852 5556 
2225 2225 
2379 792 
2990 996 
3925 1307 
2903 8709 
2418 2418 
2592 863 
615 1845 
2298 2298 
3809 1269 
2933 977 
1881 5643 
4076 12228 
1794 1794 
2362 7086 
2015 2015 
64 20 
696 2088 
493 163 
3673 11019 
3821 1273 
2948 2948 
2584 860 
2867 2867 
1772 5316 
2548 2548 
977 2931 
3386 1128 
3951 11853 
1086 361 
1767 1767 
3377 10131 
2445 2445 
2205 2205 
4027 1341 
345 1035 
1955 1955 
1321 439 
2209 6627 
4171 12513 
4234 1410 
2807 2807 
1938 645 
2730 2730 
2003 2003 
1256 418 
1913 1913 
487 161 
1575 1575 
2272 2272 
2669 8007 
236 78 
2467 7401 
3161 1053 
2824 940 
2781 2781 
2181 6543 
2994 2994 
358 1074 
2088 2088 
2086 2086 
2704 2704 
2358 2358 
1508 4524 
769 2307 
2868 8604 
1644 1644 
470 156 
1817 5451 
4136 1378 
1814 1814 
2379 2379 
2443 2443 
2403 800 
3023 1007 
1651 1651 
1165 387 
4116 12348 
3200 9600 
1559 1559 
3830 11490 
2789 2789 
1829 1829 
2564 7692 
2438 7314 
3176 1058 
2289 6867 
580 192 
1637 4911 
2773 8319 
2503 2503 
2474 824 
1338 445 
1495 497 
1075 3225 
1261 3783 
2121 2121 
1336 4008 
2770 8310 
1988 1988 
541 179 
4207 1401 
1333 3999 
2392 7176 
2661 7983 
3190 9570 
593 197 
268 88 
1575 4725 
2607 868 
1840 1840 
3213 1070 
1878 1878 
533 177 
3133 9399 
1965 1965 
2821 939 
3819 11457 
2006 2006 
2095 2095 
2022 6066 
3076 9228 
2188 728 
2669 2669 
3885 11655 
3814 11442 
3192 9576 
3634 10902 
2565 2565 
559 185 
4326 1441 
2437 2437 
4239 1412 
2074 2074 
575 191 
87 261 
2524 2524 
1729 575 
1533 510 
4015 12045 
3909 1302 
4287 1428 
4045 12135 
3066 9198 
146 48 
515 171 
481 159 
4434 1477 
2944 2944 
4225 12675 
2125 6375 
2915 2915 
4144 12432 
2178 2178 
3091 9273 
2652 883 
2049 2049 
1722 1722 
1305 3915 
1615 1615 
2806 8418 
2542 2542 
2593 2593 
2317 2317 
1550 516 
2264 2264 
4486 13458 
1921 639 
3817 11451 
1843 1843 
1589 529 
3202 9606 
2037 678 
2282 2282 
2848 8544 
4446 13338 
2674 890 
2539 2539 
514 170 
3233 9699 
2143 2143 
2799 2799 
1672 5016 
2681 2681 
850 2550 
2491 829 
2964 8892 
1160 386 
381 126 
414 137 
723 2169 
2069 6207 
1088 3264 
600 1800 
1897 631 
2871 2871 
3909 11727 
2991 2991 
4140 12420 
1896 1896 
4222 12666 
4479 1492 
2946 8838 
2285 6855 
2707 8121 
2987 2987 
2079 6237 
2467 2467 
1588 528 
2457 2457 
1075 357 
3159 9477 
3322 9966 
4358 1452 
1240 3720 
2683 2683 
656 218 
2081 2081 
2585 2585 
2122 2122 
1317 438 
2926 2926 
1225 407 
3704 1234 
1543 513 
3622 10866 
1945 5835 
3929 11787 
2649 7947 
2648 2648 
1167 3501 
2064 6192 
2247 6741 
2348 2348 
4135 12405 
3000 9000 
2840 946 
2856 951 
2393 2393 
3960 11880 
78 234 
1242 3726 
2587 2587 
2976 991 
3426 10278 
2530 2530 
1828 608 
4394 1464 
2938 2938 
2117 2117 
2853 2853 
1653 1653 
3133 1043 
483 160 
468 1404 
2485 2485 
1801 599 
3465 1154 
2648 7944 
3773 11319 
2473 2473 
4149 1382 
1907 1907 
2786 2786 
2998 998 
3790 1262 
1076 3228 
1637 1637 
1996 5988 
2552 7656 
2227 6681 
922 2766 
2152 6456 
909 2727 
1177 391 
1553 1553 
2693 2693 
2380 2380 
1938 5814 
2806 2806 
2203 2203 
2226 2226 
2294 764 
1947 1947 
1518 1518 
1808 602 
2101 699 
2759 2759 
793 263 
329 109 
2858 2858 
3118 9354 
2608 2608 
2381 2381 
1162 386 
44 14 
154 50 
2758 2758 
327 981 
1331 3993 
1827 1827 
2422 806 
4282 12846 
2902 8706 
3753 1250 
1748 1748 
2837 2837 
1911 1911 
1811 603 
3615 1204 
1859 1859 
1757 1757 
3223 1073 
2786 8358 
2316 2316 
3184 9552 
851 2553 
1692 1692 
2173 723 
4475 13425 
296 888 
2182 6546 
796 2388 
3119 1039 
2365 2365 
2985 2985 
1563 520 
2531 2531 
2289 2289 
2699 2699 
3611 10833 
1468 4404 
482 160 
539 1617 
2772 923 
2138 2138 
4219 1405 
3124 9372 
1675 5025 
2322 6966 
3906 1301 
1600 1600 
159 52 
4069 12207 
459 152 
1984 1984 
3656 1218 
1688 562 
1649 1649 
4447 1481 
3464 10392 
1500 499 
2698 898 
3570 10710 
2474 2474 
2930 2930 
2502 2502 
2902 2902 
1505 501 
1515 1515 
4335 1444 
2874 2874 
1451 483 
3014 9042 
3325 1107 
1632 1632 
2371 7113 
994 330 
2482 2482 
2880 959 
2011 2011 
2356 2356 
961 319 
3294 1097 
2842 2842 
3071 9213 
3048 1015 
1719 572 
2080 2080 
698 2094 
1964 1964 
250 750 
2982 8946 
2954 2954 
2805 2805 
1940 1940 
2220 2220 
2354 2354 
1971 1971 
1830 1830 
2475 2475 
2440 2440 
3461 10383 
2124 707 
701 2103 
1603 533 
2621 2621 
771 2313 
2077 2077 
1470 489 
2253 2253 
349 115 
1592 1592 
68 22 
1934 1934 
1083 360 
1659 1659 
1833 1833 
2765 2765 
2603 2603 
2815 937 
2279 6837 
1827 608 
3176 9528 
1395 464 
3631 1209 
1298 3894 
3857 11571 
4415 13245 
4015 1337 
3278 1092 
641 1923 
2238 2238 
4371 13113 
735 244 
4187 1395 
2494 830 
198 594 
3495 1164 
475 1425 
2689 2689 
500 166 
2696 2696 
2057 685 
1693 563 
3735 11205 
1852 1852 
1236 411 
3249 1082 
3537 1178 
1708 1708 
1961 653 
1999 5997 
451 1353 
1919 5757 
2412 2412 
1099 3297 
408 1224 
1556 1556 
2723 8169 
2468 7404 
1679 1679 
2462 7386 
2544 847 
190 62 
2406 7218 
940 312 
644 1932 
2442 813 
4426 13278 
3561 1186 
4456 13368 
2399 799 
2972 2972 
932 2796 
1552 516 
2037 2037 
1897 1897 
2853 8559 
99 297 
2163 2163 
3371 1123 
1041 346 
2162 2162 
1509 502 
1739 1739 
2375 791 
1418 4254 
2478 2478 
700 2100 
2394 2394 
1997 1997 
1052 3156 
2646 7938 
889 295 
2453 2453 
2780 2780 
3353 1117 
1045 3135 
2319 772 
2790 2790 
2951 2951 
1601 533 
2968 2968 
2897 965 
2769 2769 
813 270 
4228 1408 
2266 754 
4259 1419 
2626 2626 
2690 2690 
2051 2051 
1046 3138 
592 196 
3646 10938 
2858 8574 
2256 2256 
3647 10941 
2060 2060 
3679 11037 
191 63 
1870 1870 
3013 1003 
1687 1687 
1577 1577 
3932 1310 
2886 2886 
1510 4530 
2484 2484 
4442 13326 
474 1422 
3232 1076 
3038 1012 
4300 1432 
2997 2997 
2869 8607 
627 1881 
668 2004 
2665 887 
3236 9708 
1584 1584 
3599 10797 
589 1767 
4044 1347 
2303 2303 
1759 1759 
962 2886 
1329 442 
2480 2480 
3323 1107 
3684 11052 
1626 541 
1394 464 
508 1524 
2166 6498 
3783 11349 
2422 2422 
3110 1036 
1306 3918 
2338 7014 
2229 2229 
1636 544 
2591 2591 
112 36 
3245 1081 
2700 2700 
3356 1118 
2808 8424 
1489 4467 
1535 1535 
552 183 
2492 830 
1664 1664 
1566 1566 
2711 2711 
2860 8580 
2887 2887 
3565 10695 
2000 2000 
2184 6552 
3863 1287 
311 103 
2240 2240 
1886 1886 
2940 2940 
4261 12783 
2296 2296 
402 1206 
2458 7374 
2900 966 
1795 5385 
1971 5913 
2743 2743 
2514 2514 
3024 9072 
99 32 
1059 352 
2472 7416 
4339 1445 
4195 12585 
1975 1975 
1504 1504 
1908 635 
3398 1132 
1509 1509 
1812 1812 
1308 435 
2490 2490 
3788 1262 
2063 2063 
1215 404 
42 126 
2109 702 
1990 1990 
3730 11190 
1283 427 
2175 2175 
2971 2971 
2303 6909 
1398 4194 
3451 1149 
3698 1232 
1558 4674 
2459 819 
2142 713 
117 351 
2927 2927 
1887 628 
1887 1887 
471 156 
2395 2395 
3446 10338 
1763 587 
356 118 
1981 1981 
2979 2979 
254 84 
4175 1391 
816 2448 
2491 2491 
3782 11346 
2911 2911 
3743 11229 
84 27 
2102 2102 
3508 1168 
2223 740 
1548 4644 
4027 12081 
4283 12849 
4435 1477 
1299 432 
679 2037 
780 259 
2578 858 
4141 1379 
2557 851 
1966 1966 
1226 408 
1368 455 
2209 2209 
2276 6828 
1880 5640 
1034 3102 
2480 7440 
3116 9348 
732 243 
939 2817 
2452 2452 
2215 737 
2239 2239 
2061 6183 
661 219 
492 1476 
1854 1854 
4052 1350 
1267 421 
1582 4746 
2400 2400 
3475 1157 
2004 2004 
2131 2131 
3343 1113 
1783 5349 
2715 2715 
1123 3369 
2597 7791 
2617 2617 
2498 2498 
3122 1040 
17 51 
2907 2907 
2537 2537 
2794 2794 
1705 1705 
2192 2192 
3626 1208 
3710 11130 
3308 1102 
333 999 
2461 2461 
40 120 
3337 10011 
1656 551 
2970 989 
1566 4698 
1449 4347 
1530 1530 
1704 1704 
4458 1485 
2822 2822 
1701 5103 
1992 1992 
3204 1067 
3082 1026 
1613 537 
1959 1959 
808 2424 
757 251 
2097 2097 
3912 11736 
2575 7725 
2449 7347 
1195 397 
2553 850 
2591 863 
2103 6309 
2898 2898 
2613 7839 
1571 1571 
2871 956 
539 179 
2750 2750 
1762 1762 
2372 7116 
782 2346 
2623 2623 
1849 5547 
3474 10422 
2960 8880 
2339 7017 
1978 5934 
1619 1619 
2166 2166 
2975 2975 
2122 6366 
1163 3489 
2797 2797 
3977 1325 
2096 2096 
2677 891 
1150 3450 
1120 372 
1652 550 
2147 2147 
1671 1671 
2854 2854 
929 309 
2472 2472 
3691 11073 
4185 12555 
2312 2312 
423 140 
690 2070 
467 155 
2945 2945 
2625 2625 
3471 10413 
1730 1730 
2341 2341 
666 1998 
2557 7671 
3226 1074 
2262 2262 
4245 1414 
1826 1826 
2789 929 
2166 721 
2729 8187 
2777 925 
3405 10215 
120 39 
2546 2546 
102 306 
1824 5472 
2522 2522 
3726 1241 
1601 1601 
2949 8847 
2196 2196 
1355 451 
1576 524 
1657 1657 
4184 12552 
146 438 
445 1335 
2001 6003 
2943 2943 
3203 9609 
122 40 
4468 1488 
4409 1469 
3958 11874 
800 2400 
3547 10641 
1315 3945 
4382 13146 
2636 2636 
3211 9633 
2458 2458 
2782 2782 
4030 12090 
2838 2838 
1875 1875 
2919 8757 
1924 1924 
4131 12393 
818 2454 
2589 7767 
3044 1014 
2787 2787 
2726 2726 
1728 1728 
73 219 
2333 6999 
2619 2619 
1024 3072 
2311 2311 
2516 2516 
1660 1660 
1626 4878 
501 1503 
212 636 
2160 2160 
2039 2039 
2100 6300 
2835 944 
3966 1321 
2219 739 
1603 1603 
2768 2768 
1680 1680 
2944 8832 
1880 626 
3982 1326 
2688 2688 
3305 1101 
2041 6123 
1274 3822 
2973 2973 
1856 1856 
3264 1087 
4242 12726 
1880 1880 
3934 11802 
1159 385 
2235 2235 
2477 825 
2820 2820 
1828 1828 
2611 869 
4181 1393 
704 234 
4000 12000 
1626 1626 
2425 807 
2950 8850 
4033 1343 
2138 6414 
1346 4038 
2372 2372 
1000 332 
4216 1404 
2004 6012 
3944 11832 
586 194 
4466 13398 
462 153 
1143 3429 
2584 7752 
2024 674 
2795 2795 
2846 948 
3120 9360 
3105 1034 
1648 548 
1932 1932 
4162 1386 
1908 1908 
4276 12828 
2470 822 
326 978 
1800 1800 
1865 1865 
569 189 
1818 1818 
2503 7509 
2651 2651 
3875 11625 
426 141 
3826 1274 
1867 5601 
1985 1985 
2317 771 
1511 1511 
4472 1490 
2377 7131 
4061 12183 
1343 447 
1754 1754 
203 609 
1011 336 
53 17 
2601 2601 
541 1623 
2620 7860 
1281 3843 
1263 3789 
3736 1244 
2727 908 
1628 1628 
1553 4659 
1636 4908 
2275 757 
2808 2808 
568 188 
2404 7212 
1434 4302 
1073 3219 
2025 6075 
863 2589 
2056 2056 
4317 12951 
2547 848 
2905 2905 
4036 1344 
297 98 
3001 9003 
2916 971 
2717 2717 
3446 1148 
1621 1621 
1245 3735 
2349 782 
2048 2048 
1670 1670 
409 1227 
2406 2406 
3154 1050 
3746 1248 
2213 737 
1862 1862 
3104 1034 
3401 1133 
1914 1914 
1983 1983 
2906 2906 
3361 1119 
3466 1154 
4408 1468 
698 232 
1884 1884 
258 774 
2399 2399 
3248 9744 
2339 779 
3376 1124 
3054 1017 
2706 8118 
4321 12963 
2433 810 
1004 3012 
2551 2551 
2167 6501 
2990 2990 
1904 1904 
1260 3780 
2251 6753 
3579 10737 
2455 2455 
2612 2612 
2050 2050 
1990 662 
1124 3372 
1962 5886 
2873 2873 
1970 1970 
1527 4581 
2219 6657 
638 1914 
3479 1159 
2212 2212 
19 57 
369 122 
1219 405 
111 36 
3724 11172 
1937 645 
950 316 
419 139 
2814 2814 
1228 408 
1323 440 
2376 2376 
1845 614 
3610 1202 
2603 7809 
2657 2657 
2595 2595 
1624 540 
2633 2633 
2860 2860 
2733 2733 
2724 2724 
876 291 
2435 2435 
2245 2245 
3865 11595 
2073 2073 
1540 4620 
1515 504 
175 525 
428 1284 
2118 6354 
1747 5241 
1750 1750 
4267 1421 
3160 1052 
3409 10227 
1740 1740 
1923 1923 
1391 4173 
2180 6540 
4062 12186 
1386 461 
2153 717 
635 1905 
4085 1361 
22 66 
2114 2114 
1675 557 
3814 1270 
946 2838 
1815 1815 
2965 987 
1768 1768 
2765 921 
3893 11679 
2378 7134 
1707 1707 
1417 4251 
3950 1316 
1712 1712 
1051 349 
2130 709 
2181 2181 
2347 2347 
2071 2071 
479 159 
629 1887 
264 792 
1659 552 
2574 857 
2448 2448 
2031 2031 
1510 1510 
3099 1032 
3869 11607 
2762 2762 
1770 589 
2551 7653 
1665 1665 
2087 2087 
1332 3996 
184 552 
205 615 
3740 1246 
596 1788 
2629 875 
1523 1523 
630 209 
1169 389 
1605 1605 
4057 1351 
268 804 
2992 2992 
399 132 
1861 1861 
4348 1448 
2989 2989 
2375 2375 
1548 515 
1920 1920 
4280 12840 
1551 1551 
4409 13227 
1824 1824 
2722 906 
2284 2284 
1786 594 
100 32 
2809 2809 
378 125 
150 450 
2762 8286 
3330 1109 
4382 1460 
2357 785 
257 85 
2302 2302 
1758 5274 
2598 2598 
1627 541 
857 2571 
2111 2111 
2781 926 
1564 4692 
1050 349 
1574 1574 
522 173 
3196 1064 
3667 1221 
1175 3525 
1409 4227 
4450 1482 
2329 6987 
2164 6492 
1297 3891 
2783 2783 
1549 4647 
2366 2366 
1181 393 
1764 5292 
1793 1793 
2912 2912 
1952 1952 
1845 1845 
2604 2604 
2351 2351 
1687 5061 
803 2409 
2324 2324 
3539 10617 
855 284 
1465 4395 
1018 338 
693 2079 
2172 2172 
4258 1418 
52 156 
2571 7713 
1797 1797 
4115 12345 
2089 2089 
2036 2036 
1933 1933 
487 1461 
2244 747 
2591 7773 
3107 1035 
3458 10374 
3342 10026 
4038 1345 
2995 2995 
3022 9066 
4209 12627 
2425 2425 
2149 2149 
1521 506 
1414 4242 
2255 2255 
136 44 
2554 2554 
3569 10707 
1773 1773 
1690 1690 
2763 920 
1930 5790 
230 690 
3018 9054 
437 1311 
2308 2308 
3478 1158 
1678 1678 
2889 2889 
2719 2719 
3383 10149 
373 1119 
82 26 
1713 1713 
2883 8649 
3384 10152 
2872 956 
1404 467 
2752 2752 
249 747 
2432 2432 
18 5 
2089 695 
1531 4593 
2456 2456 
2115 2115 
1980 5940 
752 250 
2350 7050 
1735 1735 
2038 678 
1754 5262 
2654 884 
1191 396 
2039 6117 
1555 4665 
2576 2576 
1733 1733 
1613 4839 
2029 2029 
3614 1204 
3849 1282 
4377 13131 
3352 1116 
2687 2687 
675 2025 
820 2460 
2367 2367 
1249 3747 
2559 7677 
2702 2702 
1546 1546 
4428 13284 
4043 1347 
2198 6594 
3862 11586 
2349 2349 
763 2289 
3976 1324 
713 237 
1934 644 
402 133 
2389 2389 
1777 1777 
430 1290 
89 267 
2883 2883 
1597 531 
2070 2070 
779 2337 
4297 1431 
1708 5124 
1176 391 
998 332 
636 1908 
2892 8676 
2386 2386 
1980 1980 
2091 2091 
2232 2232 
135 405 
1356 4068 
1077 358 
814 270 
2616 2616 
1567 1567 
60 19 
3906 11718 
213 639 
1751 1751 
2817 2817 
2536 2536 
1957 5871 
2961 2961 
636 211 
1643 547 
2950 2950 
1526 1526 
63 189 
2387 2387 
2115 704 
2662 2662 
4243 12729 
2136 711 
4177 1391 
4003 12009 
2980 2980 
1868 622 
201 603 
4267 12801 
705 234 
2826 941 
2362 2362 
2997 8991 
2850 2850 
1449 482 
2196 731 
2918 2918 
1587 1587 
4115 1371 
274 822 
773 257 
1927 5781 
4262 12786 
2660 2660 
674 224 
2101 2101 
4402 1466 
2923 2923 
3839 11517 
1030 342 
1560 519 
1525 507 
1925 1925 
2534 2534 
1073 357 
2551 849 
1037 345 
2781 8343 
1938 1938 
2515 2515 
1846 1846 
2713 2713 
1689 1689 
4469 13407 
3434 1144 
3784 1260 
2668 8004 
2574 2574 
3772 11316 
695 2085 
4379 1459 
703 233 
3681 11043 
30 90 
2180 726 
1617 1617 
2164 720 
4005 1334 
2430 2430 
192 63 
1715 571 
1025 341 
3333 9999 
2420 2420 
4224 12672 
633 210 
2866 2866 
2279 2279 
2146 2146 
1469 489 
2953 2953 
2085 2085 
2634 2634 
2314 6942 
1900 1900 
2582 2582 
987 2961 
2319 2319 
1117 371 
3408 1135 
2409 2409 
2673 8019 
3780 11340 
2796 2796 
182 60 
870 289 
2237 2237 
1891 1891 
2648 882 
1112 3336 
2682 2682 
166 54 
1664 4992 
2267 6801 
4065 1354 
2293 6879 
4136 12408 
2788 928 
4211 1403 
1543 1543 
671 2013 
2356 784 
4401 13203 
2767 2767 
1810 602 
2970 2970 
2886 961 
1217 3651 
2119 705 
3488 10464 
29 87 
4196 1398 
248 82 
1862 620 
2084 6252 
1608 535 
2173 2173 
699 2097 
1851 616 
2378 2378 
1067 355 
2904 2904 
4030 1342 
3499 1165 
1943 5829 
1965 5895 
120 360 
2439 2439 
2894 2894 
1675 1675 
4458 13374 
3974 1324 
3010 9030 
127 41 
1872 1872 
1697 1697 
4187 12561 
2226 6678 
3147 9441 
3025 1007 
2698 2698 
224 672 
3465 10395 
3940 1312 
2965 2965 
3500 10500 
3320 9960 
2152 2152 
1560 1560 
2260 2260 
1541 1541 
3183 9549 
714 237 
1252 416 
2218 2218 
1744 580 
2463 2463 
2466 2466 
2214 737 
177 531 
2280 2280 
2144 2144 
2521 2521 
1800 599 
113 37 
554 184 
3960 1319 
2414 2414 
2169 2169 
3309 1102 
1246 3738 
2709 902 
4173 12519 
4265 1421 
2331 6993 
1216 3648 
612 1836 
2550 2550 
3797 1265 
2017 671 
1791 1791 
1733 577 
1554 517 
2070 689 
2995 8985 
169 55 
1118 3354 
1521 1521 
1761 1761 
1109 3327 
1383 460 
668 222 
3085 1027 
2213 2213 
2510 836 
1209 402 
2861 953 
2086 694 
979 325 
2230 742 
1337 445 
2931 2931 
2517 2517 
4010 1336 
3787 11361 
1723 1723 
2745 2745 
216 648 
2464 2464 
3024 1007 
1818 5454 
2513 7539 
2722 8166 
1729 1729 
294 97 
1361 453 
3114 1037 
1835 5505 
2390 7170 
2426 2426 
2531 843 
2103 2103 
2962 2962 
1841 1841 
2612 7836 
2675 2675 
2171 2171 
1474 4422 
4315 1437 
2386 794 
2045 2045 
500 1500 
1512 1512 
2828 2828 
3106 1034 
2261 2261 
472 1416 
2864 8592 
1654 550 
94 282 
3843 1280 
1727 575 
260 86 
1857 1857 
2067 2067 
281 93 
485 161 
4313 1437 
2495 7485 
2892 2892 
1738 1738 
2389 795 
4325 1441 
4226 1408 
581 1743 
1647 4941 
2441 2441 
406 1218 
2322 2322 
1045 347 
2177 2177 
2753 8259 
2773 2773 
3452 1150 
1125 3375 
2931 976 
3068 1022 
2928 2928 
1621 4863 
1805 601 
1831 1831 
2642 7926 
1641 546 
2718 2718 
1849 1849 
1648 1648 
2336 2336 
2022 2022 
1958 1958 
1881 1881 
3903 11709 
4368 1455 
1375 4125 
4374 13122 
678 225 
4194 12582 
3703 11109 
4034 12102 
3946 1314 
2957 2957 
2947 2947 
4430 13290 
1537 511 
2879 8637 
2896 2896 
1638 4914 
1616 1616 
1779 592 
2052 2052 
1023 3069 
2949 982 
1580 4740 
2680 8040 
2187 2187 
1881 626 
1842 1842 
4301 1433 
1821 606 
1615 4845 
2702 900 
1766 1766 
3341 1113 
1211 3633 
3059 9177 
1765 5295 
309 102 
1668 555 
3761 11283 
1726 1726 
2368 2368 
2798 2798 
2929 2929 
379 1137 
3262 1086 
2594 2594 
1867 1867 
1507 1507 
4459 1485 
1969 1969 
371 123 
1304 434 
2188 2188 
1997 5991 
2472 823 
335 111 
1989 1989 
1455 4365 
2236 2236 
2361 2361 
2789 8367 
965 2895 
2318 2318 
817 2451 
2800 2800 
1807 1807 
2332 2332 
2012 670 
1171 389 
219 72 
2952 2952 
1910 1910 
2557 2557 
2742 2742 
1674 1674 
1563 1563 
2371 2371 
1240 412 
8 24 
455 1365 
3016 9048 
4061 1353 
2671 889 
2836 2836 
2515 7545 
2274 2274 
3820 1272 
1633 543 
4110 1369 
2721 906 
1700 1700 
2738 2738 
1443 4329 
4016 1338 
2576 858 
3187 9561 
2257 6771 
1369 4107 
2626 874 
1928 5784 
2216 738 
2544 2544 
2580 7740 
4416 13248 
1689 5067 
2637 878 
2462 2462 
1890 5670 
1780 1780 
1480 4440 
1537 1537 
1306 434 
2483 7449 
2313 770 
1785 5355 
2328 2328 
1502 1502 
2708 2708 
2139 2139 
3055 9165 
1836 1836 
1043 3129 
3040 9120 
3237 9711 
2725 907 
510 1530 
2644 2644 
3369 10107 
235 705 
2942 980 
445 147 
4144 1380 
912 303 
903 2709 
382 126 
3937 11811 
1501 4503 
1926 1926 
1196 3588 
1612 1612 
2061 2061 
490 162 
869 289 
3470 10410 
1110 369 
1562 1562 
2664 2664 
2732 2732 
4181 12543 
2006 668 
2630 2630 
2137 2137 
3571 10713 
2134 2134 
210 630 
252 756 
2939 2939 
1325 3975 
561 1683 
1569 1569 
2898 965 
2220 6660 
2539 7617 
3103 1033 
1407 468 
2433 2433 
2016 2016 
3535 1177 
2756 8268 
4148 1382 
4086 1361 
578 192 
1741 1741 
2004 667 
1655 4965 
2368 788 
4474 13422 
223 669 
3006 1001 
4418 13254 
1200 3600 
2588 7764 
922 306 
2769 922 
4263 1420 
3277 1091 
1662 1662 
1638 1638 
1038 3114 
2901 2901 
1477 491 
3023 9069 
2552 2552 
1776 591 
1659 4977 
2726 8178 
266 88 
1864 1864 
4324 12972 
391 129 
1202 3606 
2183 727 
1703 1703 
2863 953 
2596 2596 
2948 8844 
1702 1702 
1283 3849 
2189 729 
1598 1598 
2154 717 
374 1122 
2035 2035 
2611 7833 
4389 13167 
1765 1765 
2370 2370 
582 1746 
2034 677 
2862 2862 
978 2934 
1903 5709 
2182 2182 
2538 2538 
2352 2352 
2482 826 
1098 3294 
2600 7800 
4148 12444 
2438 2438 
316 104 
2910 8730 
2886 8658 
2708 8124 
85 27 
30 9 
3869 1289 
119 39 
2922 8766 
2268 2268 
1781 1781 
2180 2180 
2540 2540 
3585 1194 
982 326 
1915 1915 
3447 1148 
890 296 
911 303 
1787 595 
1645 547 
2673 2673 
1574 524 
1492 4476 
1578 1578 
2405 2405 
2736 2736 
2433 7299 
1966 654 
2741 2741 
2484 7452 
2086 6258 
1582 1582 
2859 2859 
1520 1520 
2676 8028 
174 57 
2960 2960 
2714 2714 
549 1647 
1895 1895 
1751 583 
2459 2459 
2525 841 
2434 2434 
1688 1688 
1186 394 
462 1386 
2827 2827 
534 177 
1766 588 
2295 6885 
2830 8490 
3205 1067 
2439 7317 
4058 1352 
1794 5382 
3793 1263 
2932 2932 
1244 414 
4476 1491 
2449 2449 
2276 2276 
1625 1625 
1953 650 
1650 4950 
4235 1411 
353 117 
660 219 
2022 673 
508 168 
3619 10857 
731 243 
2571 856 
3809 11427 
3030 9090 
181 59 
633 1899 
2013 2013 
247 81 
974 2922 
2025 2025 
2140 6420 
1540 1540 
2340 7020 
2788 2788 
1789 1789 
618 205 
3239 9717 
355 1065 
1718 1718 
2430 7290 
2148 715 
3053 1017 
3169 9507 
4302 1433 
303 909 
2590 2590 
1046 348 
2451 2451 
372 123 
143 429 
839 279 
2720 906 
2318 772 
1726 574 
4480 1492 
1819 1819 
200 66 
3767 1255 
1903 1903 
175 57 
1667 1667 
2053 2053 
2034 2034 
1944 5832 
2985 994 
4238 1412 
450 149 
697 231 
4138 1378 
2999 2999 
3670 1222 
2355 784 
3817 1271 
2126 2126 
3698 11094 
2459 7377 
3768 11304 
2261 6783 
431 1293 
1012 336 
2158 2158 
46 138 
1722 5166 
1554 1554 
1702 566 
4392 1463 
2722 2722 
4083 1360 
1563 4689 
357 1071 
2656 2656 
400 132 
2925 8775 
2983 2983 
2426 7278 
710 2130 
1995 664 
1959 652 
887 2661 
1594 1594 
2856 2856 
3486 1161 
1122 373 
3144 9432 
4059 12177 
1753 1753 
432 143 
1817 1817 
1996 1996 
2968 988 
3101 9303 
2543 2543 
1637 545 
1736 578 
1174 3522 
3785 11355 
1797 598 
2120 2120 
730 242 
3711 1236 
2471 2471 
1680 5040 
2392 2392 
2165 2165 
3967 1321 
2122 706 
1544 514 
2571 2571 
956 2868 
2519 7557 
3134 1044 
1745 1745 
2195 6585 
471 1413 
2822 8466 
2222 2222 
2772 2772 
1181 3543 
2487 7461 
2321 2321 
2716 2716 
2417 2417 
2732 8196 
345 114 
724 2172 
2059 6177 
520 172 
1711 569 
733 2199 
2207 6621 
1709 1709 
4037 12111 
2541 2541 
801 2403 
608 202 
1695 564 
1591 1591 
1187 395 
2976 2976 
2835 2835 
2597 2597 
2444 2444 
2778 2778 
2012 2012 
2299 2299 
1063 353 
1627 1627 
289 867 
1744 1744 
1196 398 
2105 2105 
3562 10686 
1172 390 
2244 2244 
3268 1088 
2753 2753 
2165 721 
2292 2292 
4374 1457 
746 248 
2867 955 
2526 7578 
3156 1051 
1747 1747 
3985 1327 
1682 1682 
2849 2849 
3455 1151 
970 322 
2310 6930 
3569 1189 
2241 2241 
2273 2273 
1884 627 
3034 9102 
2654 2654 
3952 11856 
1290 3870 
2873 957 
15 4 
4422 13266 
3210 1069 
3147 1048 
2404 2404 
3609 1202 
2050 682 
58 18 
2670 889 
2464 7392 
973 2919 
2637 2637 
1673 5019 
4180 1392 
2978 8934 
4029 12087 
2741 8223 
3140 1046 
3028 1008 
1579 1579 
2440 812 
2170 2170 
1734 1734 
1663 553 
3602 10806 
3313 1103 
2126 708 
1217 405 
2943 8829 
1823 1823 
1953 1953 
642 213 
2446 814 
2020 2020 
1298 432 
806 2418 
1695 1695 
2194 2194 
447 1341 
3120 1039 
3566 1188 
2452 816 
2997 998 
1547 1547 
977 325 
2740 8220 
2975 8925 
1760 1760 
1005 3015 
1494 497 
2344 2344 
1322 440 
2485 7455 
3708 11124 
2837 8511 
2092 2092 
2215 2215 
1302 3906 
2958 2958 
1232 410 
1611 1611 
3913 11739 
971 323 
4368 13104 
504 1512 
3825 1274 
2616 7848 
790 2370 
4402 13206 
2208 2208 
2526 2526 
4470 13410 
2532 2532 
2219 2219 
1370 456 
1905 1905 
3069 1022 
1253 3759 
225 74 
4192 1396 
1524 1524 
1570 1570 
2968 8904 
2344 7032 
989 329 
2357 2357 
2547 7641 
2075 2075 
2332 776 
1420 4260 
3026 9078 
2191 729 
1879 1879 
1945 1945 
2964 2964 
772 2316 
2242 2242 
2538 7614 
3416 1138 
2283 2283 
2244 6732 
3381 10143 
1577 525 
2785 927 
63 20 
709 235 
96 288 
4205 1401 
1604 534 
2415 2415 
2350 2350 
1656 1656 
263 87 
1615 537 
3021 9063 
3822 1273 
1040 346 
3119 9357 
1922 1922 
3483 10449 
1378 458 
4217 12651 
2413 2413 
2323 2323 
2460 2460 
2579 2579 
2123 6369 
2826 2826 
2106 6318 
2027 2027 
2236 744 
2882 2882 
652 216 
3925 11775 
107 321 
3369 1122 
2168 722 
2207 2207 
1853 1853 
2744 2744 
3991 1329 
1555 1555 
2221 2221 
432 1296 
1107 3321 
1799 1799 
2747 2747 
193 63 
4448 1482 
3923 11769 
2013 6039 
2202 6606 
3347 1115 
1312 3936 
3634 1210 
2921 2921 
2247 2247 
2556 2556 
761 2283 
2546 7638 
4068 1355 
2058 2058 
2686 2686 
2496 831 
3328 9984 
3727 1241 
3732 11196 
2088 695 
2694 2694 
1590 1590 
2217 738 
2327 2327 
1764 587 
572 190 
1647 1647 
1277 425 
4122 1373 
1205 3615 
3000 3000 
305 101 
935 2805 
2500 832 
1866 1866 
2341 779 
3206 9618 
1629 1629 
322 106 
2085 694 
1187 3561 
1715 1715 
2729 2729 
221 663 
2507 2507 
2700 899 
2019 2019 
338 112 
1002 3006 
2515 837 
631 1893 
267 88 
2297 6891 
2486 2486 
4299 1432 
3338 10014 
2984 2984 
2629 2629 
1490 4470 
3675 11025 
3013 9039 
206 618 
3768 1255 
2754 2754 
2672 8016 
2739 2739 
3697 11091 
6 18 
2285 2285 
1027 3081 
227 681 
81 243 
1917 1917 
2388 2388 
705 2115 
1863 1863 
3689 11067 
4202 1400 
3201 9603 
3229 9687 
3361 10083 
2064 2064 
2935 8805 
2936 2936 
2718 8154 
1222 3666 
2246 2246 
1793 5379 
1720 1720 
4059 1352 
978 325 
214 70 
2306 2306 
1679 5037 
2680 2680 
4072 1356 
1762 5286 
2740 2740 
3111 1036 
2777 2777 
4212 12636 
1607 4821 
2764 2764 
1000 3000 
3803 1267 
3123 1040 
1699 1699 
862 286 
1658 1658 
343 113 
2727 2727 
4463 1487 
788 2364 
1486 494 
1897 5691 
1838 1838 
156 51 
1784 1784 
1620 1620 
2427 2427 
2267 2267 
2487 828 
2447 7341 
4204 12612 
2041 2041 
2337 2337 
1219 3657 
1103 3309 
2670 2670 
2269 2269 
3885 1294 
2845 2845 
1508 1508 
3195 1064 
2448 815 
3473 10419 
2330 6990 
4100 1366 
2401 2401 
2301 6903 
1506 1506 
3854 1284 
2274 757 
2578 2578 
4164 1387 
2745 8235 
498 1494 
1918 1918 
2325 2325 
1557 518 
2906 8718 
905 2715 
1995 5985 
2948 982 
2875 2875 
3418 10254 
1374 457 
3005 1001 
1999 665 
916 304 
2543 847 
1308 3924 
2374 2374 
2197 2197 
2855 2855 
2127 2127 
2043 2043 
2232 743 
832 276 
2705 2705 
2562 2562 
1084 360 
2109 6327 
536 178 
1327 3981 
2286 2286 
761 253 
1666 1666 
3845 1281 
1598 532 
4199 1399 
2070 6210 
998 2994 
3255 1084 
3217 9651 
2641 879 
3435 10305 
3600 1199 
2847 2847 
352 116 
2436 2436 
3581 10743 
2566 2566 
2488 2488 
1178 392 
1627 4881 
1092 363 
2595 7785 
3428 10284 
2802 2802 
3388 1128 
1635 1635 
2731 2731 
691 2073 
429 1287 
2090 6270 
1486 4458 
3619 1205 
1461 4383 
3456 1151 
1701 1701 
2030 2030 
1782 1782 
1151 3453 
295 885 
325 107 
3491 1163 
3292 1096 
3272 1090 
1275 3825 
1686 1686 
1480 492 
1609 1609 
1202 400 
3306 1101 
677 2031 
2533 2533 
1371 456 
1894 1894 
2457 818 
1404 4212 
2653 2653 
2925 2925 
2568 2568 
3292 9876 
3053 9159 
789 2367 
2521 839 
1573 1573 
1889 1889 
1722 573 
3804 11412 
1891 5673 
2228 2228 
3537 10611 
3255 9765 
77 231 
3679 1225 
2259 2259 
1458 4374 
730 2190 
2125 2125 
3172 1056 
3534 10602 
186 558 
4156 12468 
351 1053 
2643 2643 
2904 8712 
2286 6858 
1493 4479 
2363 2363 
3934 1310 
338 1014 
2868 2868 
4424 13272 
2340 779 
3686 1228 
1532 510 
1936 1936 
2265 2265 
3999 11997 
1850 1850 
2791 2791 
3874 1290 
2563 2563 
1872 5616 
2135 2135 
3905 11715 
825 274 
3135 9405 
1681 5043 
2255 6765 
1558 1558 
1963 1963 
3286 1094 
1691 1691 
1596 4788 
466 1398 
2911 969 
1901 1901 
2635 877 
1685 1685 
2878 2878 
4067 1355 
2903 2903 
2373 2373 
3477 1158 
2816 2816 
784 260 
2098 2098 
2242 6726 
1513 1513 
288 864 
1650 1650 
836 2508 
926 2778 
3872 1290 
2748 2748 
1266 421 
2029 675 
3267 1088 
2038 2038 
240 720 
756 2268 
2941 2941 
1744 5232 
1943 1943 
2033 2033 
1311 3933 
1616 538 
1835 1835 
2523 840 
3160 9480 
1837 611 
1334 444 
3214 1070 
1536 1536 
1269 422 
2819 2819 
4423 13269 
3157 1051 
4412 13236 
2362 786 
1149 3447 
4498 1498 
3970 1322 
1427 475 
2907 968 
3688 11064 
3891 1296 
754 250 
2223 2223 
342 113 
1500 4500 
1525 1525 
4413 1470 
1291 3873 
1365 454 
2870 2870 
3210 9630 
694 230 
366 121 
1966 5898 
2106 701 
784 2352 
1785 1785 
1622 4866 
2311 769 
1426 4278 
2978 992 
3260 1086 
4063 12189 
2227 2227 
1153 383 
2586 2586 
2581 2581 
1862 5586 
3047 9141 
2784 2784 
2135 6405 
4488 1495 
3910 11730 
377 125 
884 294 
2535 2535 
2266 2266 
2195 731 
3668 1222 
3134 9402 
1173 3519 
719 2157 
2893 2893 
2564 2564 
1652 4956 
3815 11445 
4093 12279 
544 1632 
1693 5079 
4006 1334 
1895 5685 
869 2607 
2055 2055 
2831 8493 
3360 1119 
1758 1758 
332 996 
2411 803 
3838 11514 
1957 1957 
3266 1088 
2078 692 
2189 2189 
1583 1583 
2861 2861 
2655 7965 
2529 7587 
1572 1572 
2661 2661 
1949 1949 
3976 11928 
2481 2481 
2155 2155 
4220 12660 
2191 6573 
2959 8877 
1097 365 
134 402 
23 7 
3065 1021 
2798 8394 
4017 12051 
2523 2523 
3922 1306 
1935 1935 
1770 1770 
3786 1261 
1589 1589 
1721 1721 
2606 2606 
2528 2528 
310 930 
595 1785 
2429 2429 
1952 5856 
1037 3111 
1672 1672 
2749 915 
2967 988 
2133 2133 
4380 1459 
2751 2751 
3911 11733 
353 1059 
295 97 
1460 486 
2398 2398 
2703 2703 
2942 2942 
2998 2998 
2864 2864 
1763 1763 
121 39 
4123 12369 
1355 4065 
2833 2833 
1602 1602 
1838 612 
183 549 
1564 520 
1673 1673 
773 2319 
1937 1937 
970 2910 
2051 6153 
1013 337 
2880 2880 
1396 464 
2101 6303 
2489 2489 
1473 490 
1408 4224 
1641 1641 
3945 1314 
1919 1919 
1272 3816 
753 250 
3520 10560 
1779 1779 
1347 448 
4348 13044 
1350 4050 
2121 706 
2008 2008 
2335 2335 
2096 698 
2632 876 
4425 1474 
2553 2553 
2310 769 
3990 1329 
3575 1191 
1505 1505 
3539 1179 
2353 2353 
1902 1902 
2054 6162 
2759 919 
454 1362 
1239 3717 
2142 6426 
1570 4710 
2955 2955 
2483 2483 
4257 12771 
2801 2801 
2829 942 
2947 981 
231 76 
2410 2410 
1844 614 
2504 2504 
1936 644 
2470 2470 
4231 1409 
1921 1921 
2777 8331 
2493 2493 
3126 1041 
2075 6225 
2228 742 
2020 6060 
2109 2109 
3071 1023 
2508 2508 
337 1011 
1823 607 
38 12 
2495 2495 
2607 2607 
1814 604 
3288 1095 
1605 534 
3389 1129 
4038 12114 
819 2457 
2243 2243 
2407 2407 
125 375 
2009 2009 
1796 598 
760 2280 
1909 1909 
2657 7971 
320 106 
2414 804 
4351 1449 
257 771 
4215 1404 
2097 698 
727 2181 
2179 2179 
3082 9246 
2198 2198 
2260 752 
1921 5763 
3377 1125 
1925 641 
4460 13380 
2570 2570 
3655 10965 
2922 2922 
1512 4536 
1633 1633 
3189 9567 
2129 2129 
2391 2391 
3915 1304 
1244 3732 
2333 2333 
2252 2252 
2905 8715 
1789 595 
342 1026 
2384 2384 
1643 1643 
3907 1301 
3870 1289 
1951 1951 
1703 5109 
2390 2390 
2293 2293 
3432 1143 
2068 2068 
3225 9675 
881 293 
2614 2614 
2738 912 
1077 3231 
2151 2151 
142 426 
1382 4146 
1344 4032 
3372 1123 
2158 718 
2313 2313 
2532 843 
957 2871 
2141 2141 
2644 880 
317 105 
2205 6615 
4198 1398 
530 176 
2589 2589 
1749 1749 
2982 2982 
2770 2770 
3098 1032 
3008 1002 
2177 725 
4482 13446 
4365 13095 
2746 2746 
834 2502 
793 2379 
4130 1376 
2956 2956 
2402 2402 
2193 2193 
2825 2825 
1213 3639 
2294 2294 
2007 2007 
4419 13257 
167 55 
1730 5190 
2564 854 
1646 1646 
3521 1173 
2072 690 
2026 2026 
2785 2785 
3444 1147 
3022 1006 
1693 1693 
1942 1942 
1581 1581 
1604 1604 
4024 12072 
3075 1024 
2725 2725 
2584 2584 
2758 8274 
1129 3387 
4073 12219 
143 47 
2260 6780 
2499 2499 
1681 1681 
237 78 
3148 9444 
4310 12930 
1973 1973 
4183 12549 
2893 963 
2681 893 
292 876 
1888 1888 
1385 4155 
2939 8817 
2275 2275 
2988 2988 
3821 11463 
2510 2510 
3532 10596 
4474 1490 
1545 1545 
2257 2257 
2704 8112 
597 198 
2123 2123 
824 274 
1972 656 
2651 883 
1122 3366 
3436 1144 
3431 1143 
1795 1795 
887 295 
3300 9900 
612 203 
2418 805 
936 311 
292 96 
843 2529 
4326 12978 
2130 2130 
2993 8979 
2239 6717 
304 100 
883 2649 
3231 9693 
2309 769 
2497 2497 
1549 1549 
2963 2963 
2018 2018 
3609 10827 
3309 9927 
253 759 
3741 1246 
1796 5388 
3394 10182 
3633 1210 
1683 1683 
3383 1127 
1876 1876 
1813 1813 
3597 10791 
1163 387 
2271 756 
2235 744 
4354 1450 
1976 1976 
1529 1529 
371 1113 
1736 1736 
2678 2678 
1871 1871 
2966 2966 
1541 513 
1152 3456 
117 38 
1809 5427 
1742 1742 
1979 1979 
2537 845 
2054 2054 
902 300 
625 207 
1044 347 
3090 9270 
1954 1954 
1752 5256 
1532 1532 
2675 8025 
2621 7863 
2024 6072 
1598 4794 
3599 1199 
2767 921 
97 291 
2613 2613 
2581 7743 
1847 5541 
2610 7830 
4145 12435 
2844 2844 
2108 2108 
3451 10353 
1885 1885 
898 2694 
1597 1597 
2841 2841 
25 75 
853 2559 
2600 866 
2573 2573 
3586 1194 
2476 2476 
2014 6042 
273 819 
3507 1168 
181 543 
1273 3819 
1517 1517 
2441 813 
4162 12486 
2063 6189 
3146 1048 
2642 2642 
1227 3681 
1673 557 
1168 3504 
3516 1171 
68 204 
2468 2468 
1392 4176 
3141 9423 
1930 1930 
3108 1035 
3365 10095 
1225 3675 
1557 1557 
1961 5883 
642 1926 
2487 2487 
1542 4626 
2792 2792 
2518 2518 
2829 2829 
3535 10605 
153 459 
3411 10233 
3475 10425 
1376 4128 
3727 11181 
2424 2424 
1423 4269 
2159 6477 
2095 697 
2320 772 
1520 4560 
4279 1425 
1737 1737 
1868 1868 
2046 2046 
2879 2879 
3472 1156 
1099 365 
4114 1370 
1010 336 
867 2601 
1064 354 
3555 1184 
2116 2116 
1483 4449 
103 309 
1184 3552 
3676 11028 
2969 2969 
276 91 
2346 2346 
1552 1552 
1999 1999 
62 20 
1669 555 
2059 2059 
3063 1020 
2865 2865 
3283 9849 
2 6 
1268 3804 
1920 5760 
3693 1230 
4398 1465 
4090 1362 
2677 2677 
785 2355 
3237 1078 
3589 10767 
4405 1467 
2222 6666 
3027 1008 
355 117 
1611 536 
2630 876 
3715 1237 
3232 9696 
1839 1839 
300 900 
1631 1631 
1591 529 
1890 1890 
2369 2369 
2058 685 
386 1158 
1860 1860 
1011 3033 
1657 551 
2247 748 
2805 8415 
2659 2659 
2057 2057 
1285 427 
3645 1214 
2831 2831 
1788 1788 
3330 9990 
573 190 
3540 1179 
1661 1661 
2128 708 
3803 11409 
2545 2545 
3671 1223 
1904 634 
3897 1298 
3820 11460 
935 311 
71 213 
1250 416 
3621 1206 
4360 1452 
3831 11493 
390 1170 
3518 10554 
1719 1719 
1530 509 
2305 767 
2935 2935 
4125 12375 
1731 1731 
2385 794 
450 1350 
1684 1684 
2357 7071 
1599 1599 
178 534 
523 1569 
667 2001 
3880 1292 
208 68 
2739 8217 
3646 1214 
2017 6051 
167 501 
4229 12687 
4257 1418 
2079 2079 
2118 2118 
774 2322 
4073 1357 
2507 7521 
1798 1798 
1624 1624 
800 266 
2821 2821 
597 1791 
1443 480 
1048 3144 
886 294 
2682 8046 
1790 5370 
2468 822 
2573 7719 
781 2343 
2609 2609 
1874 1874 
1379 459 
1716 1716 
