5500 4000
3054 3054 
4573 13719 
2188 2188 
3987 1328 
4741 14223 
2273 2273 
2638 878 
797 265 
2658 2658 
2043 680 
958 318 
3487 3487 
1853 1853 
3723 1240 
2010 2010 
4173 12519 
4204 12612 
1650 549 
2640 2640 
618 205 
3548 3548 
2107 701 
2479 7437 
995 2985 
3824 1274 
1216 3648 
1612 536 
3379 3379 
4491 13473 
2355 2355 
2014 2014 
5476 1824 
1936 1936 
3726 11178 
2864 8592 
2785 2785 
245 735 
1314 3942 
78 234 
3176 3176 
5096 15288 
2113 2113 
3567 1188 
2311 2311 
2567 2567 
2114 2114 
2595 2595 
4985 1661 
256 84 
2038 2038 
2468 2468 
3405 3405 
2975 991 
683 227 
2543 2543 
1559 4677 
865 2595 
3834 11502 
5060 15180 
2416 2416 
1566 4698 
3382 10146 
418 138 
3676 11028 
1414 470 
2018 6054 
2049 2049 
2559 2559 
8 24 
3645 3645 
1779 5337 
4053 1350 
5424 16272 
2248 2248 
4425 13275 
1885 5655 
2163 6489 
5423 16269 
2942 2942 
3903 11709 
3441 3441 
3068 3068 
246 81 
1220 406 
2197 6591 
2166 2166 
4381 13143 
2357 2357 
3436 1144 
2929 2929 
2532 7596 
3589 3589 
79 25 
325 975 
3343 1113 
3527 3527 
2919 2919 
3285 3285 
2389 7167 
2379 2379 
639 212 
560 1680 
2687 2687 
5338 16014 
2637 2637 
1534 4602 
1188 395 
1905 1905 
2929 975 
602 1806 
4727 1575 
2834 2834 
5391 1796 
4217 12651 
5488 1828 
2650 2650 
4605 1534 
2399 2399 
2952 2952 
2557 2557 
2401 2401 
4990 1662 
55 17 
2083 693 
1970 656 
346 1038 
3197 3197 
1165 387 
2275 2275 
3608 3608 
1090 362 
5139 15417 
2348 7044 
1794 5382 
573 190 
2363 7089 
2219 2219 
3183 1060 
3462 10386 
2151 2151 
2823 2823 
2922 8766 
1591 529 
3113 3113 
2712 8136 
2963 2963 
5464 1820 
481 159 
2865 954 
2495 2495 
1770 589 
3531 3531 
2222 2222 
2471 2471 
2975 2975 
3359 3359 
4843 1613 
3385 3385 
4905 14715 
2830 942 
4940 14820 
4339 1445 
4509 13527 
2247 6741 
38 12 
4797 14391 
1988 5964 
2535 2535 
3029 3029 
4617 13851 
1131 3393 
3660 1219 
2713 2713 
5466 16398 
2597 2597 
2569 7707 
3342 10026 
2083 6249 
2588 2588 
1332 3996 
4163 12489 
2096 2096 
3525 3525 
3897 1298 
2285 2285 
5481 1826 
3618 3618 
4955 1651 
3309 1102 
1089 362 
2897 2897 
3026 3026 
2023 2023 
2895 2895 
3582 3582 
2013 2013 
703 233 
2850 2850 
3640 3640 
2121 706 
3403 3403 
292 96 
2334 777 
3251 3251 
4782 14346 
4716 14148 
1448 4344 
2421 7263 
2664 7992 
5152 15456 
3398 1132 
2311 769 
1750 5250 
3013 3013 
4328 12984 
2181 2181 
3147 9441 
1562 520 
1508 4524 
4285 12855 
2971 2971 
5270 15810 
1943 1943 
3341 3341 
5382 1793 
1006 334 
2853 950 
1152 3456 
343 1029 
3220 3220 
2771 2771 
1718 572 
4076 1358 
2264 2264 
4330 1442 
2530 7590 
105 34 
3661 1219 
619 1857 
5338 1778 
3250 3250 
3226 3226 
4031 12093 
2973 2973 
3515 3515 
2450 2450 
5479 1825 
3659 10977 
4492 13476 
1354 450 
2096 698 
3233 9699 
5074 1690 
2675 2675 
2168 6504 
670 222 
4634 13902 
2191 2191 
5255 1751 
2380 2380 
1913 5739 
3116 3116 
1710 569 
1897 1897 
2419 2419 
808 2424 
3657 1218 
1579 4737 
910 302 
3008 3008 
165 495 
2793 2793 
3196 3196 
2369 2369 
4192 1396 
2873 957 
2224 2224 
577 1731 
3041 3041 
4308 12924 
4939 14817 
1442 480 
1543 513 
3609 1202 
2972 2972 
1777 591 
3318 1105 
1506 501 
1932 5796 
644 214 
3053 1017 
2871 956 
3114 3114 
2139 2139 
4180 1392 
950 2850 
1889 629 
2657 2657 
1932 1932 
1704 5112 
760 252 
260 86 
5303 15909 
4192 12576 
3310 3310 
2868 8604 
3209 3209 
2240 2240 
5127 15381 
4562 13686 
620 1860 
3443 1147 
1779 592 
4308 1435 
1035 344 
3276 3276 
2580 2580 
4841 1613 
450 1350 
2983 2983 
4867 1621 
3409 3409 
2721 8163 
4479 1492 
875 2625 
1935 5805 
2467 821 
2438 7314 
4630 1542 
2700 2700 
1590 4770 
3925 11775 
2117 2117 
2803 8409 
1915 637 
5104 1700 
3664 3664 
2787 2787 
5449 1815 
2124 2124 
2111 2111 
2286 2286 
3149 1049 
4958 1652 
2402 2402 
1040 3120 
2549 2549 
2444 7332 
3592 3592 
2258 752 
3007 1001 
5182 15546 
2458 2458 
535 177 
1718 5154 
1094 364 
3281 3281 
3247 3247 
3167 3167 
5287 15861 
3967 1321 
2153 2153 
3631 3631 
2892 2892 
1471 4413 
2980 992 
4025 12075 
2977 991 
3023 3023 
2429 7287 
973 323 
4360 1452 
2306 768 
3249 3249 
3313 9939 
2212 2212 
2183 2183 
2330 6990 
1929 642 
130 42 
5187 1728 
2643 880 
5105 15315 
1811 5433 
171 56 
3038 3038 
5238 15714 
2000 2000 
1662 553 
4575 1524 
2277 6831 
4625 13875 
3001 3001 
2805 8415 
249 82 
5458 16374 
3494 3494 
5349 1782 
1991 1991 
1616 4848 
3217 3217 
2120 2120 
3109 3109 
2205 2205 
2594 2594 
1793 597 
2542 7626 
3621 3621 
3484 3484 
5490 1829 
2778 925 
135 44 
19 57 
2025 2025 
4535 1511 
755 251 
2259 2259 
3453 3453 
3657 3657 
5448 1815 
1102 3306 
2426 2426 
4318 12954 
4357 1451 
2757 918 
1322 3966 
1874 1874 
2376 791 
3112 9336 
3606 3606 
2501 2501 
4278 1425 
4671 14013 
2810 2810 
3213 3213 
4834 1610 
3692 11076 
3060 3060 
3509 10527 
4300 1432 
3485 3485 
5293 1763 
320 106 
4226 12678 
1682 560 
2246 6738 
1207 3621 
2315 2315 
2226 2226 
1765 5295 
3359 1119 
3333 3333 
2426 808 
3651 3651 
4607 1535 
838 278 
2305 767 
2303 767 
2646 881 
3277 3277 
1796 5388 
3741 11223 
2117 6351 
2554 2554 
4251 1416 
3065 9195 
508 168 
4724 1574 
3271 3271 
1149 3447 
5317 1771 
2774 2774 
3544 3544 
734 2202 
92 276 
1531 4593 
3173 1057 
1353 4059 
1899 1899 
1297 431 
2608 7824 
4010 12030 
3057 3057 
756 2268 
3985 1327 
4312 12936 
1800 599 
3131 9393 
3007 3007 
3433 10299 
2933 2933 
533 1599 
3203 3203 
1456 484 
3048 3048 
993 330 
4273 12819 
2666 2666 
3928 1308 
5080 15240 
2721 2721 
2735 2735 
4711 14133 
4039 12117 
3404 10212 
2707 2707 
3543 1180 
3169 3169 
3979 1325 
3017 3017 
2479 2479 
201 66 
4210 12630 
4219 1405 
3418 3418 
1506 4518 
1305 3915 
2307 2307 
2943 2943 
4417 1471 
3009 3009 
4941 1646 
2631 2631 
3636 10908 
2341 779 
712 2136 
2998 2998 
2384 7152 
3371 3371 
3454 3454 
2660 2660 
4938 1645 
2806 2806 
5445 1814 
1722 573 
3971 11913 
4950 1649 
2305 2305 
4339 13017 
3528 10584 
3564 1187 
177 531 
5425 16275 
759 2277 
3533 3533 
3252 3252 
3070 3070 
1151 3453 
1183 3549 
961 319 
3143 1047 
365 121 
2171 723 
72 23 
2729 8187 
5142 15426 
628 208 
1371 4113 
2362 2362 
3106 3106 
3320 3320 
1430 4290 
3652 1216 
2469 2469 
3494 10482 
3689 1229 
473 1419 
2634 2634 
3139 3139 
3127 1041 
2217 6651 
1518 505 
2612 2612 
5097 1698 
2761 2761 
3391 3391 
3998 11994 
3495 1164 
1592 530 
2732 2732 
1408 468 
4357 13071 
411 1233 
415 1245 
5252 15756 
149 49 
2863 2863 
1272 3816 
3351 1116 
2555 851 
5291 15873 
4854 1617 
4301 12903 
2035 2035 
1888 1888 
2303 6909 
4770 1589 
200 600 
4615 13845 
331 993 
4302 12906 
2374 7122 
5064 1687 
364 120 
2045 6135 
2874 957 
1997 1997 
1668 555 
2262 6786 
3229 1075 
4901 14703 
1663 4989 
3248 1082 
2684 894 
2836 2836 
4333 1443 
4446 1481 
1165 3495 
2277 2277 
1547 515 
1537 4611 
4230 12690 
67 201 
5225 15675 
2790 2790 
5446 1814 
2928 8784 
2752 916 
3199 1065 
1105 3315 
2819 2819 
794 264 
627 208 
5010 15030 
1729 575 
3384 1127 
5273 1757 
3541 3541 
3538 3538 
4821 1606 
2674 2674 
2008 668 
3314 9942 
2326 2326 
228 684 
3479 3479 
5258 15774 
1974 1974 
1217 3651 
3398 3398 
5078 15234 
5484 1827 
2770 2770 
3481 1159 
907 301 
2435 811 
3115 3115 
3262 3262 
988 2964 
3009 9027 
4676 1558 
90 270 
1948 1948 
3191 3191 
4623 13869 
3347 3347 
3077 1025 
101 303 
3102 3102 
2517 838 
873 290 
3537 10611 
2877 2877 
4183 1393 
333 110 
1150 382 
2067 2067 
1803 5409 
4384 1460 
2921 973 
4711 1569 
3887 1295 
3052 3052 
4203 1400 
1855 1855 
640 212 
3695 1231 
2671 2671 
3963 1320 
1558 518 
4409 13227 
2754 2754 
4710 14130 
4332 12996 
2577 2577 
2358 2358 
3322 3322 
4544 1514 
3869 1289 
5172 1723 
754 250 
4690 14070 
2071 2071 
181 543 
1071 3213 
2692 896 
1856 1856 
5171 15513 
1909 5727 
609 202 
1664 554 
64 192 
2814 8442 
3807 1268 
1909 1909 
2518 7554 
3608 10824 
2997 2997 
4541 13623 
3343 3343 
5159 15477 
1960 5880 
985 327 
4511 13533 
5186 15558 
3086 1028 
1959 1959 
4734 1577 
3803 11409 
5493 16479 
2086 694 
3397 3397 
3335 1111 
3961 11883 
4939 1645 
2950 2950 
3696 1231 
1021 3063 
3434 3434 
2847 2847 
4942 1646 
3687 11061 
3208 3208 
1539 4617 
5068 1688 
3104 1034 
274 90 
1883 5649 
3918 1305 
591 1773 
3995 11985 
536 178 
1977 658 
2870 2870 
4543 1513 
979 2937 
3699 11097 
3625 3625 
3184 9552 
3591 3591 
2363 787 
2850 8550 
3261 3261 
1444 4332 
2458 818 
1024 340 
4143 12429 
2939 8817 
2344 7032 
2694 897 
696 2088 
2108 2108 
2139 6417 
2630 876 
3996 11988 
2340 2340 
4498 1498 
3828 1275 
4130 12390 
1463 487 
2831 2831 
2076 2076 
3422 3422 
4085 12255 
1887 1887 
1097 3291 
1974 657 
2719 905 
2679 2679 
241 79 
649 1947 
2099 2099 
2180 2180 
2632 2632 
34 102 
2902 2902 
1505 4515 
3607 3607 
3551 3551 
4267 1421 
3430 3430 
715 237 
4806 1601 
4988 14964 
2274 2274 
3107 1035 
4970 14910 
2101 6303 
2046 2046 
3603 1200 
2165 2165 
5143 1713 
1994 664 
3075 9225 
4847 14541 
3069 3069 
5313 15939 
3260 3260 
728 242 
3469 10407 
3988 11964 
3583 1193 
3585 3585 
1926 641 
1837 1837 
813 2439 
2574 2574 
3518 3518 
685 227 
2970 8910 
3160 3160 
4533 13599 
3922 11766 
4602 13806 
4347 1448 
4481 1493 
2014 670 
3431 10293 
431 143 
107 35 
4725 14175 
1984 5952 
3133 3133 
2558 852 
3507 3507 
4258 1418 
3392 10176 
1798 598 
757 2271 
5464 16392 
2259 6777 
3638 3638 
2870 956 
1275 424 
2254 6762 
3211 3211 
1125 374 
2079 2079 
2168 2168 
2753 2753 
4925 14775 
3732 1243 
3757 1251 
275 825 
2574 857 
337 1011 
4355 1451 
4635 13905 
4871 14613 
2913 970 
3224 3224 
976 2928 
1928 642 
2193 730 
1133 377 
1350 4050 
3432 10296 
5007 1668 
776 2328 
3456 3456 
3454 10362 
2477 825 
5192 15576 
5478 16434 
3562 3562 
2481 826 
2712 2712 
3129 3129 
3137 3137 
1399 465 
3804 1267 
2763 920 
3272 3272 
658 218 
2593 2593 
465 154 
2147 6441 
4458 1485 
5038 15114 
1425 4275 
3074 1024 
3030 9090 
1081 359 
391 129 
5376 1791 
471 156 
1572 4716 
2386 2386 
3303 3303 
2948 8844 
2098 2098 
3033 1010 
3039 1012 
1921 1921 
1546 4638 
3828 11484 
3558 1185 
1338 4014 
2815 8445 
3312 9936 
2157 2157 
413 1239 
5260 1752 
5091 15273 
442 1326 
2565 7695 
2901 8703 
2455 7365 
2970 2970 
143 47 
2070 2070 
5302 1766 
4908 1635 
2178 2178 
2842 8526 
1971 1971 
4715 1571 
2368 788 
4111 1369 
2410 2410 
4835 14505 
1341 446 
4000 1332 
5392 16176 
2407 2407 
3368 10104 
2591 2591 
3427 3427 
3031 1009 
2659 2659 
3782 11346 
3072 3072 
4231 12693 
4897 1631 
2475 2475 
1541 513 
1259 419 
3415 10245 
1992 1992 
1770 5310 
3338 3338 
2284 760 
3659 3659 
1913 1913 
2905 2905 
4966 14898 
1117 371 
2936 8808 
2879 2879 
1984 660 
2085 2085 
1846 1846 
2310 6930 
2815 2815 
2275 757 
2491 829 
1082 3246 
2995 2995 
2753 8259 
3361 1119 
2797 8391 
4049 12147 
3263 1087 
4909 14727 
2527 841 
2029 2029 
4859 14577 
2412 803 
3469 3469 
3333 1110 
2958 2958 
2619 872 
2830 2830 
5006 15018 
3667 1221 
4175 1391 
2689 2689 
872 290 
3787 11361 
4990 14970 
2862 953 
163 53 
3455 3455 
5253 15759 
2448 7344 
1870 1870 
2887 2887 
1878 5634 
5095 15285 
4387 13161 
2894 2894 
2318 2318 
801 2403 
2724 2724 
2451 2451 
3975 11925 
2984 2984 
3165 9495 
2821 2821 
1430 476 
4759 14277 
5219 15657 
525 1575 
4545 1514 
3149 9447 
3027 3027 
2112 6336 
974 2922 
2716 904 
2700 899 
2351 783 
4463 13389 
3003 3003 
2368 2368 
3646 3646 
2155 2155 
3750 1249 
48 144 
238 78 
1845 5535 
2334 2334 
2443 2443 
4185 1394 
4007 1335 
989 2967 
5471 16413 
903 2709 
3512 10536 
1883 627 
749 249 
3269 3269 
1056 3168 
513 1539 
4816 14448 
2944 2944 
3516 3516 
4254 1417 
2150 2150 
3649 1215 
1670 5010 
492 1476 
2776 924 
4626 13878 
1922 1922 
2913 2913 
2670 8010 
2978 8934 
370 122 
3147 1048 
2347 7041 
4013 12039 
2579 7737 
12 3 
593 197 
877 2631 
3451 1149 
1553 4659 
3458 3458 
1967 1967 
5255 15765 
3751 11253 
2191 729 
2966 988 
957 2871 
4112 12336 
4033 1343 
355 117 
2397 2397 
2651 7953 
1957 1957 
3005 3005 
2447 2447 
3925 1307 
2861 953 
2767 921 
3872 1290 
2424 2424 
458 1374 
600 199 
2938 2938 
136 44 
1164 3492 
2303 2303 
2509 2509 
2146 714 
2481 2481 
5451 1816 
2619 2619 
2319 2319 
3198 3198 
1515 4545 
3419 10257 
264 792 
2456 2456 
1199 399 
3520 3520 
3293 3293 
2596 2596 
3937 11811 
3570 10710 
198 594 
655 1965 
3644 1214 
3152 3152 
1895 1895 
2186 6558 
2742 2742 
3621 10863 
4006 12018 
2978 2978 
3943 1313 
1989 1989 
4777 1591 
321 963 
2988 2988 
2681 2681 
5214 15642 
5051 15153 
2791 929 
5265 15795 
4903 14709 
3563 3563 
1723 573 
1397 465 
153 459 
1366 4098 
2388 7164 
3089 9267 
1811 603 
1867 1867 
4670 1556 
826 2478 
4379 1459 
5468 1822 
2112 2112 
4756 1584 
718 2154 
2145 2145 
257 85 
1900 1900 
3275 3275 
1869 1869 
2491 2491 
3545 10635 
1162 386 
4851 1616 
5403 1800 
572 190 
6 1 
2260 2260 
1421 4263 
2528 2528 
3557 3557 
1018 3054 
4928 14784 
5278 15834 
1871 1871 
3239 3239 
2647 7941 
1959 652 
3216 3216 
2681 893 
4429 1475 
2567 7701 
2756 2756 
4957 14871 
1973 1973 
2931 2931 
4250 1416 
2572 7716 
1950 1950 
3132 9396 
2022 2022 
547 1641 
3581 3581 
2463 2463 
1883 1883 
676 224 
2493 2493 
2620 2620 
170 56 
3663 10989 
170 510 
4532 13596 
5028 15084 
2420 2420 
2136 2136 
4520 1506 
3506 10518 
4707 1568 
3817 1271 
3513 3513 
5042 1680 
2768 8304 
4510 13530 
2094 2094 
3042 9126 
2941 2941 
988 328 
3786 1261 
740 2220 
3613 1203 
3064 3064 
2348 2348 
3809 1269 
2335 2335 
1552 516 
1474 490 
828 2484 
4050 1349 
63 189 
3302 3302 
1906 1906 
2604 2604 
143 429 
884 2652 
2784 8352 
3694 1230 
1086 361 
629 209 
368 1104 
3654 10962 
4665 1554 
3624 3624 
3268 3268 
5267 1755 
4755 1584 
5211 1736 
5471 1823 
1192 3576 
4847 1615 
3248 3248 
5033 1677 
2794 2794 
3290 3290 
2546 2546 
3574 1190 
1672 5016 
2356 2356 
2961 2961 
3914 11742 
4506 1501 
2825 2825 
2943 980 
4559 1519 
3243 1080 
2615 2615 
3351 3351 
2209 735 
4785 1594 
2215 2215 
2184 2184 
2523 840 
2982 8946 
1860 1860 
5477 16431 
353 117 
4610 1536 
1276 3828 
4343 13029 
4927 1641 
2922 973 
2182 2182 
2395 2395 
3095 3095 
3216 1071 
1947 1947 
1242 413 
2566 854 
4245 1414 
2032 6096 
3158 9474 
4943 14829 
1557 4671 
3526 3526 
4929 14787 
2047 2047 
1841 613 
3424 10272 
650 216 
1355 451 
2406 2406 
4777 14331 
5305 1767 
2263 6789 
4358 13074 
4550 1516 
2843 2843 
1818 5454 
1186 3558 
2194 6582 
2994 2994 
1469 4407 
82 246 
2592 2592 
2816 2816 
3439 3439 
4741 1579 
921 306 
1374 457 
593 1779 
3450 3450 
1589 4767 
4236 1411 
1741 5223 
3210 1069 
2723 2723 
2264 754 
569 189 
1200 3600 
4826 1608 
2565 2565 
3913 1303 
2921 2921 
2598 7794 
1244 414 
3056 1018 
1640 4920 
3321 9963 
2545 847 
2629 2629 
4952 14856 
3643 10929 
4230 1409 
1599 532 
5155 15465 
3166 3166 
3148 9444 
2563 853 
4693 14079 
1998 5994 
5324 1774 
2350 2350 
2127 708 
242 80 
4814 1604 
1588 528 
971 2913 
2789 929 
4735 14205 
1331 3993 
2803 2803 
3472 3472 
3611 3611 
4601 1533 
3360 1119 
2294 2294 
2159 719 
2144 2144 
585 194 
4588 13764 
357 1071 
2257 2257 
5028 1675 
476 158 
1402 4206 
2989 2989 
3140 9420 
4256 1418 
2310 2310 
1861 1861 
4057 12171 
2939 2939 
2347 2347 
1208 402 
1928 1928 
2021 2021 
1049 3147 
3486 3486 
924 307 
2427 7281 
2638 2638 
2537 2537 
2571 2571 
3448 3448 
2320 772 
184 60 
4703 1567 
3085 1027 
4361 13083 
2831 8493 
2351 2351 
2798 2798 
1118 3354 
5414 16242 
2996 2996 
2439 812 
3179 3179 
3414 3414 
4466 1488 
5334 16002 
633 210 
2786 928 
2642 2642 
2611 2611 
2263 2263 
1467 488 
1241 3723 
3027 1008 
4188 1395 
4778 14334 
1511 503 
351 1053 
945 314 
3801 1266 
4176 1391 
35 11 
2868 2868 
5328 15984 
3002 3002 
4773 14319 
5156 1718 
3421 3421 
3595 3595 
4883 1627 
2356 784 
2600 2600 
3307 3307 
2367 7101 
4633 13899 
3439 10317 
4406 13218 
497 165 
2383 2383 
3339 3339 
4471 1489 
4540 13620 
2544 7632 
1892 630 
568 1704 
4081 12243 
608 1824 
1108 368 
2467 2467 
4201 12603 
1972 1972 
3198 1065 
5326 1774 
1606 4818 
3592 1196 
3038 1012 
5450 1816 
2886 2886 
5164 1720 
5223 1740 
3206 3206 
3207 9621 
2354 2354 
2186 2186 
3111 3111 
3189 3189 
329 987 
1508 502 
2341 2341 
120 39 
4872 14616 
4532 1510 
3326 3326 
4103 1367 
358 1074 
1107 368 
3393 3393 
3607 10821 
2394 2394 
3361 3361 
3188 3188 
4450 1482 
697 231 
3648 3648 
5433 16299 
3572 3572 
2653 7959 
2953 2953 
2482 2482 
2649 2649 
2521 2521 
3478 3478 
2643 2643 
3123 1040 
2438 2438 
2641 7923 
4243 1413 
758 252 
3088 9264 
1661 553 
2534 2534 
1006 3018 
3141 3141 
3100 3100 
5434 16302 
3615 3615 
3568 10704 
528 1584 
2899 2899 
2985 8955 
2077 6231 
2736 2736 
2122 6366 
3845 1281 
105 315 
4598 1532 
1455 4365 
4374 13122 
1924 1924 
4467 13401 
246 738 
3284 3284 
2196 6588 
2578 7734 
4022 12066 
3622 3622 
324 972 
3991 1329 
4271 1423 
3030 3030 
2557 851 
3509 3509 
2155 6465 
2048 682 
5427 1808 
1775 5325 
1944 647 
3523 3523 
4744 14232 
4710 1569 
2225 6675 
1027 3081 
2967 2967 
2795 2795 
3557 1185 
3924 1307 
2656 2656 
2387 7161 
3000 3000 
2048 2048 
3058 3058 
2856 2856 
2775 2775 
4923 1640 
1697 565 
617 1851 
2355 7065 
2474 7422 
1209 3627 
826 274 
3150 3150 
5339 16017 
2519 839 
2317 2317 
3119 3119 
4168 12504 
4656 1551 
3402 3402 
1876 5628 
2316 771 
551 1653 
2789 2789 
3321 1106 
534 177 
103 309 
2455 2455 
2498 7494 
1227 408 
368 122 
2891 2891 
3020 3020 
5240 1746 
3482 10446 
2131 709 
2613 2613 
5420 16260 
3090 3090 
717 2151 
4178 12534 
1757 585 
3579 3579 
4434 1477 
2852 950 
11 3 
3971 1323 
5198 1732 
5078 1692 
1748 5244 
4905 1634 
2483 2483 
3527 10581 
4879 14637 
1054 3162 
3332 3332 
3383 10149 
2038 6114 
2295 764 
22 6 
621 206 
252 756 
2810 8430 
3103 3103 
3685 11055 
2135 2135 
5132 1710 
2540 846 
79 237 
4581 13743 
2626 2626 
1653 4959 
1201 399 
2085 6255 
2417 2417 
3084 3084 
2783 2783 
1437 478 
283 93 
4470 13410 
2219 6657 
4186 12558 
3772 1256 
2723 907 
4969 14907 
3521 10563 
31 93 
3488 1162 
3664 10992 
3344 3344 
3246 9738 
448 1344 
2776 2776 
3395 3395 
3899 1299 
2143 2143 
2464 7392 
2598 2598 
3955 11865 
3873 1290 
4515 13545 
3224 1074 
3642 3642 
2770 8310 
3282 1093 
2927 2927 
973 2919 
4822 1606 
3110 9330 
2573 2573 
846 2538 
4120 12360 
5337 1778 
5141 15423 
3195 1064 
1787 5361 
3531 1176 
672 223 
2154 2154 
2041 6123 
2694 2694 
2288 2288 
1988 1988 
2192 6576 
4341 13023 
4476 13428 
3729 1242 
3951 1316 
4037 1345 
2271 2271 
3719 11157 
1206 401 
1634 544 
3580 1192 
5124 1707 
3383 1127 
1911 1911 
3297 9891 
2457 818 
581 1743 
2139 712 
2757 8271 
3569 3569 
852 2556 
3965 11895 
1372 456 
2889 2889 
1216 404 
5114 1704 
407 135 
3017 1005 
3235 3235 
2365 2365 
2507 2507 
3300 3300 
1740 579 
3648 1215 
3495 3495 
1942 1942 
4003 12009 
3045 3045 
3258 3258 
5309 1769 
1551 4653 
4703 14109 
2524 840 
3933 1310 
140 46 
393 1179 
713 237 
1298 3894 
4487 13461 
379 125 
3401 3401 
2807 2807 
1603 533 
4976 1658 
3813 11439 
268 804 
4666 13998 
1440 479 
1717 571 
4139 1379 
1756 584 
1844 1844 
4397 1465 
2020 6060 
2782 8346 
4126 1374 
3598 3598 
1622 4866 
3095 1031 
4900 14700 
788 2364 
2781 2781 
3794 1264 
2156 718 
2937 2937 
2159 2159 
3908 1302 
1744 580 
3896 1298 
1821 606 
5153 1717 
2101 2101 
1330 442 
1446 4338 
3331 3331 
3065 3065 
3325 3325 
2568 2568 
2282 2282 
4060 12180 
5277 15831 
831 276 
5157 1718 
2780 2780 
4408 13224 
1935 644 
293 879 
4082 1360 
4547 13641 
3982 1326 
1113 3339 
2710 2710 
3910 1302 
2462 2462 
4877 1625 
991 329 
2872 2872 
2917 8751 
1472 490 
3098 3098 
2848 2848 
3176 9528 
2218 2218 
2118 705 
4104 1367 
839 279 
2882 2882 
2103 2103 
3351 10053 
2483 7449 
2648 2648 
5064 15192 
3573 3573 
2576 7728 
2653 2653 
1461 4383 
2307 6921 
154 50 
3574 3574 
392 130 
311 933 
2758 2758 
2370 2370 
3482 3482 
116 348 
2991 2991 
5359 1785 
365 1095 
2944 8832 
2929 8787 
2920 2920 
4853 14559 
817 2451 
5227 15681 
3257 3257 
5005 1667 
1859 1859 
3230 3230 
3204 3204 
796 2388 
4791 1596 
2323 773 
2352 2352 
5288 1762 
3116 9348 
3119 1039 
1629 4887 
4042 1346 
4006 1334 
614 204 
1724 5172 
1462 4386 
2333 777 
3352 1116 
2175 2175 
4436 13308 
2955 8865 
3034 1010 
1935 1935 
2125 6375 
1854 617 
4004 12012 
1937 1937 
2764 2764 
2349 782 
4469 1489 
2320 2320 
3018 1005 
3535 3535 
2138 2138 
178 58 
3521 3521 
3876 1291 
2324 2324 
735 2205 
5184 15552 
5266 15798 
1019 339 
274 822 
1653 550 
2193 2193 
4296 1431 
2646 2646 
2272 756 
2510 836 
5194 15582 
1363 4089 
1791 5373 
3637 3637 
2915 971 
2459 7377 
2782 2782 
732 2196 
3463 3463 
2102 6306 
3232 3232 
4133 12399 
3390 1129 
2824 940 
515 1545 
3218 1072 
3155 1051 
4660 1552 
3375 3375 
4188 12564 
234 77 
4991 14973 
2207 2207 
1725 5175 
1688 5064 
3067 3067 
2089 2089 
4752 14256 
2290 2290 
3273 3273 
446 148 
1076 3228 
2990 996 
1112 3336 
1451 4353 
26 8 
1175 3525 
3984 11952 
449 1347 
2037 2037 
2129 2129 
1834 610 
3730 1242 
3337 3337 
2328 2328 
4635 1544 
4874 1624 
3577 3577 
563 1689 
2121 2121 
3181 3181 
3511 3511 
5004 15012 
3186 3186 
2699 2699 
2102 2102 
5319 1772 
1549 515 
3190 3190 
3442 1146 
1966 1966 
3437 10311 
3425 3425 
3480 3480 
3312 3312 
4184 12552 
4375 13125 
2676 8028 
4620 13860 
1833 610 
4527 1508 
4992 14976 
9 27 
2339 7017 
3704 11112 
3223 3223 
1638 4914 
205 67 
4584 13752 
4203 12609 
5392 1796 
5473 1823 
3044 9132 
5181 1726 
1149 382 
2430 2430 
3456 1151 
2534 7602 
12 36 
1253 3759 
3239 1079 
812 270 
1272 423 
5167 15501 
3316 3316 
2622 2622 
1829 5487 
2152 6456 
3555 10665 
1990 1990 
2478 2478 
5186 1728 
3939 11817 
1355 4065 
4346 1448 
1919 1919 
1937 645 
644 1932 
4691 1563 
4217 1405 
2558 2558 
2052 2052 
3781 11343 
2979 2979 
3587 3587 
4898 1632 
3816 11448 
2280 2280 
2246 748 
3185 3185 
2314 770 
4451 13353 
3373 3373 
3334 10002 
2526 2526 
5123 15369 
2718 2718 
4035 1344 
2221 739 
172 516 
3525 10575 
3464 3464 
4403 13209 
3591 10773 
4504 13512 
5381 1793 
2340 7020 
5383 1793 
3081 9243 
2454 2454 
2672 2672 
1570 4710 
3643 3643 
4828 1608 
1 3 
3444 3444 
1294 3882 
4341 1446 
2067 6201 
1977 1977 
3237 3237 
4172 12516 
2777 925 
2827 2827 
5248 15744 
3573 10719 
2065 2065 
1904 1904 
2752 2752 
4548 13644 
2799 932 
3650 3650 
5316 1771 
5168 15504 
715 2145 
311 103 
4381 1459 
1567 521 
1035 3105 
2704 2704 
264 87 
1064 3192 
3348 1115 
3760 11280 
108 35 
1374 4122 
2916 2916 
2221 6663 
1732 576 
2245 2245 
3627 10881 
3597 1198 
3219 9657 
1113 370 
3436 3436 
3895 1297 
2498 2498 
4129 12387 
3037 3037 
3317 3317 
861 2583 
3721 11163 
4695 1564 
1915 5745 
1324 440 
2262 2262 
2755 8265 
603 1809 
722 240 
2439 2439 
3942 1313 
3010 3010 
123 369 
3628 3628 
2260 752 
2773 2773 
2981 8943 
1712 570 
2414 7242 
2506 2506 
2430 809 
4563 1520 
2663 7989 
3327 3327 
2960 986 
3471 1156 
2877 958 
781 2343 
2838 2838 
2112 703 
5121 1706 
3855 1284 
4829 1609 
4373 13119 
4382 13146 
2329 2329 
2056 2056 
4047 1348 
2116 2116 
251 83 
3245 1081 
3399 1132 
2563 2563 
1917 1917 
93 30 
2678 892 
751 2253 
381 126 
5357 16071 
2037 6111 
3485 1161 
2680 2680 
4595 13785 
2177 725 
2237 2237 
266 88 
2910 2910 
2874 2874 
1482 4446 
2288 6864 
4646 1548 
3433 3433 
918 305 
4712 14136 
3244 3244 
3147 3147 
2617 2617 
3459 3459 
5188 1728 
732 243 
994 330 
2900 2900 
2449 2449 
2709 2709 
1994 5982 
2466 2466 
3471 3471 
2197 731 
5221 1739 
3977 1325 
2196 2196 
692 2076 
1737 578 
240 720 
2847 8541 
5020 1672 
1097 365 
2786 2786 
735 244 
2844 2844 
3500 3500 
424 140 
4111 12333 
2654 2654 
3626 3626 
4514 1504 
2433 7299 
2560 2560 
2492 2492 
3946 1314 
4771 14313 
2951 2951 
3368 3368 
2143 6429 
4709 14127 
800 2400 
1560 519 
5362 1786 
2875 2875 
2073 2073 
2344 2344 
4767 14301 
2804 2804 
2050 2050 
5150 1716 
3273 1090 
933 2799 
2223 740 
3225 3225 
3075 3075 
3112 3112 
2253 750 
2570 2570 
1847 5541 
3034 9102 
1187 395 
5416 1804 
1513 503 
351 116 
2686 8058 
775 257 
53 17 
2800 2800 
2406 7218 
589 1767 
4432 1476 
3233 3233 
72 216 
3461 3461 
4699 14097 
3249 9747 
2415 2415 
1840 5520 
5500 16500 
2896 2896 
2055 684 
2599 865 
2542 2542 
5268 1755 
2061 2061 
2001 6003 
5468 16404 
1357 451 
3376 3376 
1102 366 
695 231 
1762 5286 
2551 7653 
2156 2156 
4632 13896 
3512 1170 
3384 3384 
5252 1750 
4901 1633 
2249 2249 
3296 9888 
635 211 
2130 6390 
1190 3570 
3126 9378 
2671 889 
2799 8397 
2572 856 
1985 1985 
2373 2373 
2930 2930 
1669 555 
1235 3705 
5254 1750 
731 243 
2950 982 
2324 774 
2041 2041 
962 2886 
2867 2867 
514 170 
1087 3261 
2415 7245 
1285 427 
2592 7776 
3898 1298 
2302 766 
394 1182 
2984 8952 
1571 4713 
733 2199 
3641 3641 
506 1518 
186 61 
2202 2202 
4280 1426 
2163 2163 
3778 1258 
3455 10365 
3508 3508 
3055 3055 
3044 3044 
2026 2026 
474 1422 
4144 12432 
789 2367 
3410 3410 
2321 773 
901 2703 
2127 2127 
1359 4077 
4043 12129 
1509 4527 
5346 1781 
3937 1311 
875 291 
586 1758 
1912 1912 
494 164 
2015 2015 
2635 7905 
3498 3498 
1016 338 
3992 1330 
490 1470 
708 2124 
366 1098 
3522 3522 
3157 9471 
3566 3566 
3264 3264 
5207 15621 
3344 10032 
1905 634 
879 2637 
2070 6210 
2140 712 
2411 2411 
2584 2584 
4260 12780 
1875 1875 
4277 12831 
3662 1220 
3970 11910 
825 2475 
3118 3118 
2966 2966 
1958 1958 
531 1593 
1043 3129 
2627 2627 
4170 1389 
2060 686 
2706 2706 
3839 11517 
4255 12765 
2064 6192 
2306 2306 
4402 13206 
4032 1343 
4401 13203 
1880 5640 
2924 2924 
4557 1518 
2351 7053 
2129 6387 
2880 2880 
1953 1953 
4088 12264 
2387 2387 
990 2970 
1384 460 
3200 3200 
1305 434 
3305 3305 
3221 3221 
3530 10590 
3994 1330 
3520 10560 
3722 11166 
5361 1786 
1626 4878 
881 2643 
2691 2691 
2692 2692 
2174 2174 
2585 2585 
2880 8640 
2216 738 
1891 1891 
2722 906 
5091 1696 
1505 501 
2388 795 
3629 1209 
3838 11514 
2008 2008 
3733 11199 
3772 11316 
2988 8964 
1981 1981 
4749 1582 
5126 1708 
1866 1866 
2391 7173 
1593 530 
3633 3633 
4053 12159 
185 61 
3064 1020 
5240 15720 
3375 10125 
137 411 
1927 1927 
3001 999 
2122 2122 
4421 13263 
2587 861 
2688 2688 
3697 11091 
3596 3596 
2106 2106 
2425 2425 
3337 10011 
5095 1697 
2605 2605 
2494 2494 
2734 2734 
4325 1441 
3504 1167 
982 2946 
2771 8313 
138 414 
2550 2550 
2741 8223 
3505 1167 
4680 1559 
2221 2221 
225 675 
2083 2083 
3489 1162 
4807 1601 
1191 396 
4298 1432 
4050 12150 
2094 697 
3106 9318 
2434 2434 
2876 8628 
609 1827 
4956 14868 
1518 4554 
1318 3954 
2750 8250 
3 0 
2536 2536 
1872 5616 
3140 3140 
2616 2616 
2034 2034 
4836 14508 
2309 6927 
1476 491 
3982 11946 
486 161 
432 143 
3330 3330 
1008 3024 
3396 1131 
2538 845 
3343 10029 
2722 2722 
2833 2833 
3166 9498 
3638 1212 
2214 6642 
3091 3091 
1692 563 
2261 2261 
2801 2801 
2765 8295 
4951 1649 
5322 1773 
4491 1496 
1968 1968 
3524 1174 
4603 13809 
3497 3497 
2111 6333 
2418 805 
4392 13176 
2410 802 
4802 14406 
3101 3101 
3570 3570 
3601 3601 
3259 3259 
3065 1021 
5402 16206 
3853 1283 
4982 14946 
887 2661 
3246 3246 
2343 7029 
3998 1332 
4124 12372 
1850 1850 
5184 1727 
2428 2428 
3510 10530 
2095 2095 
843 2529 
1942 5826 
178 534 
2452 2452 
5074 15222 
2690 2690 
2715 2715 
406 1218 
4004 1334 
4887 14661 
3053 3053 
2185 727 
2055 6165 
2422 2422 
4952 1650 
2966 8898 
1600 4800 
2933 977 
3647 3647 
2190 729 
3505 3505 
3114 9342 
2197 2197 
2129 709 
4682 14046 
2808 8424 
2788 2788 
2323 6969 
1320 439 
2371 2371 
5045 1681 
2969 2969 
3547 3547 
5394 1797 
5500 1832 
884 294 
2822 2822 
3087 3087 
2202 6606 
1103 3309 
2805 2805 
3404 3404 
3658 3658 
3021 9063 
4144 1380 
3471 10413 
2789 8367 
4099 1365 
233 77 
237 78 
3775 1257 
4069 1355 
835 2505 
3613 10839 
2937 8811 
4136 12408 
1278 3834 
197 65 
2602 866 
3365 3365 
3270 9810 
604 1812 
3893 1297 
2204 2204 
2409 2409 
3292 3292 
1260 3780 
3575 1191 
2072 6216 
1189 395 
436 144 
2364 7092 
2888 2888 
1174 390 
4788 14364 
1841 1841 
2914 2914 
3759 11277 
2331 2331 
2932 2932 
3120 9360 
4912 1636 
635 1905 
2500 2500 
1168 388 
5227 1741 
3556 3556 
265 87 
2720 2720 
4984 1660 
1227 3681 
1864 1864 
1918 1918 
4251 12753 
606 1818 
3411 3411 
4500 1499 
1893 1893 
2866 2866 
2922 2922 
4116 12348 
477 1431 
3321 3321 
2748 2748 
897 2691 
258 774 
3143 3143 
3368 1122 
2068 6204 
1892 1892 
233 699 
1894 1894 
3071 9213 
5185 1727 
2708 902 
2237 745 
1910 1910 
4521 1506 
3360 3360 
2544 2544 
4965 14895 
2953 983 
2909 2909 
2496 2496 
2251 2251 
3016 3016 
3353 3353 
3089 3089 
4280 12840 
4469 13407 
5066 1688 
1808 5424 
1455 484 
2377 791 
881 293 
2322 2322 
998 2994 
1987 1987 
2635 2635 
2672 890 
1984 1984 
4964 14892 
1619 539 
1975 1975 
2117 705 
2126 2126 
2580 859 
4822 14466 
3004 9012 
2851 2851 
4051 12153 
1487 4461 
3761 11283 
4702 14106 
4167 1388 
2353 7059 
4624 1540 
1956 1956 
4484 13452 
2079 6237 
2281 759 
2287 2287 
1828 5484 
4073 1357 
1124 3372 
3446 3446 
773 2319 
1397 4191 
221 73 
183 60 
666 221 
3519 3519 
1838 1838 
947 2841 
3841 11523 
194 582 
3012 3012 
849 2547 
172 56 
1983 1983 
3096 3096 
3023 9069 
1663 553 
2739 2739 
2902 8706 
1810 602 
3464 10392 
3721 1239 
3481 3481 
4954 14862 
3465 3465 
4836 1611 
2071 6213 
3950 1316 
2768 2768 
2619 7857 
3071 3071 
2552 2552 
119 39 
3443 3443 
1059 352 
3109 9327 
2733 910 
2652 2652 
2123 6369 
4715 14145 
1982 660 
3655 3655 
4362 1453 
3575 3575 
2551 2551 
297 98 
1010 336 
1878 1878 
2177 2177 
4660 13980 
5428 16284 
119 357 
2045 2045 
3142 3142 
3576 3576 
3539 10617 
2644 880 
2621 2621 
2422 7266 
1195 3585 
2157 6471 
4080 1359 
4811 1603 
3245 9735 
2028 2028 
2142 2142 
5208 1735 
2931 8793 
3417 3417 
3973 11919 
2667 888 
267 801 
2489 2489 
4726 1574 
3377 10131 
3104 9312 
1073 3219 
3196 1064 
1239 412 
3743 11229 
4196 1398 
3284 1094 
3014 3014 
2208 2208 
1460 4380 
2284 2284 
1873 1873 
2999 2999 
2962 2962 
2313 2313 
2179 725 
3554 10662 
3201 3201 
972 2916 
2170 2170 
2378 2378 
5449 16347 
2568 855 
627 1881 
3059 1019 
3838 1278 
1962 5886 
2325 2325 
5490 16470 
2006 2006 
4869 14607 
3860 1286 
3360 10080 
3072 1023 
70 210 
2400 2400 
2205 6615 
356 1068 
4947 14841 
243 729 
3199 3199 
1742 5226 
4146 12438 
2148 2148 
2176 2176 
2032 2032 
2326 6978 
831 2493 
3529 3529 
3332 9996 
3063 3063 
2169 2169 
4223 1407 
2426 7278 
4695 14085 
2691 8073 
4448 1482 
2058 2058 
748 248 
795 2385 
926 2778 
2436 2436 
2703 8109 
5319 15957 
3256 1084 
2669 2669 
2523 2523 
980 2940 
176 58 
5441 1813 
1635 544 
3370 3370 
2785 927 
3122 3122 
729 242 
4440 1479 
5157 15471 
2328 6984 
2064 2064 
1441 479 
3367 3367 
2667 8001 
3445 1147 
1613 4839 
2581 2581 
2514 837 
4184 1394 
3350 3350 
3666 3666 
3340 3340 
4463 1487 
2032 676 
4103 12309 
49 147 
4014 12042 
3377 3377 
1717 5151 
4232 12696 
3289 3289 
3752 11256 
4837 1611 
4364 13092 
3506 3506 
4056 1351 
223 73 
3388 10164 
2091 2091 
111 333 
2773 923 
2733 8199 
1975 5925 
1386 4158 
2021 6063 
3131 3131 
2309 2309 
4553 13659 
2020 2020 
2809 2809 
5233 1743 
2859 952 
3499 1165 
3790 11370 
5371 1789 
2255 2255 
2079 692 
5130 1709 
5317 15951 
2738 2738 
3749 1249 
2856 8568 
2239 2239 
5335 16005 
5243 15729 
1879 5637 
76 228 
5343 16029 
3022 3022 
741 246 
2912 2912 
1970 1970 
636 1908 
2727 2727 
3000 9000 
83 249 
3080 1026 
385 127 
1926 1926 
2548 2548 
5209 15627 
1820 606 
1642 546 
2244 2244 
4421 1473 
4222 1406 
3522 1173 
4191 1396 
4416 13248 
1252 416 
2890 962 
86 28 
3153 1050 
2082 2082 
3195 3195 
4800 14400 
3507 1168 
554 1662 
3373 10119 
3538 10614 
1955 1955 
2745 2745 
3298 3298 
1998 1998 
4410 13230 
2211 736 
4485 13455 
2686 2686 
2023 673 
3550 3550 
5420 1806 
550 1650 
2655 884 
1418 4254 
2283 2283 
5200 15600 
2030 676 
1039 345 
4801 1599 
296 98 
3829 11487 
3512 3512 
1466 488 
2973 8919 
4138 1378 
2381 2381 
3571 3571 
2171 2171 
3636 3636 
2666 888 
3861 11583 
1013 3039 
2628 2628 
356 118 
1856 5568 
2714 904 
1709 569 
1881 1881 
2195 731 
153 50 
5077 15231 
3467 3467 
1233 3699 
2802 2802 
1436 478 
32 10 
2871 2871 
249 747 
3403 10209 
532 1596 
2262 753 
2080 2080 
3369 3369 
3424 3424 
671 2013 
3399 10197 
3423 3423 
2470 2470 
2687 895 
2941 979 
5276 1758 
2714 8142 
4729 1575 
3314 3314 
1980 659 
3347 1115 
4498 13494 
4272 12816 
2914 970 
1285 3855 
3229 3229 
2484 2484 
5499 1832 
4125 1374 
2093 6279 
1978 5934 
2220 2220 
3866 1288 
2369 7107 
704 234 
3501 3501 
323 969 
3540 3540 
3156 1051 
2040 6120 
4593 1530 
632 210 
3313 3313 
2968 8904 
5084 1694 
4348 1448 
5108 15324 
2842 2842 
1835 1835 
2318 6954 
2698 2698 
2601 2601 
5425 1807 
719 239 
2024 2024 
1303 3909 
2201 2201 
4746 1581 
3073 3073 
912 2736 
2173 6519 
2579 2579 
2017 2017 
4724 14172 
3586 3586 
17 5 
3078 9234 
2837 945 
23 7 
2423 2423 
2911 2911 
1857 1857 
2142 713 
2253 2253 
5280 15840 
3386 3386 
3690 11070 
4105 1367 
4477 1491 
3554 3554 
3028 3028 
5296 1764 
3530 3530 
3218 3218 
5498 1832 
1793 5379 
3096 1031 
1747 581 
1940 1940 
1347 448 
1626 541 
1964 1964 
3528 1175 
3331 9993 
1011 336 
2261 6783 
3288 3288 
3503 3503 
3036 3036 
3355 3355 
2678 2678 
2878 958 
3294 3294 
3605 3605 
2225 2225 
118 354 
1028 342 
3365 10095 
1838 5514 
2087 2087 
1536 4608 
3295 3295 
1346 4038 
2567 855 
2497 2497 
4761 14283 
398 1194 
3499 10497 
3137 9411 
2893 2893 
3210 9630 
5266 1754 
3207 3207 
4459 13377 
152 50 
3040 3040 
2759 8277 
2435 2435 
2403 2403 
3386 10158 
1825 5475 
3873 11619 
1232 3696 
5162 15486 
2728 908 
2174 724 
3299 3299 
3561 3561 
2149 2149 
3056 3056 
117 38 
3352 10056 
2779 8337 
3613 3613 
1145 381 
3187 3187 
2811 2811 
1875 624 
3421 10263 
2578 2578 
142 426 
2695 2695 
3362 3362 
1321 3963 
444 147 
3135 9405 
4603 1533 
2510 2510 
5118 1705 
2133 2133 
520 172 
2925 8775 
3177 1058 
298 894 
5279 1759 
2003 2003 
1982 1982 
3114 1037 
3919 1305 
2766 2766 
3241 3241 
2765 2765 
309 927 
803 2409 
2367 2367 
3654 3654 
1643 4929 
1996 1996 
3885 1294 
3580 3580 
723 240 
3554 1184 
880 292 
2459 2459 
5065 15195 
2364 2364 
920 306 
3470 3470 
4030 1342 
352 116 
1036 3108 
2415 804 
5166 1721 
3827 11481 
2181 6543 
2873 2873 
2649 882 
347 115 
902 300 
2345 2345 
4611 1536 
964 2892 
2545 2545 
3197 9591 
3080 3080 
2254 2254 
1240 412 
1735 577 
2418 2418 
135 405 
3015 3015 
3060 9180 
140 420 
3488 3488 
791 263 
2703 2703 
4036 1344 
2741 2741 
3559 10677 
1530 509 
3432 3432 
3356 3356 
2840 2840 
2532 843 
1884 1884 
2917 2917 
4183 12549 
2040 2040 
1914 5742 
2626 874 
3984 1327 
187 561 
1391 4173 
1863 1863 
3636 1211 
3590 3590 
2125 2125 
5148 1715 
1098 3294 
3926 1308 
2625 2625 
3738 11214 
3181 1059 
3793 1263 
2107 2107 
2930 976 
3084 9252 
2883 2883 
2421 2421 
4096 12288 
1934 1934 
1083 360 
4819 1605 
3231 3231 
2935 2935 
834 2502 
3917 11751 
303 100 
2078 692 
2723 8169 
2055 2055 
1875 5625 
2031 676 
3 9 
861 286 
4362 13086 
2616 871 
3329 3329 
1333 443 
348 115 
2964 2964 
3064 9192 
3349 10047 
4888 14664 
3511 10533 
1944 5832 
3297 3297 
2088 6264 
248 82 
3435 3435 
2791 2791 
1824 5472 
3920 11760 
2298 2298 
2449 815 
1448 482 
3399 3399 
2844 947 
1277 3831 
2068 2068 
2837 2837 
4980 1659 
1067 355 
4531 13593 
2974 2974 
739 245 
4768 1588 
3474 3474 
3968 11904 
2242 2242 
935 2805 
2228 2228 
1885 1885 
1281 3843 
2533 2533 
2443 813 
1327 441 
2256 6768 
3496 3496 
4672 14016 
4009 1335 
1914 1914 
3242 3242 
3328 3328 
2744 2744 
2746 2746 
2338 778 
888 295 
3381 3381 
3616 10848 
100 32 
3046 3046 
3881 11643 
2925 2925 
2808 2808 
1945 1945 
2702 2702 
1862 1862 
2886 961 
2099 699 
3616 3616 
5351 1783 
2366 2366 
3245 3245 
2308 2308 
1554 4662 
277 831 
378 125 
2942 8826 
2711 903 
3531 10593 
1848 1848 
3355 10065 
2546 848 
991 2973 
3093 3093 
3372 3372 
5235 15705 
1863 620 
3120 3120 
4519 13557 
3177 3177 
2569 2569 
2731 2731 
2532 2532 
611 203 
1315 3945 
3821 1273 
412 136 
2828 8484 
2216 6648 
3508 1168 
2878 2878 
1584 4752 
2904 2904 
769 255 
3154 3154 
2663 2663 
4904 14712 
2800 8400 
1499 4497 
1743 5229 
2665 2665 
4427 13281 
1255 3765 
2527 2527 
2845 2845 
4297 1431 
2127 6381 
4325 12975 
3273 9819 
2934 2934 
302 100 
3173 3173 
3346 1114 
2566 2566 
771 256 
4176 12528 
2092 2092 
3967 11901 
3387 10161 
1250 3750 
2516 2516 
1498 4494 
2685 2685 
5071 15213 
5147 15441 
2104 2104 
1849 5547 
2388 2388 
1022 340 
4404 1467 
2149 6447 
2353 2353 
426 1278 
2437 811 
1309 3927 
823 273 
4370 1456 
216 648 
3484 1160 
2309 769 
1399 4197 
4705 14115 
3270 3270 
1839 1839 
2629 875 
2461 819 
2346 2346 
908 2724 
4675 14025 
2343 2343 
5461 1819 
2278 758 
2958 985 
2327 2327 
3602 3602 
4038 1345 
2916 971 
18 5 
2272 2272 
166 498 
1175 391 
3083 3083 
522 173 
217 651 
2828 2828 
2587 2587 
2575 2575 
2662 2662 
1287 3861 
588 195 
3243 9729 
3345 10035 
2767 2767 
709 235 
2993 2993 
757 251 
2321 6963 
4797 1598 
3893 11679 
3121 1039 
2630 2630 
2278 2278 
2981 2981 
2158 2158 
191 573 
2757 2757 
4792 14376 
595 1785 
1726 574 
136 408 
4480 13440 
115 37 
2443 7329 
3206 9618 
2472 2472 
2473 2473 
4291 1429 
926 308 
1458 485 
128 42 
2141 2141 
1343 4029 
3174 3174 
1144 380 
898 298 
2743 913 
2005 2005 
2487 2487 
3158 1052 
2147 2147 
3588 10764 
3286 3286 
4181 1393 
445 1335 
489 162 
5456 16368 
607 1821 
2175 6525 
4289 1429 
137 45 
3145 3145 
1854 1854 
3565 3565 
1007 3021 
5368 16104 
5094 15282 
5433 1810 
3145 9435 
648 1944 
2375 7125 
2901 966 
4980 14940 
2520 2520 
1872 623 
193 579 
1772 590 
2954 2954 
1929 1929 
1300 3900 
1925 5775 
3886 11658 
3300 1099 
2778 8334 
2610 2610 
3515 1171 
3445 3445 
3634 3634 
1986 1986 
585 1755 
3896 11688 
3198 9594 
435 144 
4740 1579 
643 213 
1104 367 
3096 9288 
5251 15753 
2485 2485 
98 32 
5466 1821 
3466 1154 
3428 3428 
2898 2898 
2515 2515 
2269 755 
4748 14244 
1204 3612 
1980 1980 
1934 5802 
1043 347 
4335 1444 
4020 1339 
1941 1941 
942 2826 
1968 655 
5346 16038 
2727 908 
2236 2236 
3161 1053 
1025 3075 
1656 551 
3678 1225 
1955 5865 
2955 2955 
4619 13857 
2304 2304 
664 220 
2987 2987 
1897 631 
3517 3517 
1468 4404 
2241 2241 
3536 3536 
2393 2393 
2926 974 
3523 10569 
3938 1312 
2429 2429 
2118 2118 
2360 2360 
3378 3378 
2602 2602 
3499 3499 
2915 2915 
2087 695 
3175 3175 
2556 2556 
3574 10722 
1244 3732 
1812 5436 
2971 989 
3105 3105 
5487 16461 
4704 14112 
5491 1829 
2488 2488 
3797 11391 
3911 11733 
2682 8046 
1563 4689 
3138 1045 
5439 16317 
2977 2977 
1637 545 
3615 10845 
3493 3493 
1446 481 
2876 2876 
2093 2093 
3558 10674 
3488 10464 
4843 14529 
3651 10953 
853 2559 
3831 11493 
3434 1144 
3863 11589 
2173 2173 
2132 2132 
2606 2606 
1351 449 
2289 2289 
3852 11556 
2376 2376 
1330 3990 
3568 3568 
303 909 
3165 3165 
2194 2194 
3490 3490 
2405 2405 
2462 7386 
3681 1226 
5315 15945 
4579 13737 
4194 1397 
681 226 
1858 5574 
2766 8298 
939 312 
673 223 
3239 9717 
2960 2960 
2165 6495 
159 52 
3948 1315 
813 270 
2792 2792 
5036 15108 
2986 2986 
819 272 
2269 6807 
3460 3460 
2554 850 
4389 1462 
4376 1458 
2693 8079 
2488 828 
61 19 
4175 12525 
5494 16482 
361 119 
1896 631 
3352 3352 
255 84 
5348 16044 
3427 1141 
2293 2293 
327 981 
2906 2906 
4614 13842 
992 330 
3549 3549 
2638 7914 
3059 3059 
2075 2075 
2158 718 
3603 3603 
2976 8928 
2407 7221 
564 1692 
1625 4875 
3665 10995 
2128 2128 
2990 8970 
3848 11544 
2547 2547 
2018 2018 
3387 1128 
3272 1090 
2829 2829 
776 258 
4102 12306 
1851 5553 
4137 1378 
765 254 
3247 1081 
3560 3560 
3461 10383 
2852 8556 
4187 1395 
446 1338 
3623 3623 
4130 1376 
2077 2077 
4514 13542 
4029 12087 
1064 354 
3632 3632 
3394 10182 
2739 912 
2078 2078 
1949 5847 
2965 2965 
76 24 
538 178 
2529 2529 
1551 516 
4578 1525 
2201 6603 
2518 2518 
3110 3110 
4146 1381 
114 342 
3018 3018 
4544 13632 
3457 10371 
1842 1842 
2030 2030 
929 309 
975 324 
2337 2337 
600 1800 
3470 10410 
67 21 
3122 1040 
3021 3021 
3609 3609 
2398 2398 
3184 3184 
3672 1223 
1628 542 
3032 3032 
3866 11598 
2460 2460 
4221 1406 
857 285 
5275 15825 
3332 1110 
1429 475 
3723 11169 
940 312 
2715 8145 
1965 1965 
1924 5772 
3214 3214 
1268 3804 
3833 11499 
2060 2060 
4214 12642 
3050 1016 
4223 12669 
2985 2985 
4708 14124 
2214 2214 
3476 1158 
2490 2490 
2858 2858 
1316 438 
3173 9519 
2073 690 
1649 549 
4173 1390 
5076 1691 
4323 12969 
3202 3202 
3447 1148 
2198 2198 
1068 355 
2978 992 
2103 6309 
2120 706 
1843 613 
837 2511 
3882 1293 
2625 874 
2783 8349 
505 167 
1705 567 
3315 3315 
2130 2130 
5073 1690 
3600 3600 
2442 7326 
3292 1096 
1750 582 
3255 3255 
5256 1751 
3858 1285 
3226 1074 
2398 7194 
397 131 
4109 12327 
267 88 
2644 2644 
201 603 
4738 1578 
583 1749 
2167 721 
4583 13749 
2297 2297 
1437 4311 
2072 2072 
319 957 
672 2016 
4849 14547 
2670 2670 
4650 13950 
1600 532 
3336 1111 
2434 7302 
2537 845 
14 42 
3006 3006 
3133 9399 
2586 861 
2292 6876 
3353 1117 
874 290 
2301 6903 
2710 8130 
4650 1549 
1851 1851 
2231 2231 
3063 9189 
3162 3162 
3502 3502 
3702 11106 
2793 930 
269 807 
126 41 
4775 1591 
5324 15972 
2508 7524 
3019 3019 
2119 2119 
2682 2682 
1868 1868 
467 1401 
3107 3107 
5488 16464 
4974 1657 
5007 15021 
2525 2525 
2233 2233 
2814 2814 
134 44 
4570 1522 
2299 2299 
5447 1815 
5493 1830 
2860 2860 
1041 3123 
2705 2705 
1392 4176 
3047 3047 
4140 12420 
2220 6660 
827 2481 
4985 14955 
2522 2522 
3908 11724 
947 315 
4486 13458 
3416 3416 
2250 2250 
4903 1633 
4420 13260 
3346 3346 
3524 3524 
2286 6858 
915 2745 
1353 450 
4014 1337 
4267 12801 
3451 3451 
75 24 
2606 868 
1989 5967 
2076 6228 
3280 3280 
3101 9303 
3127 3127 
2890 2890 
2011 2011 
3085 3085 
1623 4869 
3222 3222 
3283 9849 
5308 1768 
3364 3364 
3122 9366 
4671 1556 
4996 1664 
4495 13485 
1469 489 
2354 784 
3117 3117 
1865 1865 
1104 3312 
4618 13854 
2046 681 
1048 3144 
5333 1777 
3475 3475 
2881 2881 
3407 1135 
3291 3291 
2474 2474 
2614 2614 
1576 4728 
3718 1238 
3266 3266 
4211 1403 
2641 879 
5442 1813 
3334 3334 
2113 703 
2726 2726 
3397 1131 
3757 11271 
2838 8514 
3078 3078 
2445 2445 
2926 8778 
2655 2655 
2291 2291 
3510 3510 
3136 3136 
3082 3082 
2923 2923 
3809 11427 
2444 2444 
1941 5823 
4565 13695 
637 1911 
2256 2256 
3612 3612 
3861 1286 
1934 644 
320 960 
913 303 
3158 3158 
3535 10605 
1843 1843 
2243 2243 
1445 481 
1871 623 
2342 2342 
4351 13053 
2265 2265 
4857 1618 
3532 3532 
1643 547 
3661 3661 
2797 2797 
3348 10044 
3354 3354 
3347 10041 
19 5 
4324 1440 
3541 10623 
2065 687 
3381 10143 
1138 3414 
1690 562 
778 258 
2039 2039 
5419 16257 
3406 3406 
598 198 
805 267 
1948 5844 
2239 6717 
1179 392 
5436 1811 
2400 799 
3009 1002 
717 238 
2043 2043 
2713 8139 
2109 2109 
3929 11787 
2307 768 
2907 968 
1169 3507 
3043 3043 
3881 1293 
4090 1362 
3066 9198 
2563 7689 
2246 2246 
2716 2716 
2887 8661 
398 132 
2090 696 
3140 1046 
5180 15540 
3049 3049 
3555 3555 
3195 9585 
3703 1233 
3138 3138 
272 90 
3396 3396 
5244 1747 
2698 898 
1441 4323 
4609 1535 
1866 5598 
2420 806 
4244 12732 
4655 1551 
2387 795 
3258 1085 
4204 1400 
4832 14496 
923 307 
4059 12177 
55 165 
4779 14337 
3180 3180 
938 312 
1845 1845 
1324 3972 
4163 1387 
3213 9639 
2641 2641 
3733 1243 
4694 1564 
591 196 
2190 2190 
416 1248 
3311 1103 
62 20 
4375 1457 
3440 3440 
3238 1078 
2163 720 
2820 8460 
2612 7836 
770 2310 
4359 13077 
4085 1361 
3514 3514 
3478 1158 
2970 989 
3867 11601 
3304 3304 
2396 2396 
432 1296 
2570 856 
386 128 
4891 14673 
579 192 
1944 1944 
3212 1070 
3610 3610 
60 180 
702 2106 
2846 2846 
2796 2796 
2910 8730 
2427 2427 
3652 3652 
3714 11142 
324 107 
2844 8532 
4389 13167 
3806 1268 
2704 8112 
3081 3081 
1951 1951 
2927 8781 
779 259 
1963 1963 
2392 2392 
3151 3151 
2132 6396 
3400 10200 
3442 3442 
1123 373 
4182 1393 
2957 2957 
142 46 
3534 3534 
3177 9531 
1765 587 
3387 3387 
868 2604 
2296 2296 
575 191 
5203 15609 
3228 9684 
3528 3528 
2849 8547 
4855 1617 
2338 2338 
2211 2211 
1731 576 
3754 11262 
4642 13926 
3983 1327 
2884 2884 
3545 1181 
2210 2210 
4569 1522 
3579 1192 
3092 3092 
5165 1721 
2314 2314 
2926 2926 
2609 2609 
1876 1876 
2999 999 
1270 422 
1931 1931 
775 2325 
125 41 
3097 3097 
2860 8580 
3382 3382 
2084 2084 
2814 937 
1675 5025 
3705 11115 
5472 16416 
3740 1246 
2229 6687 
4169 12507 
5080 1692 
3921 11763 
1403 4209 
2204 6612 
21 63 
2855 2855 
728 2184 
5134 1710 
2036 678 
4601 13803 
2511 2511 
4600 13800 
2857 2857 
3611 10833 
3250 9750 
4961 1653 
437 145 
3124 3124 
2223 2223 
2062 2062 
894 2682 
2755 2755 
1870 5610 
1532 4596 
1734 5202 
3997 1331 
3445 10335 
4076 12228 
2042 2042 
5061 15183 
3890 11670 
3473 3473 
2057 2057 
5209 1735 
3639 3639 
1609 535 
2414 2414 
3447 3447 
3844 1280 
3227 1075 
4475 13425 
5239 1745 
1925 1925 
1130 376 
2476 2476 
4080 12240 
1633 543 
2019 2019 
2701 2701 
4900 1632 
1982 5946 
3134 9402 
3415 3415 
2189 2189 
4749 14247 
437 1311 
88 264 
2281 2281 
1464 4392 
2936 2936 
3156 3156 
2009 2009 
2610 869 
1119 372 
2230 2230 
2666 7998 
3706 11118 
3280 1092 
299 99 
4762 1586 
670 2010 
3130 1042 
2391 2391 
4279 1425 
811 269 
2431 2431 
3504 3504 
2413 2413 
2662 886 
1118 372 
869 289 
4329 1442 
3265 9795 
1231 409 
2053 2053 
691 229 
5422 1806 
3170 3170 
2434 810 
1606 534 
4342 1446 
4205 1401 
429 142 
3502 1166 
4319 12957 
5297 15891 
3325 9975 
3282 3282 
481 1443 
3452 3452 
1060 3180 
2442 2442 
3380 3380 
5012 15036 
3301 3301 
2623 873 
464 154 
2647 2647 
3599 3599 
2649 7947 
1365 4095 
3559 3559 
3671 11013 
5202 1733 
5130 15390 
2852 2852 
5354 16062 
3389 10167 
2302 2302 
3970 1322 
1921 5763 
2001 2001 
3637 10911 
2051 2051 
2044 2044 
1877 1877 
970 322 
832 276 
5026 15078 
2760 2760 
4155 1384 
2608 2608 
2553 850 
2583 2583 
3604 3604 
963 2889 
4960 14880 
2946 2946 
1976 1976 
2536 844 
517 171 
3254 3254 
1322 440 
5057 15171 
2519 2519 
1366 454 
2206 2206 
2869 2869 
906 2718 
2212 736 
3241 1079 
528 175 
3358 3358 
80 26 
1973 657 
2148 6444 
4032 12096 
3492 3492 
2349 2349 
4759 1585 
4174 1390 
3695 11085 
4773 1590 
1029 342 
1734 577 
3653 3653 
3681 11043 
4157 1385 
1993 1993 
1907 1907 
124 372 
3552 3552 
3066 3066 
4742 14226 
5353 16059 
581 193 
640 1920 
541 179 
4570 13710 
3057 1018 
3588 3588 
2347 781 
2153 6459 
1569 522 
1434 477 
4572 1523 
2786 8358 
3263 3263 
286 94 
4894 14682 
1936 644 
3135 3135 
1923 1923 
1286 3858 
4606 1534 
2629 7887 
2677 2677 
2531 843 
3481 10443 
3610 10830 
3468 3468 
2651 2651 
2279 2279 
2292 2292 
2885 2885 
510 169 
2269 2269 
2686 894 
2486 7458 
3108 3108 
914 2742 
3655 1217 
1879 1879 
4548 1515 
3123 3123 
3183 9549 
1625 541 
1911 636 
2504 2504 
1209 402 
2737 2737 
3149 3149 
2124 6372 
1092 363 
5032 1676 
3253 3253 
781 259 
3045 9135 
2979 992 
1916 1916 
2259 752 
2590 2590 
2514 2514 
2751 2751 
4957 1651 
2750 2750 
783 260 
2668 2668 
4011 12033 
2541 846 
1989 662 
4784 1594 
3243 3243 
1477 491 
5163 15489 
3168 9504 
2999 8997 
1903 1903 
5173 15519 
3146 3146 
2304 767 
1969 1969 
2731 8193 
3126 3126 
698 2094 
1142 3426 
3076 3076 
3159 3159 
3123 9369 
4473 1490 
2659 885 
2184 727 
4576 1524 
5030 15090 
2185 2185 
2553 2553 
3128 9384 
3153 3153 
3620 3620 
4840 14520 
1684 5052 
2252 2252 
2339 2339 
2203 6609 
2012 670 
2035 677 
4988 1662 
5220 15660 
3228 3228 
2033 6099 
3132 3132 
2224 740 
2425 807 
3538 1178 
2066 2066 
794 2382 
3662 3662 
5445 16335 
2826 2826 
4281 12843 
3108 1035 
2052 6156 
3155 3155 
2818 2818 
3075 1024 
5312 1770 
4499 13497 
1710 5130 
5126 15378 
3383 3383 
3663 3663 
1888 5664 
1368 455 
2923 8769 
4870 14610 
4378 13134 
3062 3062 
3219 3219 
2820 2820 
4639 1545 
5155 1717 
5343 1780 
1938 1938 
3635 3635 
5072 1690 
1862 620 
3074 3074 
1995 1995 
4299 12897 
2835 2835 
2448 2448 
5412 1803 
2971 8913 
2152 2152 
2817 2817 
3217 1071 
3567 3567 
5092 15276 
4371 13113 
1204 400 
4841 14523 
5189 15567 
2811 936 
3491 3491 
3770 1256 
3036 9108 
2217 2217 
3534 1177 
3879 1292 
3476 3476 
3548 10644 
4794 14382 
996 331 
2149 715 
4545 13635 
2419 7257 
3205 9615 
2203 2203 
1601 533 
3553 3553 
3178 3178 
2389 2389 
2402 7206 
1886 628 
1199 3597 
2564 2564 
4235 12705 
1110 369 
2661 2661 
2311 6933 
2592 863 
3818 1272 
3407 3407 
3086 3086 
5175 15525 
3558 3558 
3374 3374 
613 1839 
5016 1671 
73 219 
4079 1359 
2541 2541 
3167 1055 
3324 3324 
1890 1890 
4611 13833 
2363 2363 
1801 5403 
3413 3413 
2505 2505 
2997 998 
3039 3039 
3649 3649 
4002 12006 
2539 2539 
3168 3168 
4225 1407 
13 3 
2384 2384 
1479 4437 
2589 2589 
2502 2502 
2240 6720 
2432 2432 
2530 2530 
3066 1021 
1084 360 
230 76 
3526 1174 
2096 6288 
3190 1062 
1902 1902 
2711 2711 
480 1440 
2216 2216 
2676 2676 
2972 990 
1378 4134 
4845 14535 
2759 2759 
3390 3390 
2513 2513 
2749 2749 
2081 2081 
1182 393 
2903 2903 
4655 13965 
1566 521 
4474 1490 
1963 653 
892 296 
2538 2538 
1010 3030 
2636 2636 
2843 8529 
3466 3466 
4354 1450 
3282 9846 
2073 6219 
970 2910 
2405 7215 
2743 2743 
3094 3094 
899 299 
5413 1803 
3060 1019 
2090 2090 
2799 2799 
2385 2385 
3419 3419 
1795 597 
3193 3193 
2566 7698 
3189 1062 
3438 3438 
3469 1155 
727 241 
1849 1849 
4688 14064 
4213 1403 
2821 8463 
4224 1407 
687 228 
3188 1062 
3797 1265 
2482 826 
1527 4581 
1977 5931 
2200 2200 
2872 956 
1259 3777 
3296 1098 
5393 16179 
3215 3215 
3105 9315 
2276 2276 
2928 2928 
2702 8106 
3335 10005 
891 2673 
1059 3177 
1731 5193 
1192 396 
4691 14073 
661 219 
3663 1220 
1512 503 
1552 4656 
1901 1901 
2733 2733 
1742 580 
2957 985 
3543 3543 
1368 4104 
3134 3134 
4137 12411 
2271 756 
3348 3348 
3489 3489 
4830 1609 
5414 1804 
996 2988 
2994 997 
3234 1077 
2706 901 
2762 2762 
3357 3357 
3624 10872 
3426 10278 
1278 425 
2677 8031 
4787 14361 
2677 891 
2717 2717 
2535 7605 
1895 5685 
3297 1098 
2691 896 
5105 1701 
1348 4044 
3349 3349 
4303 1433 
1339 445 
1886 1886 
3457 3457 
204 67 
4503 1500 
3004 3004 
3988 1328 
3221 1073 
2763 2763 
1991 663 
2490 7470 
294 97 
1867 621 
4676 14028 
1424 4272 
5193 15579 
5350 1782 
2633 2633 
5423 1807 
2238 2238 
2105 6315 
3874 1290 
2179 2179 
1938 645 
2039 679 
558 1674 
4882 14646 
2192 730 
1889 1889 
2832 2832 
1922 640 
3229 9687 
3333 9999 
2326 774 
2586 7758 
2337 7011 
23 69 
3506 1168 
2725 2725 
5336 16008 
567 188 
2134 2134 
3237 1078 
2291 6873 
2982 2982 
4201 1399 
3336 3336 
441 146 
336 1008 
3051 3051 
2751 916 
4968 1655 
2562 2562 
2404 800 
1860 5580 
361 1083 
2800 932 
173 519 
1147 3441 
2762 8286 
2869 955 
1569 4707 
3500 10500 
2446 2446 
2480 2480 
4435 13305 
2285 6855 
3660 3660 
2105 701 
3202 1066 
2941 8823 
2312 2312 
3449 3449 
3319 3319 
4034 12102 
2664 2664 
3784 1260 
3536 1178 
2332 2332 
4351 1449 
3287 3287 
1559 519 
5070 15210 
5144 1714 
3061 3061 
4629 13887 
1856 618 
2245 6735 
2039 6117 
3025 3025 
2576 2576 
2586 2586 
3619 10857 
2227 2227 
1196 398 
5359 16077 
455 1365 
1930 5790 
1055 351 
4352 1450 
3588 1195 
5243 1747 
2088 695 
2457 2457 
2959 2959 
3236 3236 
2841 2841 
4093 12279 
5431 16293 
1561 519 
4628 1542 
1531 509 
1847 1847 
2643 7929 
814 270 
4161 1386 
3617 3617 
5084 15252 
2994 8982 
2747 2747 
4156 1384 
3225 1074 
3546 3546 
2660 7980 
5284 15852 
5022 15066 
2908 2908 
3953 1317 
1999 1999 
3028 1008 
4975 14925 
4350 1449 
685 2055 
4465 13395 
330 109 
1662 4986 
2837 8511 
4094 12282 
2854 2854 
2550 7650 
3708 1235 
4517 1505 
1691 563 
2293 6879 
5497 16491 
3618 1205 
2195 2195 
2378 7134 
2084 694 
5286 15858 
2813 2813 
231 693 
2509 7527 
3144 1047 
2693 2693 
4919 1639 
2336 2336 
4947 1648 
3537 3537 
3627 3627 
2599 2599 
1990 662 
109 327 
314 104 
4896 1631 
3578 3578 
2160 2160 
2531 2531 
2218 738 
3412 3412 
2924 8772 
494 1482 
97 291 
2572 2572 
3393 1130 
4588 1528 
3088 3088 
615 1845 
5033 15099 
3042 3042 
2990 2990 
2270 2270 
3141 9423 
876 291 
2594 864 
4369 13107 
3301 9903 
4035 12105 
3929 1309 
1720 5160 
4436 1478 
3769 1255 
4154 1384 
3429 3429 
1572 523 
5160 1719 
151 49 
3283 3283 
5448 16344 
4790 1596 
2486 2486 
1954 1954 
5071 1689 
4493 13479 
3309 3309 
1056 351 
3311 3311 
2390 2390 
2101 699 
156 468 
1264 420 
2772 2772 
945 2835 
2865 2865 
4409 1469 
2002 2002 
3992 11976 
931 309 
2006 6018 
1974 5922 
3285 9855 
3400 3400 
206 618 
4659 1552 
2031 2031 
2235 744 
1301 433 
5390 1796 
2465 7395 
1700 5100 
4287 1428 
4092 1363 
3367 10101 
2948 2948 
4608 13824 
4316 12948 
3026 1008 
2480 7440 
2330 2330 
2959 985 
2115 2115 
2086 2086 
4410 1469 
680 226 
2853 2853 
2267 2267 
1970 5910 
3210 3210 
4899 1632 
3144 3144 
2025 674 
2258 2258 
1758 5274 
2683 2683 
2359 2359 
2945 2945 
4437 13311 
2859 2859 
2522 840 
256 768 
5040 15120 
1877 625 
928 308 
3356 1118 
2247 2247 
1972 656 
3296 3296 
2618 2618 
3112 1036 
1589 529 
3257 1085 
2940 8820 
3202 9606 
4239 12717 
4641 13923 
1313 3939 
3103 9309 
4573 1523 
2671 8013 
2992 2992 
3104 3104 
3870 1289 
3420 3420 
341 1023 
3172 3172 
2697 2697 
4563 13689 
2440 2440 
1904 634 
2133 710 
3164 3164 
3011 3011 
118 38 
2229 2229 
3431 3431 
2251 6753 
765 2295 
2059 2059 
1877 5631 
2110 2110 
238 714 
3564 3564 
817 271 
2980 8940 
1406 468 
1312 436 
4125 12375 
3825 11475 
2433 2433 
2889 962 
3878 1292 
1933 1933 
1994 1994 
2933 8799 
2300 2300 
3033 3033 
1950 5850 
5398 16194 
2729 2729 
3542 3542 
3363 3363 
3527 1175 
3121 3121 
1288 3864 
2779 2779 
1979 1979 
4590 13770 
1452 483 
571 1713 
2074 2074 
3130 3130 
1171 389 
1651 549 
3050 3050 
5473 16419 
2622 873 
3192 3192 
2464 2464 
3916 1304 
790 262 
3278 3278 
3437 3437 
4644 13932 
3366 3366 
3294 1097 
2267 6801 
4423 1473 
3644 3644 
3372 10116 
1624 540 
1901 633 
2448 815 
2183 6549 
3448 10344 
3107 9321 
433 1299 
399 132 
2624 2624 
2352 7056 
1827 608 
4290 12870 
2907 2907 
3194 3194 
1249 3747 
4214 1404 
3460 10380 
3593 3593 
2046 6138 
3238 3238 
2209 2209 
214 642 
4876 1624 
3234 3234 
3287 1095 
4193 12579 
4157 12471 
2266 2266 
3546 1181 
3105 1034 
1194 3582 
4697 14091 
985 2955 
2463 7389 
416 138 
3435 1144 
2824 2824 
3426 3426 
2603 867 
3710 11130 
3279 3279 
5112 15336 
1318 438 
2464 820 
1574 524 
3855 11565 
3477 3477 
3306 3306 
1898 1898 
2561 2561 
3183 3183 
2325 6975 
1836 1836 
3174 9522 
3035 3035 
2222 6666 
77 25 
4220 12660 
2973 990 
3738 1245 
1023 340 
2768 922 
1214 404 
2972 8916 
1995 5985 
1939 1939 
3501 10503 
5341 1779 
2204 734 
4447 13341 
2900 966 
3453 1150 
1880 1880 
4865 1621 
1689 562 
3151 1049 
3920 1306 
3205 3205 
5374 1790 
1356 451 
4407 1468 
4169 1389 
425 1275 
1605 4815 
317 105 
2719 2719 
2104 6312 
2167 2167 
36 11 
3125 3125 
2685 8055 
1338 445 
2684 2684 
1872 1872 
2316 2316 
5164 15492 
2904 8712 
3067 1021 
2993 997 
2886 8658 
1150 3450 
2555 2555 
1461 486 
2054 2054 
2196 731 
2976 2976 
2361 2361 
3597 3597 
3335 3335 
166 54 
1069 355 
1930 1930 
8 2 
3408 3408 
1801 599 
847 2541 
3675 11025 
2468 822 
3734 1244 
3494 1164 
3308 3308 
3101 1033 
2333 2333 
3094 9282 
2069 2069 
2399 799 
2866 954 
3614 3614 
3983 11949 
3630 3630 
3079 3079 
3099 3099 
2315 771 
2987 8961 
2232 2232 
2540 2540 
3949 1315 
154 462 
2699 8097 
3773 1257 
1803 600 
4443 13329 
2441 2441 
3993 11979 
1960 1960 
4972 14916 
5232 1743 
1492 496 
3394 3394 
2728 2728 
2408 2408 
1358 452 
1952 1952 
4376 13128 
1949 1949 
4340 13020 
1526 508 
2740 8220 
2272 6816 
3825 1274 
2499 2499 
3887 11661 
2234 2234 
3923 1307 
2956 2956 
491 163 
3031 3031 
967 2901 
3039 9117 
3315 9945 
3125 9375 
2323 2323 
2004 2004 
1946 1946 
2453 2453 
2063 2063 
2088 2088 
4740 14220 
354 117 
2159 6477 
1778 5334 
232 76 
3308 1102 
1899 5697 
2849 2849 
3944 11832 
2791 8373 
2012 2012 
2105 2105 
2036 2036 
4733 1577 
209 627 
1858 1858 
2192 2192 
4678 14034 
4028 1342 
399 1197 
2194 730 
890 296 
3171 3171 
1004 3012 
1976 5928 
1071 356 
3545 3545 
1814 5442 
3483 3483 
3985 11955 
987 328 
3100 1032 
3519 1172 
4011 1336 
5395 16185 
1896 1896 
3665 3665 
5340 1779 
1882 1882 
2734 8202 
3584 3584 
3617 1205 
2835 8505 
219 72 
1121 373 
2968 2968 
2147 715 
2648 7944 
4616 1538 
3771 11313 
4186 1394 
5218 15654 
4474 13422 
2908 8724 
1908 1908 
1130 3390 
3583 3583 
3293 1097 
1884 627 
4733 14199 
4736 14208 
2861 2861 
3594 3594 
2374 2374 
3834 1277 
1754 5262 
847 281 
2213 2213 
3094 1030 
4620 1539 
3629 3629 
280 92 
2162 2162 
1513 4539 
2097 2097 
4132 1376 
2524 2524 
2884 960 
2007 2007 
478 1434 
4577 13731 
2517 2517 
3876 11628 
1412 4236 
4313 12939 
2714 2714 
2673 2673 
3161 3161 
2465 2465 
450 149 
1758 585 
2247 748 
2377 2377 
4330 12990 
863 287 
661 1983 
1763 587 
2235 2235 
2961 8883 
2123 2123 
883 2649 
424 1272 
2839 945 
5475 1824 
930 2790 
2980 2980 
2131 2131 
5093 1697 
1023 3069 
5446 16338 
3077 3077 
3577 10731 
3157 3157 
2778 2778 
4466 13398 
4248 12744 
3274 3274 
1063 353 
2897 8691 
3034 3034 
3262 9786 
2372 2372 
5239 15717 
251 753 
5275 1757 
1937 5811 
4971 14913 
5438 1812 
5082 15246 
1840 1840 
2901 2901 
455 151 
2295 2295 
5273 15819 
2708 2708 
2812 2812 
5197 15591 
3742 11226 
2461 2461 
5122 1706 
1160 386 
4425 1474 
4494 1497 
2835 944 
1422 473 
1962 1962 
3799 11397 
5349 16047 
3976 11928 
503 167 
2396 798 
3430 1142 
1714 570 
3298 1098 
1696 5088 
2033 2033 
5364 16092 
4584 1527 
3124 9372 
2382 2382 
5453 16359 
74 222 
4402 1466 
2930 8790 
953 317 
798 2394 
5262 1753 
1143 380 
3388 3388 
2982 993 
599 199 
2623 2623 
2639 2639 
3258 9774 
1380 4140 
4636 13908 
2795 8385 
2019 672 
5050 1682 
1785 594 
977 2931 
4495 1497 
1898 632 
2769 2769 
3459 1152 
4027 1341 
1387 4161 
646 214 
4038 12114 
2057 685 
3462 3462 
3024 3024 
1370 456 
4001 1333 
2864 2864 
2379 7137 
1920 1920 
1597 4791 
1594 530 
4414 13242 
3529 1175 
2369 789 
599 1797 
4089 1362 
2784 2784 
2947 2947 
3005 1001 
3148 3148 
2445 814 
438 145 
2164 2164 
3656 3656 
2268 2268 
1156 384 
2949 2949 
4542 13626 
4953 1650 
1334 444 
5480 16440 
2508 2508 
596 1788 
4269 12807 
5332 1776 
719 2157 
514 1542 
3392 3392 
2187 2187 
345 1035 
2582 2582 
4745 14235 
3539 3539 
3936 11808 
3342 3342 
1134 377 
291 96 
3004 1000 
4848 14544 
472 156 
3256 3256 
1267 3801 
4717 14151 
2918 2918 
1471 489 
3109 1035 
3006 1001 
5242 1746 
2869 8607 
2740 2740 
3128 3128 
2607 2607 
4211 12633 
1161 386 
307 101 
3212 3212 
3557 10671 
2511 836 
1915 1915 
4441 1479 
3267 3267 
2585 861 
4880 1626 
2199 2199 
3653 10959 
3022 1006 
2312 6936 
41 13 
2271 6813 
1198 3594 
1067 3201 
2512 2512 
2839 2839 
1254 3762 
3389 3389 
1467 4401 
3547 10641 
3409 10227 
949 2847 
2862 2862 
3854 11562 
3326 9978 
2321 2321 
1654 4962 
1978 1978 
44 14 
2957 8871 
3619 3619 
5363 1787 
1642 4926 
2603 2603 
5385 1794 
1020 3060 
285 855 
2959 8877 
5113 1703 
4442 1480 
5386 1794 
1052 350 
1058 352 
3285 1094 
2301 2301 
2172 2172 
2437 2437 
3814 1270 
3189 9567 
2667 2667 
2299 765 
157 471 
5088 1695 
3565 10695 
3227 3227 
4615 1537 
1987 661 
3639 1212 
372 123 
2730 2730 
2161 2161 
2016 2016 
2375 2375 
2817 8451 
4439 1479 
1873 5619 
3337 1111 
3323 3323 
2372 7116 
1764 587 
1290 3870 
5093 15279 
2775 924 
2146 2146 
2875 8625 
1011 3033 
2378 792 
4027 12081 
3313 1103 
4875 14625 
5406 1801 
4189 1395 
2554 7662 
2514 7542 
2376 7128 
1884 5652 
340 112 
3731 11193 
566 188 
2137 2137 
3857 11571 
3566 1188 
4285 1427 
2940 2940 
2477 2477 
1852 1852 
1584 527 
3764 1254 
5116 15348 
3807 11421 
3182 3182 
1946 648 
3265 3265 
3859 11577 
2202 733 
1678 558 
2412 2412 
2059 685 
3204 1067 
3951 11853 
3240 3240 
3153 9459 
3792 1263 
1780 5340 
3345 3345 
373 1119 
2367 788 
4015 1337 
2027 2027 
2503 2503 
2645 2645 
1137 3411 
4878 14634 
2404 2404 
3450 1149 
4667 14001 
4071 12213 
2130 709 
1325 441 
1996 5988 
3977 11931 
3163 3163 
4692 1563 
2665 887 
2100 2100 
1997 665 
2140 2140 
4915 14745 
2777 2777 
2696 2696 
3318 3318 
1201 3603 
1961 1961 
293 97 
