5500 6000
5345 1781 
3002 3002 
1849 5547 
3118 1038 
1865 1865 
2456 818 
5263 15789 
5401 1799 
1182 393 
3473 3473 
5221 1739 
2661 7983 
2328 6984 
2348 782 
5473 16419 
4403 13209 
5442 1813 
5213 1737 
5266 1754 
5024 1674 
3441 3441 
3014 3014 
4412 1470 
2573 7719 
3151 3151 
3115 3115 
1692 563 
2329 6987 
2662 7986 
2483 7449 
4619 1539 
2001 6003 
4498 1498 
2819 939 
115 37 
3272 3272 
5284 1760 
3599 3599 
2519 7557 
1112 3336 
82 26 
4491 13473 
1860 619 
1117 3351 
4884 14652 
98 32 
4910 1636 
2612 2612 
2878 8634 
3215 3215 
2731 2731 
4965 1654 
3179 1059 
634 210 
1983 1983 
3420 1139 
3021 9063 
1393 4179 
1322 440 
5271 1756 
1708 568 
2074 2074 
1889 5667 
1918 1918 
2249 2249 
710 2130 
1280 3840 
2283 2283 
2092 696 
3109 3109 
3412 3412 
3530 10590 
2831 2831 
2137 2137 
1041 3123 
2058 2058 
1072 356 
2191 2191 
1479 4437 
3110 3110 
1850 1850 
5201 15603 
5230 1742 
3472 3472 
3150 3150 
4827 14481 
559 185 
3487 10461 
2595 864 
1943 5829 
1914 1914 
2956 2956 
368 122 
3136 9408 
4607 1535 
2976 2976 
3650 3650 
3408 3408 
2391 2391 
378 125 
5195 15585 
1754 584 
2803 2803 
2934 8802 
3616 1204 
2444 2444 
3520 3520 
2938 2938 
2359 7077 
2199 6597 
729 242 
2385 7155 
3335 3335 
1326 441 
2353 2353 
1522 4566 
2871 8613 
579 192 
4476 13428 
4739 14217 
2238 6714 
4918 1638 
460 152 
2914 2914 
3249 3249 
2908 8724 
2930 8790 
4987 14961 
994 330 
702 233 
3276 1091 
1851 1851 
813 270 
2808 935 
2335 2335 
382 1146 
3006 3006 
2685 2685 
206 618 
2487 828 
5023 15069 
1133 3399 
4804 1600 
4526 1508 
4591 13773 
101 303 
1561 519 
2407 2407 
4303 12909 
5248 15744 
2592 2592 
878 292 
2023 6069 
2209 735 
2376 791 
1901 1901 
1127 375 
3607 1201 
2340 2340 
1447 481 
971 2913 
4497 13491 
3589 1195 
2616 7848 
1290 3870 
3185 3185 
3120 3120 
1007 3021 
3997 11991 
2122 706 
5363 16089 
4989 14967 
2889 2889 
4477 13431 
3163 1053 
2132 2132 
2735 2735 
2047 2047 
2728 908 
2651 2651 
1047 3141 
621 206 
4874 1624 
2347 7041 
3879 1292 
4172 12516 
2281 759 
2738 2738 
3643 3643 
1851 616 
103 309 
2425 2425 
3193 1063 
2912 2912 
2794 930 
124 372 
4072 1356 
2547 2547 
1880 5640 
1276 424 
471 1413 
3051 3051 
915 304 
107 35 
1113 370 
3557 3557 
2898 2898 
4859 1619 
3999 11997 
2023 2023 
1173 390 
2696 2696 
330 109 
3501 3501 
3092 3092 
3387 10161 
1716 5148 
3550 1182 
5335 16005 
3096 9288 
265 87 
3182 3182 
948 2844 
284 852 
1394 464 
892 296 
3089 9267 
2244 6732 
3672 1223 
1923 1923 
4108 12324 
1206 3618 
968 322 
2137 711 
4183 1393 
3412 1136 
2155 6465 
2109 2109 
5040 15120 
3458 3458 
509 169 
3355 3355 
2362 2362 
2422 7266 
2026 2026 
3339 10017 
5483 16449 
2418 2418 
463 1389 
3063 3063 
2569 2569 
2970 2970 
2610 2610 
4948 1648 
3981 1326 
530 176 
1026 3078 
3282 3282 
2961 986 
2427 2427 
1908 1908 
4950 1649 
2945 2945 
2358 785 
5231 1743 
2576 2576 
3385 1127 
3438 1145 
3807 1268 
3248 3248 
4435 1477 
721 239 
3679 11037 
3158 3158 
2271 2271 
2508 2508 
3416 10248 
112 336 
3618 3618 
2308 6924 
4023 12069 
1622 540 
3476 3476 
3460 3460 
805 2415 
3471 3471 
1177 3531 
1903 1903 
3651 3651 
2990 2990 
2627 875 
3533 10599 
3887 11661 
2042 2042 
2258 2258 
1286 428 
1158 3474 
3855 1284 
3691 1229 
2724 907 
2649 2649 
4320 1439 
3366 1121 
3053 1017 
4907 14721 
2909 2909 
3236 9708 
210 69 
4445 13335 
2659 2659 
2826 2826 
5098 15294 
3540 10620 
3464 10392 
941 313 
3659 3659 
2949 2949 
2047 681 
3463 10389 
3431 3431 
3283 3283 
321 106 
5171 15513 
2357 2357 
2048 2048 
2103 700 
3512 3512 
4632 1543 
2961 2961 
3255 1084 
2118 2118 
4236 12708 
371 1113 
2503 2503 
1765 5295 
1203 3609 
2742 913 
3491 3491 
2557 7671 
3065 1021 
5076 1691 
3213 3213 
2622 2622 
1400 466 
1429 475 
784 2352 
2216 6648 
1262 420 
3151 1049 
3050 1016 
866 288 
1108 3324 
1027 3081 
3006 1001 
3122 9366 
2966 2966 
1868 5604 
2641 2641 
4912 1636 
2609 7827 
2116 704 
1976 1976 
2531 7593 
2991 2991 
3738 1245 
1872 1872 
2094 2094 
1783 5349 
4825 14475 
2126 2126 
3399 3399 
3135 3135 
745 2235 
2436 2436 
3073 3073 
3428 10284 
3602 3602 
2693 8079 
3375 3375 
2943 2943 
3709 1235 
2489 2489 
3593 10779 
603 200 
1997 1997 
3655 3655 
2708 8124 
1426 474 
2944 2944 
2339 2339 
3381 1126 
3147 1048 
3214 3214 
5031 15093 
5299 15897 
3295 9885 
5469 16407 
5208 1735 
1971 656 
3418 3418 
1857 1857 
3700 1232 
1979 5937 
1083 3249 
4731 1576 
2143 2143 
1699 5097 
1770 5310 
2367 2367 
2551 7653 
1513 503 
5337 1778 
3515 10545 
1908 635 
1395 4185 
2161 719 
2419 2419 
4547 1515 
4335 13005 
2401 2401 
1526 508 
2761 2761 
5489 1829 
2840 2840 
2556 2556 
3169 3169 
3306 3306 
3397 3397 
2625 2625 
2787 928 
963 2889 
2927 2927 
3191 3191 
3222 9666 
3671 11013 
2951 983 
2746 2746 
4111 1369 
5003 1667 
5001 15003 
1890 1890 
3554 3554 
1461 4383 
872 290 
2730 909 
3905 11715 
1443 480 
2783 2783 
126 41 
835 2505 
2708 2708 
4917 14751 
2402 2402 
1132 376 
950 2850 
4066 1354 
5399 16197 
4175 1391 
1578 4734 
3019 3019 
1962 1962 
3314 9942 
4836 14508 
4280 12840 
4364 1454 
3477 3477 
3039 3039 
411 136 
5426 1808 
3050 9150 
2197 731 
2660 2660 
5072 1690 
264 87 
29 9 
3277 3277 
1202 400 
2098 2098 
2112 2112 
1673 557 
3058 3058 
4943 14829 
1672 556 
3337 3337 
2297 6891 
1874 1874 
3632 3632 
1930 1930 
2823 2823 
545 1635 
3975 1324 
3739 11217 
4013 1337 
1696 5088 
2414 2414 
1415 4245 
2505 834 
2596 2596 
2354 2354 
381 1143 
2015 2015 
1863 5589 
1206 401 
3504 3504 
1888 1888 
3312 3312 
4878 1625 
2740 2740 
3302 3302 
3577 10731 
2130 709 
2481 2481 
2675 2675 
2473 2473 
2588 7764 
3084 9252 
2791 2791 
2807 2807 
1860 5580 
2988 2988 
3903 1300 
3696 1231 
2827 8481 
3773 1257 
2380 7140 
1619 4857 
1886 1886 
5472 16416 
3498 10494 
3067 3067 
4720 1572 
3654 10962 
1058 3174 
54 17 
1939 1939 
506 1518 
2345 2345 
1353 4059 
1792 596 
4695 1564 
2032 2032 
3068 3068 
3114 3114 
5168 1722 
3294 3294 
3514 10542 
2584 2584 
2858 952 
3492 3492 
1867 621 
2494 2494 
2161 2161 
5428 1808 
863 2589 
1006 3018 
4138 12414 
3057 3057 
3559 3559 
1086 361 
9 2 
3351 3351 
3764 11292 
3053 3053 
2903 2903 
2018 2018 
2564 2564 
3938 11814 
1690 5070 
4125 1374 
811 269 
2963 2963 
3315 3315 
2522 2522 
5323 1773 
585 194 
4798 1598 
261 86 
5 1 
2757 8271 
3996 1331 
2650 2650 
1577 525 
2064 2064 
2948 2948 
4507 1501 
2517 2517 
4502 13506 
3657 1218 
542 180 
2011 2011 
3523 10569 
1627 4881 
4558 1518 
1952 650 
2470 2470 
2621 2621 
3485 3485 
1665 4995 
3769 11307 
2332 2332 
2383 2383 
3155 3155 
3058 9174 
3432 3432 
2097 2097 
809 269 
5365 16095 
3586 1194 
3060 3060 
2645 2645 
1659 4977 
4610 13830 
1784 5352 
2257 6771 
3070 3070 
413 1239 
2335 777 
3353 1117 
1313 3939 
4602 1533 
2730 2730 
3637 1211 
4993 14979 
1711 569 
3435 3435 
1749 5247 
3482 3482 
4042 1346 
858 2574 
4979 1659 
4986 14958 
3009 3009 
2330 2330 
3273 9819 
2683 8049 
1562 520 
3202 3202 
2080 6240 
3359 3359 
2954 984 
5331 1776 
343 1029 
4909 1635 
892 2676 
1721 573 
5422 1806 
2864 954 
1921 1921 
123 40 
3522 10566 
3075 1024 
3608 3608 
2571 2571 
652 216 
1475 4425 
4008 1335 
4477 1491 
1476 491 
1924 1924 
2319 2319 
2710 8130 
3111 3111 
1292 3876 
3864 11592 
1755 5265 
4605 13815 
1912 1912 
2052 2052 
3026 3026 
1998 1998 
5157 15471 
754 2262 
5041 15123 
3965 1321 
2298 2298 
2669 8007 
4740 1579 
4873 1623 
3526 3526 
4719 14157 
975 324 
526 174 
3617 1205 
3243 9729 
5080 15240 
2971 8913 
3290 9870 
4488 1495 
5034 1677 
2105 6315 
4180 1392 
3152 3152 
2156 2156 
2478 2478 
2322 2322 
5030 1676 
4812 1603 
1842 1842 
2626 2626 
4507 13521 
3696 11088 
1543 4629 
1051 349 
2460 819 
1869 1869 
2953 2953 
838 278 
14 4 
4450 1482 
3170 9510 
875 291 
3423 3423 
4807 14421 
1936 5808 
4296 1431 
4411 13233 
1338 445 
2155 2155 
1768 5304 
2798 2798 
5078 15234 
2173 2173 
2331 2331 
2035 2035 
4293 1430 
254 762 
3150 9450 
574 1722 
3116 3116 
3203 3203 
3404 1134 
4834 1610 
3442 3442 
4772 14316 
3296 3296 
3133 1043 
2937 2937 
3002 9006 
3558 1185 
3301 1099 
5159 15477 
5484 16452 
2999 2999 
2849 8547 
4409 13227 
1913 637 
3004 9012 
2867 2867 
2315 771 
3342 1113 
3618 10854 
2010 2010 
2670 2670 
2583 2583 
2745 8235 
2095 2095 
4715 14145 
2743 2743 
1111 3333 
488 1464 
1444 480 
2369 2369 
2846 8538 
5203 1733 
203 67 
3434 3434 
2426 2426 
5159 1719 
1378 4134 
2709 2709 
2893 2893 
1492 4476 
3682 1226 
5387 16161 
2057 6171 
83 249 
5393 1797 
694 2082 
2994 2994 
2152 6456 
1113 3339 
3176 1058 
1914 5742 
2506 7518 
1495 497 
3021 1006 
2701 899 
2945 8835 
2886 961 
3055 3055 
2843 2843 
3440 1146 
3370 3370 
2039 679 
2043 6129 
3966 11898 
5092 15276 
2380 792 
578 192 
2201 2201 
3309 3309 
2523 2523 
2428 2428 
1360 452 
5278 15834 
2645 881 
1920 1920 
2092 2092 
4828 14484 
2511 2511 
495 1485 
2299 765 
2848 2848 
442 146 
1621 539 
2337 2337 
2511 7533 
3103 1033 
4772 1590 
3357 10071 
3525 10575 
2521 2521 
3622 10866 
2960 986 
2096 2096 
2540 846 
5416 16248 
1958 652 
2426 7278 
2979 2979 
3958 1318 
3657 3657 
3122 3122 
3017 3017 
3387 1128 
1819 605 
3594 10782 
3262 3262 
3574 3574 
4780 14340 
3048 3048 
3016 3016 
2143 713 
1193 397 
1320 439 
1959 1959 
3849 1282 
2546 7638 
1972 5916 
1840 5520 
2459 2459 
278 92 
436 1308 
2448 2448 
2466 7398 
3481 10443 
4515 1504 
2971 989 
1376 458 
5144 1714 
2472 7416 
607 201 
1792 5376 
2593 2593 
3531 10593 
3486 3486 
4558 13674 
3895 11685 
645 1935 
2256 2256 
551 1653 
4621 13863 
2524 2524 
4811 14433 
5069 15207 
3131 9393 
2437 2437 
4054 12162 
3610 3610 
1419 472 
743 2229 
1778 5334 
3289 3289 
3368 3368 
3323 1107 
410 1230 
1718 572 
3449 10347 
4863 14589 
342 113 
2012 2012 
2772 2772 
1982 1982 
810 2430 
2925 8775 
3958 11874 
3372 10116 
4454 1484 
3090 3090 
2105 701 
5369 16107 
4384 1460 
1967 1967 
4991 1663 
2535 7605 
3180 3180 
3493 3493 
4998 1665 
3083 3083 
3877 11631 
2677 2677 
4028 1342 
2083 2083 
1172 3516 
4233 1410 
3597 3597 
2186 728 
1902 1902 
3500 3500 
2948 982 
3159 3159 
4534 1510 
1732 5196 
2722 906 
2726 2726 
2790 2790 
5407 1801 
2395 797 
3165 1054 
2753 2753 
3568 10704 
3652 3652 
28 8 
2474 2474 
2883 8649 
3411 10233 
2194 2194 
5082 15246 
2466 821 
5390 1796 
2833 2833 
2286 2286 
3256 3256 
3488 3488 
4397 13191 
476 1428 
2168 2168 
2138 2138 
1320 3960 
1576 4728 
490 162 
2177 6531 
3552 3552 
749 249 
2844 2844 
1937 5811 
3445 3445 
71 213 
303 100 
21 63 
5087 15261 
3129 9387 
3500 10500 
4547 13641 
2452 2452 
4769 1589 
2279 2279 
3235 3235 
2276 2276 
2252 750 
4653 13959 
3396 1131 
2421 2421 
778 2334 
5012 15036 
1860 1860 
849 282 
1798 5394 
3415 3415 
2250 2250 
2567 7701 
3407 10221 
2884 2884 
1849 1849 
4672 14016 
480 1440 
2075 6225 
769 255 
2832 8496 
239 717 
3125 3125 
1175 3525 
5354 1784 
2141 2141 
301 903 
3123 3123 
2289 2289 
3138 1045 
4208 12624 
1854 1854 
4839 1612 
353 1059 
1441 479 
890 296 
2400 7200 
1140 3420 
5308 15924 
4646 13938 
2090 2090 
5316 15948 
4561 13683 
2174 2174 
1384 460 
1682 560 
2392 2392 
3498 3498 
3221 3221 
3524 1174 
3754 11262 
3129 3129 
520 1560 
1110 369 
2285 2285 
2517 7551 
2700 899 
404 1212 
834 277 
1046 348 
1125 3375 
3469 3469 
3278 3278 
2393 7179 
420 139 
300 99 
2149 2149 
4715 1571 
2217 2217 
1489 4467 
312 936 
3117 9351 
3667 11001 
2416 2416 
2684 2684 
1107 368 
2558 2558 
2455 2455 
978 2934 
4019 12057 
2247 2247 
2497 2497 
3632 1210 
1762 5286 
4748 1582 
2453 2453 
1265 3795 
3587 3587 
2485 2485 
5291 1763 
1148 382 
4109 12327 
497 165 
1804 600 
3007 3007 
902 300 
1995 664 
2056 684 
3488 10464 
2669 889 
823 273 
3146 3146 
3524 10572 
810 269 
2255 751 
1583 527 
1629 542 
2307 2307 
3454 3454 
3386 10158 
2910 2910 
446 148 
2203 2203 
187 561 
2016 2016 
2336 2336 
75 24 
2430 2430 
2504 834 
1703 567 
2014 2014 
2420 7260 
1298 432 
4126 1374 
70 22 
2308 2308 
1877 1877 
2538 2538 
754 250 
211 69 
459 1377 
1910 1910 
653 217 
3429 3429 
5167 1721 
3430 1142 
886 2658 
2536 2536 
3931 1309 
1516 504 
924 307 
1432 476 
2773 8319 
1078 3234 
3049 1015 
3061 3061 
416 1248 
4822 1606 
1339 445 
3491 1163 
5320 1772 
2676 8028 
2064 687 
4129 12387 
2841 2841 
5240 1746 
4069 12207 
2631 2631 
1840 1840 
3210 9630 
2515 2515 
4790 1596 
1274 424 
3345 3345 
2476 824 
1377 458 
1758 5274 
309 102 
1499 499 
3059 3059 
3501 10503 
47 141 
2472 823 
2647 881 
3981 11943 
3426 10278 
4166 1388 
2886 2886 
1161 386 
2244 747 
2759 2759 
4321 12963 
790 2370 
2284 2284 
2687 8061 
5252 1750 
3619 3619 
3354 3354 
3077 9231 
2913 2913 
5491 1829 
3830 1276 
2180 2180 
2763 8289 
2615 2615 
2689 2689 
808 268 
900 2700 
1935 1935 
1855 1855 
768 2304 
721 2163 
2102 2102 
1968 1968 
5331 15993 
2751 2751 
3430 10290 
3931 11793 
104 34 
2287 761 
2450 2450 
4516 13548 
2883 2883 
4222 12666 
3457 10371 
1675 557 
1947 5841 
756 2268 
4718 1572 
4405 1467 
2097 698 
2937 8811 
1838 1838 
5172 1723 
1916 1916 
2239 2239 
3324 3324 
4234 12702 
2468 2468 
3337 10011 
3466 3466 
4978 14934 
2812 936 
2306 2306 
2129 2129 
2346 2346 
2400 2400 
2107 6321 
2192 2192 
2501 833 
4655 13965 
1069 355 
4210 1402 
3128 1042 
2429 809 
2362 786 
200 600 
3551 1183 
2093 6279 
3045 3045 
140 46 
3567 1188 
1807 5421 
4787 14361 
317 951 
5145 1714 
5095 1697 
3834 11502 
1989 1989 
687 228 
3119 9357 
2137 6411 
828 2484 
3252 3252 
2395 7185 
3052 3052 
475 157 
3298 3298 
3661 10983 
2830 942 
2251 6753 
610 1830 
2988 8964 
5027 1675 
505 1515 
4219 1405 
3389 1129 
4171 1389 
2906 8718 
5190 15570 
3160 3160 
3332 3332 
4367 1455 
3394 1130 
4014 1337 
2874 2874 
4037 1345 
5014 1670 
10 2 
2579 7737 
2993 8979 
41 123 
3272 9816 
2479 2479 
2733 2733 
3790 1262 
2859 2859 
4449 13347 
3721 11163 
3099 3099 
1915 1915 
5380 1792 
2172 723 
1401 4203 
2393 2393 
2344 2344 
2574 2574 
3147 9441 
4881 14643 
556 1668 
4240 12720 
949 315 
4132 12396 
2136 6408 
3280 9840 
2791 8373 
4593 1530 
509 1527 
3646 3646 
2364 7092 
2816 2816 
1457 485 
2931 2931 
2044 6132 
2492 2492 
4763 14289 
1064 3192 
1255 3765 
3550 3550 
1136 378 
4541 13623 
4191 1396 
1061 353 
2678 8034 
3421 3421 
2779 2779 
4337 1445 
869 289 
2865 2865 
2351 7053 
3348 3348 
4503 1500 
2281 6843 
2744 2744 
4372 13116 
2193 2193 
2408 7224 
1618 538 
3443 10329 
3225 3225 
2111 2111 
2172 2172 
2911 2911 
2490 2490 
2136 2136 
2620 2620 
5112 15336 
4841 1613 
4346 13038 
2182 6546 
2070 2070 
2906 968 
1250 3750 
2316 2316 
2467 7401 
3158 1052 
3427 3427 
4460 13380 
514 170 
4589 1529 
727 241 
485 161 
2887 2887 
1802 5406 
3106 9318 
2235 2235 
1252 3756 
3383 3383 
910 302 
2328 2328 
2457 818 
2822 940 
3255 3255 
2572 2572 
3779 11337 
3773 11319 
3098 3098 
2333 777 
4857 1618 
3539 1179 
4463 1487 
1428 475 
1263 3789 
1898 1898 
2635 7905 
2962 2962 
3207 3207 
2717 2717 
110 330 
4280 1426 
1405 467 
5251 15753 
3584 3584 
1810 5430 
2648 2648 
2080 2080 
995 2985 
1218 405 
3103 3103 
5499 16497 
2756 2756 
3517 3517 
1880 1880 
4903 14709 
164 54 
4922 1640 
2718 905 
1777 591 
1926 1926 
4764 14292 
1954 1954 
3024 3024 
1243 413 
3329 3329 
2278 2278 
3079 3079 
443 147 
3568 3568 
2356 2356 
3604 3604 
2727 2727 
3402 1133 
1181 393 
2650 7950 
2101 2101 
2183 2183 
3341 3341 
2614 2614 
3182 9546 
3352 3352 
3598 3598 
1442 4326 
4575 1524 
4375 1457 
3134 3134 
3086 3086 
2084 2084 
89 29 
3064 3064 
2355 2355 
1091 3273 
2616 871 
3191 1063 
4725 14175 
5442 16326 
5102 15306 
1953 650 
3928 11784 
4842 14526 
3783 11349 
5296 1764 
4169 1389 
2030 6090 
3357 3357 
5279 15837 
1771 589 
1836 611 
3118 3118 
1498 498 
2458 818 
4182 12546 
3705 11115 
2926 974 
2801 8403 
1018 3054 
2378 2378 
2196 2196 
1446 4338 
1103 367 
223 669 
3363 3363 
1626 4878 
4938 1645 
3322 9966 
5455 1817 
2445 814 
3284 3284 
2009 2009 
386 1158 
4506 1501 
3451 1149 
2306 6918 
1396 4188 
2708 902 
1452 4356 
2768 2768 
67 21 
5211 15633 
5473 1823 
1297 3891 
2694 897 
2507 2507 
3130 3130 
3056 3056 
780 259 
3567 10701 
3093 9279 
3199 1065 
3042 3042 
2165 6495 
2686 2686 
3381 3381 
5250 15750 
2315 2315 
2932 2932 
3600 3600 
2177 2177 
3222 1073 
1984 1984 
2196 731 
1973 1973 
2388 2388 
1748 582 
4734 1577 
4 0 
3315 1104 
2282 2282 
4997 14991 
2532 2532 
5267 15801 
2635 877 
245 735 
1959 5877 
795 2385 
2688 895 
1462 4386 
5000 15000 
2795 2795 
344 1032 
887 2661 
1876 1876 
3983 11949 
531 1593 
5131 1709 
928 2784 
2626 7878 
4179 12537 
3841 1279 
338 1014 
82 246 
4747 1581 
951 2853 
4470 1489 
2965 987 
3781 1259 
5033 15099 
2449 7347 
2148 715 
4793 1597 
5497 1831 
2231 2231 
309 927 
4160 12480 
4145 1381 
2508 835 
752 250 
2236 2236 
2600 2600 
3018 3018 
3565 3565 
3655 1217 
262 786 
4531 1509 
3464 3464 
4206 12618 
4829 14487 
2122 2122 
4313 12939 
4842 1613 
2233 2233 
523 173 
698 232 
945 2835 
4586 13758 
1837 611 
2952 2952 
3237 3237 
1963 1963 
2406 2406 
3001 3001 
2005 6015 
4801 1599 
2563 2563 
4858 14574 
2185 2185 
2425 7275 
3391 3391 
3453 3453 
3752 1250 
4704 14112 
2754 2754 
5110 15330 
831 2493 
3203 9609 
2958 2958 
4744 1580 
1380 459 
2699 2699 
4095 1364 
674 224 
1030 342 
623 207 
3285 3285 
1772 590 
3639 3639 
2885 8655 
2724 2724 
2291 2291 
473 1419 
2589 2589 
2468 822 
3876 11628 
5258 1752 
2272 6816 
2758 2758 
2104 2104 
2232 2232 
3658 1218 
4312 12936 
3138 9414 
3230 9690 
3304 9912 
3495 10485 
3400 3400 
2987 2987 
4242 1413 
3145 3145 
4974 14922 
2480 2480 
2465 2465 
5016 15048 
1054 350 
5445 16335 
2440 2440 
1689 5067 
4884 1627 
4835 1611 
2962 986 
94 282 
4979 14937 
2732 8196 
2110 2110 
5439 1812 
2888 2888 
1558 4674 
3424 3424 
3423 10269 
1916 638 
1591 4773 
1450 4350 
3244 3244 
2764 2764 
2965 2965 
272 90 
4461 1486 
54 162 
5057 15171 
4253 12759 
2424 2424 
2304 6912 
4654 13962 
3019 9057 
1977 658 
3294 9882 
2985 2985 
3153 1050 
3165 3165 
3347 3347 
4556 1518 
1543 513 
2859 8577 
2422 2422 
1396 464 
2535 2535 
4600 13800 
2667 8001 
538 178 
4911 14733 
1575 4725 
2537 2537 
3741 11223 
2999 8997 
3624 3624 
2479 7437 
5277 1758 
1358 452 
1049 3147 
497 1491 
1124 374 
1370 4110 
1964 1964 
2524 7572 
3405 3405 
3653 10959 
2100 699 
251 753 
1978 1978 
5388 16164 
2752 2752 
2551 2551 
894 2682 
5424 1807 
928 308 
2602 2602 
5096 1698 
3035 1011 
3004 3004 
4337 13011 
5300 1766 
3534 1177 
3177 9531 
3496 3496 
3262 9786 
1142 3426 
4123 12369 
56 168 
65 195 
2827 2827 
4726 1574 
734 244 
3281 1093 
2952 8856 
3136 3136 
4837 1611 
2292 2292 
1986 5958 
4198 12594 
862 286 
2481 826 
2873 2873 
2100 6300 
5019 15057 
1688 562 
3480 3480 
457 151 
182 546 
5300 15900 
1961 1961 
4062 12186 
1243 3729 
5379 1792 
3107 3107 
209 69 
3148 9444 
1817 605 
3957 1318 
1185 394 
2253 2253 
13 39 
3512 10536 
3208 9624 
2394 2394 
5485 16455 
69 22 
4354 13062 
2157 2157 
4622 13866 
572 190 
5355 16065 
3257 3257 
197 591 
4747 14241 
2609 2609 
5273 15819 
1782 593 
2408 2408 
1071 3213 
2184 2184 
1421 473 
515 1545 
1917 638 
3613 3613 
3576 3576 
2534 844 
3035 3035 
3393 3393 
1875 624 
1886 628 
964 320 
3376 10128 
3677 11031 
2033 2033 
3345 1114 
2880 959 
461 153 
4578 13734 
2389 2389 
188 564 
4235 12705 
248 82 
3541 1179 
3534 3534 
1246 3738 
2849 2849 
4719 1572 
2431 2431 
2525 2525 
4120 1372 
5354 16062 
3473 1157 
2241 2241 
4305 1434 
3588 1195 
4542 1513 
1711 5133 
4318 1438 
1936 1936 
2619 2619 
5047 1681 
4633 13899 
2834 2834 
1451 483 
2677 891 
4426 13278 
2013 2013 
2554 850 
2713 2713 
1222 406 
4170 1389 
202 66 
3240 3240 
3666 1221 
1344 447 
2805 2805 
32 96 
3461 3461 
3081 3081 
5085 1694 
2978 8934 
2699 899 
2202 2202 
4743 14229 
4758 14274 
3187 3187 
3013 3013 
2496 2496 
999 2997 
4144 12432 
2246 6738 
5404 1800 
3653 3653 
1996 1996 
4529 13587 
2624 874 
3541 3541 
1616 4848 
3490 3490 
794 2382 
3596 10788 
2218 2218 
3622 3622 
2311 2311 
4698 14094 
3105 1034 
3080 1026 
5390 16170 
4459 1485 
4099 12297 
5017 1671 
3447 3447 
3286 9858 
4630 1542 
2221 2221 
3073 9219 
1039 3117 
4876 1624 
3479 1159 
3311 1103 
4909 14727 
491 1473 
4311 1436 
3223 1073 
2438 2438 
2077 2077 
3531 3531 
2108 2108 
1327 3981 
3243 1080 
4710 14130 
3519 3519 
2668 8004 
1821 5463 
2578 2578 
3276 3276 
3217 3217 
2281 2281 
2747 2747 
2927 975 
4061 12183 
3041 1013 
5065 15195 
2882 2882 
5051 15153 
2789 2789 
3336 3336 
1101 3303 
2135 711 
2760 2760 
2885 2885 
5194 1730 
2901 2901 
2592 863 
2750 916 
1616 538 
1896 5688 
2500 2500 
3205 9615 
1628 4884 
2083 693 
2160 2160 
3088 3088 
3104 9312 
5268 15804 
3986 11958 
4656 13968 
4059 12177 
617 1851 
1406 468 
4891 1629 
2448 7344 
3114 9342 
3559 10677 
4519 1505 
1879 1879 
1465 4395 
3640 1212 
1994 5982 
4415 1471 
501 1503 
392 1176 
367 121 
3325 1107 
3261 3261 
4143 1380 
2125 2125 
3724 11172 
2116 2116 
5181 15543 
2165 721 
5069 1689 
2449 2449 
998 332 
3841 11523 
3527 3527 
3014 1004 
3105 9315 
3627 3627 
2759 919 
2930 2930 
4004 1334 
2349 2349 
1486 494 
2267 2267 
410 136 
2397 2397 
1068 355 
3346 3346 
2509 2509 
4275 1424 
1291 3873 
4581 13743 
2114 2114 
1931 1931 
66 198 
1106 3318 
4998 14994 
1597 4791 
3382 3382 
2477 2477 
1636 4908 
5160 15480 
3522 3522 
959 319 
1763 5289 
1846 1846 
2525 7575 
573 190 
1095 3285 
2822 2822 
2817 2817 
4770 14310 
2947 2947 
2739 2739 
1820 606 
2674 8022 
1889 1889 
736 2208 
1759 585 
873 290 
1864 1864 
3482 1160 
2360 2360 
2050 2050 
4727 14181 
2153 2153 
3798 1265 
1554 517 
2295 6885 
2476 2476 
3092 9276 
3881 1293 
2106 701 
930 309 
4102 12306 
5491 16473 
1927 5781 
678 2034 
5407 16221 
1021 3063 
3242 3242 
3100 3100 
4255 12765 
2604 2604 
5239 15717 
505 167 
2193 6579 
3050 3050 
3274 3274 
5082 1693 
2706 2706 
3140 3140 
5486 1828 
2470 822 
3455 3455 
4650 1549 
4514 13542 
2368 788 
2117 2117 
2240 2240 
3562 3562 
4620 1539 
2837 945 
1520 506 
2695 2695 
3074 3074 
5458 16374 
663 1989 
5406 16218 
2300 6900 
4426 1474 
2277 758 
5350 16050 
3701 1233 
408 135 
3583 3583 
2715 904 
3536 3536 
3252 9756 
442 1326 
3238 9714 
2215 2215 
4695 14085 
3096 3096 
177 531 
2923 2923 
3457 3457 
4934 14802 
3844 11532 
4849 14547 
3124 3124 
2836 2836 
1568 4704 
2559 2559 
1460 4380 
2484 2484 
5236 15708 
3495 3495 
2602 7806 
5120 1706 
5487 16461 
4799 1599 
2166 2166 
1235 3705 
2880 2880 
424 1272 
3465 10395 
2009 669 
5052 15156 
3300 3300 
625 1875 
3394 3394 
4899 14697 
1042 346 
4394 13182 
3438 3438 
4661 1553 
3910 11730 
3046 3046 
3567 3567 
3626 1208 
5036 15108 
803 267 
1636 544 
1934 1934 
2651 7953 
1643 547 
2881 2881 
3977 1325 
498 1494 
4165 12495 
5322 15966 
3505 3505 
4751 1583 
3063 1020 
2864 2864 
2637 2637 
3898 11694 
2660 886 
2765 2765 
2230 6690 
3450 3450 
449 1347 
5033 1677 
847 281 
2103 6309 
2935 2935 
4387 13161 
3247 3247 
3190 3190 
3149 3149 
748 2244 
3178 3178 
5282 15846 
1392 463 
3374 10122 
1387 461 
4334 1444 
5305 1767 
4639 1545 
4192 12576 
2718 2718 
5457 16371 
3560 1186 
2845 2845 
4860 1619 
2214 2214 
2766 2766 
679 2037 
1992 1992 
3736 11208 
1881 626 
2582 860 
3502 10506 
4406 1468 
4759 1585 
1460 486 
3404 3404 
3224 9672 
2627 2627 
870 289 
2215 737 
5099 1699 
2487 2487 
3999 1332 
2939 2939 
2057 2057 
3034 3034 
836 278 
1624 4872 
3648 3648 
1162 386 
3005 3005 
1114 3342 
3771 1256 
1714 570 
1328 3984 
3808 11424 
606 201 
2652 2652 
5378 1792 
1904 5712 
1789 595 
114 37 
2347 2347 
1942 1942 
3028 3028 
2386 2386 
5431 1809 
2342 2342 
4238 12714 
1363 453 
2817 8451 
1719 572 
3971 1323 
2363 787 
2502 2502 
1795 5385 
2838 945 
2632 2632 
2608 2608 
4552 13656 
4336 13008 
1897 5691 
1949 1949 
629 209 
4041 12123 
3029 3029 
4155 12465 
3919 11757 
1999 1999 
1299 432 
2207 2207 
1369 4107 
2243 2243 
1925 5775 
3623 3623 
2174 724 
4117 1371 
2705 901 
2501 2501 
3409 3409 
5425 16275 
827 2481 
2776 2776 
2815 937 
2873 957 
5465 16395 
2070 6210 
1342 4026 
3220 3220 
5376 16128 
4119 1372 
3592 3592 
3888 1295 
1930 5790 
3663 3663 
4443 1480 
3388 3388 
2797 2797 
2863 2863 
3117 3117 
2597 7791 
2262 2262 
2741 2741 
2707 2707 
1480 4440 
5338 1778 
2642 880 
2091 2091 
3 9 
3363 1120 
2899 2899 
3554 10662 
667 2001 
3682 11046 
3034 1010 
4027 1341 
4845 1614 
3260 1086 
2034 2034 
1070 3210 
3273 3273 
2188 2188 
1034 344 
226 74 
407 1221 
3232 1076 
4053 1350 
3044 3044 
3466 1154 
1894 1894 
3000 9000 
2007 2007 
3560 3560 
689 2067 
2914 970 
2311 6933 
57 171 
196 588 
4722 14166 
432 143 
3978 11934 
2068 2068 
429 142 
2960 8880 
2607 7821 
3084 3084 
2633 7899 
3037 3037 
4867 14601 
173 57 
4888 14664 
2607 2607 
3586 3586 
2254 2254 
2892 2892 
2634 7902 
539 1617 
1535 4605 
3621 3621 
2549 2549 
3377 3377 
682 2046 
513 170 
813 2439 
3378 3378 
3995 11985 
3930 11790 
4237 1411 
646 1938 
48 144 
435 144 
2304 2304 
3706 1234 
3413 3413 
2323 2323 
1211 3633 
4835 14505 
3403 1133 
1920 639 
4889 1629 
2687 2687 
3528 1175 
1835 611 
3853 1283 
3763 11289 
5410 1802 
1816 604 
375 1125 
3689 11067 
2121 2121 
2659 7977 
2936 2936 
3262 1086 
5144 15432 
3467 3467 
1179 3537 
2067 2067 
4501 1499 
2146 2146 
4517 13551 
2976 991 
4499 1499 
2638 878 
1594 530 
2147 2147 
4262 12786 
2939 979 
627 208 
2990 8970 
360 1080 
2964 2964 
480 159 
1851 5553 
3170 3170 
1912 636 
4006 12018 
4995 1664 
2639 879 
5202 1733 
1519 505 
2495 2495 
3147 3147 
2206 2206 
806 268 
3327 1108 
2775 2775 
744 247 
1317 438 
2552 2552 
4074 1357 
4152 12456 
1446 481 
4110 1369 
2868 2868 
2716 2716 
5093 15279 
2391 796 
3210 3210 
3234 3234 
851 2553 
1224 3672 
218 654 
3133 3133 
3302 1100 
2039 6117 
842 2526 
4476 1491 
2630 876 
641 213 
4504 13512 
3513 1170 
2230 2230 
3023 1007 
1162 3486 
2044 2044 
2904 2904 
841 279 
2959 2959 
2968 8904 
1109 369 
2603 2603 
2605 2605 
3311 3311 
265 795 
4384 13152 
3580 3580 
3525 3525 
3675 1224 
2773 2773 
3327 9981 
2268 2268 
2171 2171 
396 1188 
693 230 
1110 3330 
1964 654 
5174 15522 
1353 450 
2745 914 
2501 7503 
4592 13776 
4025 12075 
2831 8493 
5055 15165 
3439 3439 
3012 3012 
4748 14244 
4441 13323 
5341 16023 
2456 2456 
3325 3325 
3624 1207 
874 290 
443 1329 
37 11 
1302 3906 
1987 5961 
4467 13401 
3310 3310 
2510 2510 
407 135 
3218 1072 
2736 2736 
4094 1364 
1523 4569 
2876 958 
2435 2435 
3108 3108 
4078 12234 
2133 2133 
2208 2208 
3590 3590 
3348 1115 
1222 3666 
1385 461 
2700 8100 
4375 13125 
2320 2320 
4012 1336 
596 198 
3379 3379 
3617 3617 
3757 11271 
4227 1408 
198 594 
1412 470 
3789 1262 
35 11 
4586 1528 
3887 1295 
4775 14325 
1859 5577 
2046 6138 
216 71 
3503 3503 
3503 1167 
2290 2290 
1604 534 
1977 1977 
1098 365 
3314 1104 
1217 405 
4356 1451 
4641 1546 
4184 12552 
2549 7647 
1882 1882 
578 1734 
3102 1033 
3907 1301 
4526 13578 
2181 2181 
4514 1504 
696 2088 
1950 649 
2286 6858 
3610 1202 
5162 15486 
3152 1050 
1231 409 
2093 2093 
3208 3208 
3204 3204 
2536 7608 
3880 11640 
1104 3312 
2107 2107 
4357 13071 
2154 6462 
3502 3502 
452 150 
3633 10899 
3825 11475 
2728 2728 
2245 2245 
3331 9993 
2597 2597 
3575 3575 
846 281 
2720 8160 
3988 1328 
3226 3226 
5206 1734 
2153 717 
3038 3038 
1873 1873 
2793 2793 
2716 904 
359 119 
462 153 
5204 1734 
2778 2778 
5255 1751 
3280 3280 
160 52 
4360 13080 
2581 2581 
2804 2804 
3625 3625 
3431 10293 
3148 3148 
616 1848 
2808 2808 
3612 3612 
4416 13248 
3618 1205 
2594 2594 
2341 2341 
5346 16038 
4569 1522 
3300 9900 
2024 2024 
2821 8463 
562 186 
1841 1841 
2054 2054 
2215 6645 
4971 1656 
4583 13749 
135 44 
4438 13314 
190 570 
2195 2195 
2747 8241 
2942 2942 
2350 2350 
2134 710 
1765 587 
3053 9159 
3555 3555 
2824 2824 
792 2376 
1990 1990 
1084 360 
5125 15375 
3608 1202 
2273 6819 
5392 1796 
2310 769 
2841 8523 
3266 3266 
4104 1367 
5084 1694 
1233 3699 
4551 13653 
3192 3192 
4395 1464 
105 34 
3440 10320 
1996 5988 
3707 1235 
1998 665 
2292 6876 
4579 1525 
1704 567 
3940 1312 
3219 3219 
1562 4686 
1707 5121 
2997 2997 
3236 3236 
422 140 
5389 16167 
2075 2075 
3716 1238 
4160 1386 
3212 3212 
3032 1010 
4291 1429 
3590 10770 
466 154 
1712 570 
2297 2297 
5258 15774 
1550 516 
2248 2248 
1077 3231 
3353 3353 
2973 2973 
2722 2722 
2411 2411 
2902 2902 
4078 1358 
2145 2145 
2530 2530 
1863 1863 
1120 372 
1904 1904 
911 303 
1839 1839 
4801 14403 
2224 740 
4421 13263 
2742 8226 
1275 3825 
3009 1002 
849 2547 
2439 2439 
3132 3132 
1892 1892 
2310 2310 
484 160 
3712 1236 
272 816 
1597 531 
2162 720 
937 2811 
1907 1907 
4344 1447 
3216 3216 
4493 1497 
1237 3711 
2655 2655 
4154 1384 
1712 5136 
5275 15825 
2934 2934 
1024 3072 
2288 2288 
3269 1089 
4362 13086 
3823 1273 
3769 1255 
1571 4713 
4057 1351 
146 438 
2413 2413 
2135 2135 
3308 3308 
2807 8421 
139 417 
189 567 
4916 14748 
3628 3628 
3658 3658 
2545 2545 
5176 1724 
2061 2061 
288 95 
1629 4887 
3762 1253 
1368 455 
2825 8475 
4737 1578 
3343 1113 
2021 6063 
1635 544 
3637 3637 
3499 3499 
2028 2028 
4047 12141 
1171 389 
3209 3209 
3243 3243 
3246 3246 
1144 380 
2649 7947 
2542 7626 
1717 5151 
1729 575 
176 58 
5349 16047 
1883 1883 
2852 8556 
4978 1658 
3594 3594 
5286 1761 
789 2367 
5304 15912 
513 1539 
2072 690 
2204 2204 
2585 2585 
2646 2646 
2357 7071 
30 90 
3106 3106 
1088 362 
2179 2179 
2916 2916 
2877 958 
4458 1485 
2430 809 
3256 1084 
3616 3616 
1287 428 
3064 1020 
1808 5424 
833 2499 
2768 8304 
521 173 
78 234 
2050 682 
2329 2329 
2469 7407 
4076 12228 
2720 2720 
3389 3389 
3575 10725 
4525 1507 
2644 2644 
3137 3137 
1826 608 
2447 2447 
4436 13308 
822 2466 
3570 3570 
3722 11166 
3422 10266 
2305 2305 
3247 9741 
1184 394 
3654 1217 
3332 1110 
4306 1434 
2374 2374 
5373 16119 
1086 3258 
2770 2770 
2492 7476 
774 2322 
2811 2811 
2263 6789 
1234 410 
1314 437 
822 273 
4174 12522 
3556 3556 
1332 443 
650 216 
3119 3119 
1416 4248 
3924 1307 
2305 767 
2787 2787 
3223 9669 
4482 13446 
686 228 
5157 1718 
4712 14136 
762 253 
2839 945 
3520 1172 
582 1746 
2189 2189 
5218 15654 
1383 4149 
1031 343 
127 41 
3973 11919 
3330 3330 
3113 9339 
2383 7149 
2788 2788 
3184 3184 
5459 1819 
4745 14235 
594 1782 
5022 15066 
100 300 
2920 2920 
4191 12573 
5141 15423 
121 363 
2595 7785 
2568 2568 
5453 1817 
1309 435 
3027 1008 
4145 12435 
1878 1878 
5499 1832 
3573 3573 
3736 1244 
2862 2862 
467 155 
4648 13944 
818 2454 
2141 6423 
4903 1633 
1559 519 
3381 10143 
1241 413 
2385 2385 
3410 1136 
3318 3318 
955 317 
3275 3275 
2059 2059 
644 214 
242 80 
5257 1751 
3554 1184 
4913 14739 
3726 11178 
3671 1223 
3795 1264 
2657 2657 
2361 786 
3546 3546 
691 2073 
409 135 
2128 2128 
2585 7755 
2206 734 
4683 1560 
4128 12384 
3621 10863 
3948 1315 
1689 562 
4342 1446 
3072 9216 
2296 2296 
3466 10398 
4448 1482 
4433 1477 
85 27 
2043 2043 
3746 1248 
3530 3530 
3390 3390 
2824 8472 
532 176 
1922 1922 
2926 2926 
3354 10062 
4330 12990 
1131 3393 
3146 1048 
2890 2890 
1837 1837 
4760 14280 
3629 3629 
2190 2190 
2395 2395 
1268 3804 
3960 1319 
1134 377 
3446 1148 
2443 2443 
2339 779 
5337 16011 
212 636 
3287 9861 
5348 16044 
2131 2131 
611 1833 
3504 1167 
5117 15351 
2850 949 
2036 2036 
1540 4620 
3524 3524 
4938 14814 
5431 16293 
2857 2857 
5256 1751 
1965 654 
1951 1951 
3842 11526 
2900 2900 
2017 671 
4413 1470 
3080 3080 
705 2115 
1679 5037 
2652 7956 
4339 1445 
1241 3723 
2750 8250 
2597 865 
4162 12486 
2888 8664 
1178 3534 
5251 1749 
3153 3153 
4178 12534 
2591 2591 
2443 813 
1839 5517 
2379 2379 
3071 3071 
1853 1853 
324 972 
1900 1900 
1013 3039 
5054 15162 
881 2643 
3593 3593 
5180 15540 
2940 2940 
3383 10149 
2561 853 
3454 1150 
2386 7158 
1546 4638 
12 36 
4935 1644 
725 241 
5315 15945 
1783 593 
4424 13272 
3569 3569 
5307 15921 
3544 10632 
2002 2002 
4791 14373 
3097 9291 
4615 1537 
2365 787 
3507 1168 
2991 996 
3419 3419 
2363 2363 
2633 2633 
2096 698 
2469 2469 
2635 2635 
3286 3286 
2784 2784 
247 81 
3549 3549 
4465 13395 
5247 15741 
3239 9717 
2451 7353 
3340 3340 
1310 436 
5436 1811 
996 2988 
2228 6684 
2218 6654 
2778 8334 
3511 3511 
351 116 
354 1062 
3662 3662 
273 819 
2200 2200 
2566 2566 
2573 2573 
573 1719 
4552 1516 
2303 2303 
4217 12651 
2661 2661 
4687 1561 
3521 1173 
5149 1715 
3972 11916 
1902 633 
1390 4170 
3864 1287 
3326 9978 
182 60 
5230 15690 
3384 3384 
3263 3263 
4993 1663 
5427 1808 
4225 12675 
2916 8748 
527 1581 
2343 2343 
3045 9135 
2870 2870 
1995 1995 
1139 379 
180 59 
3532 3532 
2905 2905 
4944 14832 
3601 3601 
3101 3101 
5437 1811 
3474 3474 
3561 3561 
3410 3410 
4124 1374 
3937 11811 
1928 1928 
2678 2678 
1215 3645 
4536 13608 
5382 16146 
3591 3591 
3547 3547 
4162 1386 
2252 6756 
2972 8916 
223 73 
3137 9411 
4026 1341 
4024 1340 
4963 14889 
1867 5601 
1644 4932 
576 191 
4821 14463 
3087 3087 
5101 1699 
3200 3200 
4669 1555 
2066 2066 
2739 912 
2564 854 
3688 1228 
180 540 
1981 659 
2628 2628 
2833 943 
4949 1649 
1045 347 
2989 2989 
4438 1478 
3334 1110 
4101 1366 
2737 2737 
3305 9915 
2978 2978 
1861 1861 
2251 2251 
4722 1573 
4157 12471 
2115 2115 
1570 4710 
2441 2441 
3417 3417 
3008 3008 
1280 426 
2984 2984 
1017 3051 
5462 1820 
3131 3131 
4233 12699 
2866 954 
2371 2371 
2287 2287 
3085 3085 
3372 3372 
2325 2325 
64 20 
2152 2152 
990 329 
4963 1653 
3248 1082 
1895 1895 
2765 921 
5471 16413 
2851 2851 
1372 456 
2680 8040 
5006 1668 
2442 2442 
5333 1777 
1203 400 
5132 1710 
222 666 
3362 3362 
3401 3401 
3162 3162 
3091 3091 
279 837 
2500 7500 
3722 1240 
4100 12300 
3208 1068 
3032 3032 
3915 11745 
857 285 
3316 3316 
2475 2475 
2151 716 
4606 13818 
1875 1875 
1858 1858 
2100 2100 
3920 11760 
1564 4692 
815 2445 
3391 1129 
534 1602 
4584 13752 
5022 1673 
1868 1868 
308 102 
3516 3516 
1608 535 
3172 3172 
5119 1705 
2473 7419 
3023 3023 
3447 10341 
4271 12813 
2419 805 
4154 12462 
5306 1768 
2681 2681 
4271 1423 
2527 7581 
2202 6606 
5402 1800 
156 468 
3022 3022 
536 1608 
2702 2702 
2955 2955 
661 219 
391 1173 
1965 5895 
2197 6591 
1993 5979 
3828 1275 
3548 1182 
4544 13632 
1627 541 
3563 3563 
5460 16380 
3641 1213 
3902 11706 
3082 1026 
3649 1215 
3962 11886 
27 81 
3537 3537 
3765 11295 
3164 3164 
1213 403 
3065 3065 
3011 9033 
855 284 
3465 3465 
2228 2228 
1409 4227 
4516 1504 
2565 2565 
1656 4968 
2998 2998 
830 2490 
2612 7836 
770 2310 
3614 3614 
2588 2588 
4039 12117 
2582 2582 
2690 2690 
2516 2516 
3634 10902 
2676 2676 
4759 14277 
4570 1522 
5133 1710 
1615 4845 
2799 2799 
4756 1584 
4686 1561 
2000 6000 
907 301 
4806 1601 
3228 3228 
2527 2527 
1626 541 
2775 924 
2223 2223 
3343 3343 
3143 3143 
5083 1693 
1866 1866 
2008 2008 
867 2601 
4274 1424 
3665 3665 
3980 1326 
2095 697 
2399 2399 
3434 1144 
3171 1056 
298 98 
982 2946 
3371 3371 
4098 12294 
2242 2242 
2045 2045 
1367 4101 
2483 2483 
3264 3264 
3479 3479 
70 210 
2169 2169 
2309 2309 
2338 2338 
1207 401 
929 309 
3334 3334 
1891 1891 
4304 12912 
3408 1135 
3344 3344 
2082 2082 
220 72 
2683 2683 
2866 2866 
2063 6189 
339 112 
2510 7530 
2415 7245 
2252 2252 
3641 3641 
4945 14835 
2750 2750 
3258 1085 
2814 937 
3433 3433 
4398 1465 
839 279 
2003 667 
665 221 
2270 2270 
1909 1909 
3545 10635 
3303 3303 
3448 10344 
3639 1212 
2746 914 
2858 2858 
2918 8754 
3611 3611 
2186 2186 
876 2628 
4799 14397 
1858 618 
3298 1098 
2622 873 
2534 2534 
4357 1451 
3291 3291 
2881 959 
2106 2106 
2832 2832 
1980 659 
731 2193 
1507 501 
2837 2837 
3351 10053 
4249 12747 
4231 12693 
3440 3440 
2878 2878 
4063 1353 
3091 9273 
4273 12819 
2373 2373 
2477 7431 
3074 1024 
4167 12501 
2847 2847 
3307 3307 
1971 5913 
2993 2993 
3177 3177 
4746 1581 
3944 11832 
3327 3327 
1518 4554 
2729 8187 
1581 526 
2749 2749 
3392 3392 
2004 2004 
1109 3327 
3510 10530 
3746 11238 
4997 1665 
3097 3097 
1761 5283 
1868 622 
2164 2164 
1698 5094 
637 211 
1989 662 
3148 1048 
369 1107 
3564 3564 
1300 3900 
2767 921 
4257 12771 
5289 1762 
2730 8190 
2726 908 
3558 3558 
3832 11496 
4508 13524 
2374 790 
3976 1324 
3506 3506 
1137 3411 
1452 483 
800 266 
2228 742 
3358 3358 
2000 2000 
1135 3405 
2630 2630 
3670 1222 
1310 3930 
3661 1219 
428 1284 
1472 4416 
2078 2078 
2579 859 
2414 804 
2636 878 
1346 448 
3024 9072 
3638 3638 
1315 3945 
2363 7089 
3798 11394 
3640 3640 
3376 3376 
2209 2209 
1890 5670 
3269 3269 
2698 2698 
1336 444 
3430 3430 
1976 5928 
3138 3138 
3576 1191 
3369 3369 
1941 1941 
4307 1435 
4352 13056 
2952 983 
2140 6420 
1841 613 
4320 12960 
3429 1142 
4006 1334 
1899 1899 
3784 1260 
2488 2488 
2446 2446 
228 75 
4768 14304 
3229 3229 
1307 435 
5058 15174 
5153 1717 
1315 437 
3201 3201 
1337 4011 
189 62 
3322 3322 
258 85 
3184 1060 
4611 1536 
4545 13635 
2041 2041 
1847 1847 
3893 11679 
3456 3456 
2580 859 
4453 1483 
1263 420 
2623 2623 
2811 8433 
1289 3867 
3333 3333 
2450 7350 
388 1164 
2636 2636 
2875 2875 
3205 3205 
3470 3470 
2078 692 
2845 8535 
2364 2364 
2491 7473 
4756 14268 
360 119 
3742 1246 
2653 2653 
2915 2915 
4520 13560 
601 1803 
3437 3437 
5481 1826 
3976 11928 
3596 3596 
5199 15597 
2416 7248 
2710 2710 
577 1731 
4126 12378 
626 1878 
5440 16320 
1974 657 
5378 16134 
2628 7884 
2227 2227 
3139 9417 
2086 2086 
3127 3127 
603 1809 
2734 910 
3031 3031 
1958 1958 
633 1899 
4037 12111 
1701 566 
3750 11250 
5099 15297 
2427 7281 
943 2829 
2396 2396 
3489 3489 
3543 1180 
925 307 
3197 3197 
3615 1204 
3480 10440 
494 164 
5318 15954 
4140 1379 
3253 3253 
3335 1111 
2273 2273 
2246 748 
4783 1593 
3886 1294 
5063 15189 
28 84 
3969 11907 
2560 852 
1764 5292 
4142 12426 
5053 1683 
1953 1953 
2933 977 
1035 344 
3175 1057 
3462 3462 
3398 3398 
2103 2103 
3111 1036 
2703 2703 
3664 3664 
1611 4833 
3167 3167 
1469 4407 
2429 2429 
5389 1795 
3650 10950 
3548 10644 
3449 3449 
3929 1309 
2382 2382 
1199 399 
2217 6651 
2314 770 
4063 12189 
3873 1290 
2322 773 
25 7 
4594 13782 
1861 619 
446 1338 
2375 2375 
1979 1979 
1097 3291 
4399 1465 
1806 601 
3998 11994 
225 74 
2220 2220 
2482 2482 
2734 2734 
3642 3642 
374 1122 
5228 1742 
3319 3319 
3264 1087 
3645 3645 
2544 7632 
1966 1966 
2574 857 
2302 6906 
2543 2543 
1946 648 
2072 2072 
998 2994 
2272 2272 
2835 2835 
3565 10695 
4487 1495 
5418 1805 
3402 3402 
152 50 
3742 11226 
2376 2376 
2672 2672 
3020 3020 
3290 1096 
1708 5124 
2014 670 
475 1425 
3046 9138 
58 18 
2491 829 
1068 3204 
2498 832 
355 117 
4959 14877 
2264 2264 
5128 15384 
1513 4539 
93 279 
2562 2562 
4468 1488 
2124 6372 
1605 534 
2598 2598 
1943 1943 
2723 2723 
2194 6582 
3095 3095 
3781 11343 
1356 451 
1536 511 
4616 1538 
2053 2053 
518 1554 
2919 2919 
2494 7482 
1038 3114 
2265 2265 
2491 2491 
3033 3033 
2813 937 
2856 2856 
3000 999 
2587 2587 
174 57 
1440 479 
2691 2691 
1952 1952 
4521 1506 
1667 555 
412 1236 
1345 447 
5078 1692 
2861 2861 
2439 812 
638 212 
2531 2531 
5130 15390 
3406 3406 
1972 1972 
2771 2771 
2314 2314 
3107 9321 
8 2 
618 1854 
2017 2017 
2851 949 
3424 1140 
2550 2550 
4953 1650 
2361 2361 
816 2448 
2690 8070 
1669 5007 
1870 1870 
2809 2809 
2445 7335 
921 2763 
1366 454 
1869 622 
1933 1933 
2854 950 
2268 755 
2681 8043 
1962 653 
74 24 
4757 14271 
2351 2351 
2227 741 
1485 494 
3483 3483 
4728 14184 
1940 646 
2700 2700 
4588 13764 
5349 1782 
3636 3636 
2008 6024 
3396 3396 
3359 1119 
2334 2334 
4338 1445 
4399 13197 
1496 4488 
1505 4515 
2954 2954 
5174 1724 
4004 12012 
2318 772 
2763 2763 
2261 2261 
5369 1789 
3113 1037 
2358 2358 
2925 2925 
1811 603 
5456 16368 
1940 1940 
3514 1170 
2980 2980 
2056 2056 
3917 1305 
1271 3813 
4969 14907 
4064 1354 
2821 939 
2802 2802 
2417 2417 
3585 3585 
2968 2968 
2769 2769 
3076 3076 
1047 348 
37 111 
323 969 
4803 14409 
3962 1320 
2953 8859 
598 198 
2321 2321 
1671 5013 
515 171 
695 231 
1297 431 
890 2670 
2226 2226 
2171 6513 
3245 1081 
3339 3339 
2046 2046 
5463 1820 
2020 672 
4268 12804 
2194 730 
2975 2975 
4156 12468 
5105 1701 
357 118 
3075 3075 
427 141 
2626 874 
2684 894 
2257 2257 
2051 2051 
2833 8499 
2105 2105 
73 219 
903 300 
1960 1960 
4410 1469 
1716 571 
1395 464 
1160 3480 
4325 12975 
2809 8427 
1335 4005 
3435 1144 
2063 2063 
3997 1331 
2577 2577 
2664 7992 
2812 2812 
362 1086 
1582 526 
3314 3314 
1219 405 
4024 12072 
3059 1019 
4130 12390 
4599 1532 
5359 1785 
1497 4491 
3432 1143 
3387 3387 
4480 13440 
3048 1015 
4270 1422 
2146 6438 
2409 2409 
2003 2003 
3055 9165 
333 110 
4031 12093 
2055 2055 
3582 3582 
1256 3768 
404 134 
429 1287 
1966 5898 
4550 1516 
2815 2815 
455 1365 
4786 14358 
2029 2029 
1015 3045 
5202 15606 
2372 2372 
4670 1556 
4816 14448 
4815 1604 
3591 10773 
3067 9201 
4390 1462 
4811 1603 
2722 8166 
3451 3451 
3281 9843 
2575 2575 
4496 13488 
3041 3041 
2175 2175 
3016 1004 
3015 3015 
1791 5373 
4113 12339 
3422 3422 
2205 2205 
3542 1180 
1828 608 
5160 1719 
3318 1105 
4523 1507 
1170 389 
3250 3250 
3168 3168 
2318 2318 
3475 3475 
5238 1745 
4282 1426 
4612 1536 
1970 1970 
4594 1530 
2211 736 
635 1905 
2711 2711 
763 2289 
4164 1387 
3425 3425 
4292 1430 
5172 15516 
4461 13383 
2857 951 
3484 3484 
2381 2381 
512 170 
5107 15321 
4605 1534 
2081 2081 
2046 681 
5196 1731 
3098 1032 
4936 1644 
5139 15417 
4270 12810 
5405 1801 
5383 1793 
2139 2139 
2960 2960 
3576 10728 
2664 2664 
2986 2986 
5155 15465 
2237 2237 
799 265 
1020 3060 
529 1587 
1887 1887 
423 140 
2860 2860 
2785 2785 
287 861 
3575 1191 
5089 1695 
2786 2786 
2617 871 
2454 2454 
3439 1145 
1529 4587 
793 263 
2062 2062 
4062 1353 
1965 1965 
2500 832 
2554 2554 
3497 3497 
1764 587 
2922 2922 
3543 10629 
2352 2352 
3735 11205 
2715 8145 
3365 3365 
1540 512 
3645 10935 
4048 1348 
3288 3288 
3030 1009 
3869 11607 
4222 1406 
1947 648 
1641 546 
2173 723 
3241 3241 
4134 1377 
1389 462 
640 1920 
4316 1438 
3279 3279 
3605 3605 
2706 8118 
5443 16329 
2458 2458 
3420 3420 
3157 3157 
3994 1330 
1710 569 
2828 2828 
281 93 
3356 1118 
2167 2167 
4475 1491 
4918 14754 
736 244 
3523 3523 
2401 799 
912 303 
1862 620 
1545 4635 
2242 6726 
1055 3165 
567 188 
3644 3644 
2313 2313 
1986 1986 
3043 3043 
3257 9771 
2762 2762 
5426 16278 
4915 14745 
4202 12606 
3588 10764 
4844 14532 
2781 2781 
3729 1242 
3494 1164 
1545 514 
390 1170 
1925 1925 
701 233 
76 228 
408 1224 
3301 3301 
1390 462 
3328 3328 
2021 2021 
4637 13911 
2629 2629 
4029 1342 
3858 11574 
2350 782 
3081 1026 
2813 8439 
5290 1762 
673 223 
1897 1897 
1037 3111 
647 1941 
2590 7770 
2853 2853 
1899 632 
3797 1265 
3321 3321 
2505 2505 
3054 3054 
2857 8571 
526 1578 
4814 1604 
2324 2324 
5450 1816 
2398 2398 
2981 2981 
3199 3199 
4648 1548 
1687 5061 
417 1251 
2460 2460 
27 8 
1445 481 
2049 2049 
2302 2302 
1466 488 
4941 1646 
778 258 
3572 3572 
2040 2040 
2782 2782 
4329 12987 
1323 3969 
3444 3444 
3227 3227 
507 1521 
3612 10836 
2894 8682 
3361 3361 
2530 7590 
2304 767 
2553 7659 
2099 2099 
1746 5238 
3734 11202 
4264 1420 
5046 1681 
3443 1147 
488 162 
3498 1165 
2555 2555 
1848 1848 
1463 4389 
468 155 
3054 1017 
4766 14298 
4675 14025 
2326 2326 
2666 2666 
3178 9534 
1213 3639 
3224 3224 
3407 3407 
3194 9582 
3579 3579 
3174 3174 
5113 15339 
3156 3156 
3166 3166 
4762 1586 
1236 3708 
3349 3349 
717 238 
4935 14805 
5274 15822 
3846 11538 
2714 904 
5356 16068 
5268 1755 
3121 3121 
2895 2895 
3978 1325 
3323 3323 
1305 3915 
3045 1014 
1534 4602 
3827 11481 
934 310 
2173 6519 
4647 1548 
3816 1271 
5283 1760 
1407 468 
2738 912 
4085 12255 
195 585 
3615 3615 
2897 2897 
850 282 
1938 1938 
325 975 
317 105 
2631 7893 
4692 14076 
627 1881 
2462 2462 
2705 2705 
4686 14058 
5018 1672 
3572 10716 
4079 1359 
2999 999 
4392 13176 
776 2328 
3201 1066 
2995 2995 
2611 2611 
3119 1039 
1170 3510 
5449 1815 
3373 3373 
44 132 
3874 1290 
2493 7479 
3036 3036 
1512 4536 
2176 2176 
2139 6417 
1393 463 
3566 3566 
3072 3072 
4871 1623 
2792 8376 
5340 1779 
2696 898 
973 2919 
3468 3468 
2234 2234 
3631 3631 
2872 956 
2377 2377 
1673 5019 
2331 6993 
4137 1378 
2820 2820 
5124 1707 
5253 1750 
2658 2658 
2623 873 
2695 897 
2043 680 
296 888 
3882 11646 
1381 4143 
4671 1556 
3083 9249 
4833 1610 
2049 682 
2616 2616 
1881 1881 
1333 3999 
1779 592 
2796 2796 
2926 8778 
3015 1004 
2453 817 
1763 587 
45 135 
2294 2294 
1085 361 
2266 2266 
157 51 
4 12 
2528 2528 
2280 2280 
956 2868 
2295 2295 
3467 1155 
4943 1647 
266 88 
4760 1586 
1887 628 
767 2301 
5347 1781 
845 2535 
1835 1835 
3188 9564 
3545 3545 
1015 337 
2118 6354 
2546 2546 
1450 482 
2119 2119 
3179 9537 
2617 2617 
889 295 
4531 13593 
257 85 
4401 13203 
2087 2087 
1909 635 
2312 2312 
2154 2154 
2445 2445 
328 984 
3281 3281 
2727 8181 
4402 1466 
5225 15675 
541 179 
3802 11406 
1121 373 
1080 359 
1340 4020 
3819 11457 
2405 2405 
4044 1347 
3010 3010 
3181 3181 
3121 9363 
1042 3126 
3324 1107 
1992 663 
3707 11121 
654 1962 
550 182 
327 981 
4775 1591 
4908 1635 
4628 1542 
1955 1955 
4532 1510 
2127 2127 
2621 873 
3082 3082 
2733 8199 
2076 691 
4147 1381 
2688 2688 
3198 3198 
3113 3113 
3635 3635 
2514 2514 
776 258 
395 1185 
2792 2792 
700 2100 
2327 2327 
3093 3093 
1361 453 
1866 621 
2928 975 
3840 11520 
2360 7080 
1967 5901 
2680 2680 
2313 6939 
3193 3193 
1932 1932 
3487 3487 
432 1296 
2375 7125 
3331 3331 
2052 6156 
3241 9723 
1402 4206 
59 177 
5128 1708 
3295 3295 
2187 2187 
2613 2613 
2907 2907 
3309 9927 
4982 1660 
3386 3386 
4817 1605 
3145 9435 
3428 3428 
1291 429 
2133 710 
1082 3246 
1880 626 
1488 4464 
3328 9984 
4494 1497 
2513 837 
116 38 
4887 14661 
1999 665 
3293 3293 
5281 1759 
1906 1906 
3416 3416 
2159 2159 
5163 1720 
3007 1001 
3585 1194 
2896 2896 
3011 3011 
2660 7980 
5374 1790 
5185 15555 
3183 3183 
991 2973 
3007 9021 
2477 825 
3548 3548 
2758 8274 
1575 524 
2555 851 
4207 1401 
1870 5610 
5425 1807 
2024 6072 
3390 10170 
2412 803 
5411 16233 
1065 354 
3347 1115 
3894 11682 
3474 1157 
2876 2876 
2972 2972 
4565 1521 
2463 2463 
2466 2466 
2113 2113 
2062 6186 
3112 3112 
3421 1139 
1896 1896 
1957 1957 
688 228 
2806 8418 
2732 2732 
2163 2163 
2380 2380 
470 1410 
3130 1042 
2582 7746 
1945 1945 
1221 406 
2520 2520 
2761 8283 
1905 1905 
4959 1652 
700 232 
3639 10917 
1093 363 
641 1923 
2053 683 
707 235 
699 232 
2057 685 
3509 3509 
3055 1017 
2422 806 
389 1167 
1680 559 
2576 858 
5367 16101 
4985 1661 
2288 6864 
1994 1994 
2471 2471 
2277 2277 
4249 1415 
1909 5727 
99 297 
3974 1324 
3238 3238 
1838 612 
3924 11772 
2403 800 
2544 2544 
4844 1614 
3551 3551 
1932 5796 
3630 3630 
1427 475 
2575 857 
3543 3543 
1665 554 
2944 8832 
3403 10209 
4604 1534 
2694 2694 
4568 1522 
1333 443 
2306 768 
2213 2213 
5104 15312 
2794 8382 
120 360 
4707 14121 
2033 6099 
1980 1980 
4692 1563 
4313 1437 
2317 2317 
176 528 
767 255 
636 211 
854 2562 
349 1047 
2076 2076 
3106 1034 
3557 1185 
3635 1211 
4956 14868 
3492 1163 
155 51 
2280 6840 
5298 1765 
2980 8940 
1145 381 
2368 2368 
47 15 
3970 11910 
484 1452 
2781 8343 
2755 2755 
3069 3069 
5115 1704 
428 142 
3256 9768 
1302 433 
2540 2540 
1527 508 
5038 15114 
4889 14667 
5339 1779 
1449 4347 
3268 3268 
2813 2813 
3321 9963 
2134 2134 
2724 8172 
4441 1479 
260 86 
4187 12561 
1956 1956 
2643 2643 
4093 1363 
3660 1219 
1814 604 
3124 9372 
290 870 
3245 3245 
2777 2777 
5497 16491 
4326 1441 
125 375 
3057 9171 
2404 800 
327 108 
481 1443 
1433 4299 
4664 1554 
4898 1632 
2846 2846 
3443 3443 
2031 6093 
2956 984 
5057 1685 
2795 8385 
1117 371 
2432 2432 
1053 350 
402 133 
2671 889 
4159 1385 
143 429 
2181 6543 
2199 2199 
3529 3529 
1308 435 
3581 3581 
362 120 
2599 2599 
311 933 
2567 2567 
5120 15360 
2996 2996 
173 519 
2839 2839 
2028 6084 
92 30 
2787 8361 
298 894 
1352 4056 
1156 3468 
1398 4194 
3271 1089 
3259 3259 
1564 520 
3471 10413 
3811 11433 
2457 2457 
2543 7629 
5493 1830 
3528 3528 
1391 463 
3089 3089 
5025 1674 
5396 16188 
887 295 
2039 2039 
2038 2038 
3984 11952 
5452 1816 
5219 1739 
1704 5112 
2841 946 
172 56 
4036 1344 
2648 7944 
464 1392 
2467 2467 
2269 2269 
2004 667 
3690 11070 
3066 9198 
2293 2293 
1914 637 
3194 3194 
747 248 
1631 4893 
2669 2669 
3366 3366 
3241 1079 
3373 10119 
3990 11970 
2560 2560 
2881 8643 
3514 3514 
2229 2229 
2301 2301 
313 103 
3690 1229 
4133 1377 
3027 3027 
1137 378 
3806 1268 
4185 12555 
3456 1151 
382 126 
855 2565 
2894 2894 
4795 14385 
2992 2992 
1409 469 
2682 2682 
2410 2410 
2829 2829 
4453 13359 
3189 1062 
904 2712 
2679 2679 
2526 841 
3280 1092 
3360 10080 
4253 1417 
1116 371 
4392 1463 
1354 4062 
1947 1947 
2385 794 
883 293 
2742 2742 
4820 1606 
1316 3948 
1786 594 
771 256 
1632 4896 
2210 2210 
2158 2158 
2003 6009 
2433 2433 
2943 980 
4413 13239 
3922 1306 
116 348 
2165 2165 
2204 6612 
2946 2946 
2969 2969 
221 663 
2071 2071 
656 1968 
379 125 
5420 16260 
1039 345 
5262 15786 
2152 716 
3651 10953 
2847 948 
4046 12138 
1985 1985 
2921 2921 
3189 9567 
2130 2130 
4919 1639 
3259 9777 
3699 1232 
4895 1631 
3765 1254 
1430 4290 
2412 2412 
4602 13806 
4994 1664 
616 204 
1654 550 
447 1341 
294 97 
3077 3077 
3508 3508 
5441 1813 
2148 2148 
3870 11610 
3102 3102 
2348 7044 
2830 2830 
2715 2715 
1697 565 
4452 1483 
2815 8445 
1843 5529 
3003 3003 
3577 3577 
3449 1149 
4488 13464 
2539 2539 
2698 898 
2971 2971 
1699 565 
3649 3649 
384 127 
2497 831 
3414 3414 
134 44 
4782 14346 
2048 682 
4286 12858 
3755 1251 
2642 2642 
2865 954 
3246 1081 
2648 882 
3211 3211 
1968 5904 
1980 5940 
2140 2140 
3068 9204 
2486 2486 
2656 2656 
3720 11160 
2704 2704 
5296 15888 
1743 580 
2914 8742 
3561 1186 
3225 9675 
3851 1283 
914 304 
4638 13914 
506 168 
4123 1373 
3752 11256 
3932 1310 
1247 415 
2829 8487 
4327 12981 
3518 3518 
2674 2674 
3965 11895 
5071 15213 
348 115 
3311 9933 
4007 12021 
1988 1988 
2211 2211 
2757 2757 
4524 1507 
4447 1481 
4376 1458 
1871 1871 
3526 10578 
2583 7749 
1789 5367 
2548 2548 
3244 1080 
1896 631 
4469 1489 
5329 1775 
1357 4071 
1929 1929 
3144 3144 
4764 1587 
3380 3380 
2654 7962 
2432 7296 
2504 2504 
1561 4683 
2719 8157 
2013 670 
4923 1640 
3607 3607 
3317 3317 
3348 10044 
2472 2472 
2850 2850 
1888 628 
439 1317 
4582 1526 
3899 11697 
1845 1845 
3094 3094 
1859 619 
3540 3540 
3542 3542 
2639 2639 
3313 3313 
2671 2671 
2179 725 
4794 14382 
1073 357 
5310 15930 
4550 13650 
2093 697 
3553 3553 
3068 1022 
781 259 
554 1662 
2147 6441 
2793 930 
2852 2852 
102 33 
1532 510 
1885 1885 
3480 1159 
3186 3186 
2151 2151 
1188 3564 
1082 360 
2766 921 
3539 3539 
3305 1101 
4931 14793 
1960 652 
3546 10638 
1592 4776 
5475 16425 
2496 7488 
15 4 
4049 12147 
3195 3195 
562 1686 
2344 780 
3447 1148 
1653 4959 
2082 6246 
4211 1403 
2415 2415 
2748 2748 
5246 1748 
3743 11229 
2213 6639 
2124 2124 
1790 5370 
5288 15864 
3892 1296 
4958 1652 
3518 10554 
2307 6921 
1410 469 
740 246 
2933 2933 
5122 15366 
2493 2493 
5235 1744 
2719 2719 
2871 2871 
1118 372 
519 1557 
2891 2891 
2451 2451 
1059 3177 
1859 1859 
4572 1523 
2403 2403 
3025 3025 
2469 822 
4661 13983 
1081 3243 
1975 1975 
1301 433 
4823 1607 
3092 1030 
5438 16314 
2085 2085 
3448 3448 
1669 555 
2729 2729 
3223 3223 
4217 1405 
3154 3154 
2177 725 
728 242 
5360 1786 
702 2106 
4881 1626 
2645 7935 
2950 8850 
2089 2089 
2528 7584 
3473 10419 
765 2295 
2801 2801 
2800 2800 
3012 1003 
2065 2065 
1720 572 
81 243 
1951 649 
2384 2384 
4036 12108 
2473 823 
1966 654 
3588 3588 
4463 13389 
2918 2918 
2781 926 
2324 6972 
3206 3206 
1885 5655 
2124 707 
5103 1700 
1990 5970 
1999 5997 
3904 1300 
1693 5079 
2370 2370 
4328 12984 
2707 901 
1942 5826 
3547 10641 
3058 1018 
2570 2570 
4058 1352 
2279 759 
528 175 
4800 14400 
4333 1443 
1927 1927 
3088 9264 
289 95 
3240 1079 
3452 3452 
2434 2434 
2198 2198 
3271 3271 
2951 2951 
4933 1643 
1908 5724 
4251 12753 
2595 2595 
1159 3477 
4913 1637 
1638 4914 
3881 11643 
2665 2665 
1473 490 
3310 9930 
1969 1969 
5010 15030 
922 306 
3066 3066 
2613 870 
3188 3188 
3725 11175 
2030 2030 
3258 3258 
2846 948 
2224 2224 
5164 15492 
4341 1446 
1773 5319 
4325 1441 
2060 2060 
2365 2365 
2810 2810 
2246 2246 
1257 3771 
4905 1634 
3944 1314 
2310 6930 
2647 2647 
2239 745 
1509 502 
2162 6486 
2928 2928 
1531 509 
2977 2977 
3826 11478 
2299 2299 
2359 785 
2359 2359 
1025 341 
2020 2020 
2499 832 
936 2808 
3538 1178 
3661 3661 
5438 1812 
872 2616 
1864 5592 
2123 2123 
2348 2348 
2957 2957 
3681 11043 
3219 9657 
3527 10581 
4381 1459 
3385 10155 
570 189 
2892 963 
5434 16302 
3367 3367 
270 810 
3105 3105 
3538 3538 
4380 13140 
3578 3578 
938 312 
1911 1911 
2561 2561 
1813 603 
2703 900 
3494 3494 
5166 15498 
425 1275 
4848 14544 
1497 498 
5198 1732 
2591 863 
4301 12903 
3104 3104 
2471 823 
2818 2818 
1937 1937 
3282 1093 
2357 785 
1844 614 
2150 2150 
3437 1145 
2529 2529 
21 6 
1275 424 
2855 8565 
4015 12045 
2838 2838 
2954 8862 
5056 15168 
3231 3231 
5393 16179 
1740 579 
3304 3304 
2814 2814 
3232 3232 
3603 10809 
4677 14031 
3196 3196 
1949 649 
2312 6936 
5217 15651 
3350 3350 
2712 2712 
4657 13971 
3510 1169 
3126 9378 
3544 3544 
2942 8826 
1375 4125 
2394 797 
2225 2225 
3934 11802 
2275 2275 
3179 3179 
3847 11541 
4339 13017 
3478 3478 
2396 798 
2219 2219 
2924 2924 
3062 1020 
3239 3239 
4366 13098 
4916 1638 
3303 9909 
3364 3364 
824 274 
899 299 
2695 8085 
2879 2879 
2812 8436 
3288 1095 
2594 7782 
2079 2079 
465 154 
2825 2825 
2638 2638 
2156 6468 
183 60 
3751 11253 
121 39 
3333 1110 
2461 2461 
372 1116 
981 326 
4902 14706 
1866 5598 
1987 1987 
1788 595 
1971 1971 
3374 3374 
3222 3222 
3852 1283 
4932 1643 
1852 1852 
2149 715 
3270 3270 
2027 2027 
568 188 
3040 3040 
3267 3267 
5004 1667 
1254 417 
549 182 
1927 641 
4382 13146 
4622 1540 
2001 2001 
2250 6750 
1609 4827 
2721 2721 
3403 3403 
1000 3000 
1801 599 
2924 8772 
2894 964 
2825 941 
1258 418 
2579 2579 
2890 8670 
2498 2498 
648 1944 
2499 2499 
4295 12885 
3325 9975 
5471 1823 
3260 3260 
2877 2877 
2594 864 
3139 3139 
4022 1340 
2693 2693 
3349 10047 
3399 1132 
3731 11193 
416 138 
4738 1578 
2975 8925 
4082 12246 
2452 7356 
1404 467 
2745 2745 
2827 941 
2634 2634 
1944 1944 
2084 6252 
2036 6108 
2212 2212 
3824 1274 
2642 7926 
5245 15735 
118 38 
3436 3436 
4521 13563 
2908 2908 
77 25 
1950 1950 
3396 10188 
2854 8562 
3254 9762 
127 381 
1867 1867 
1251 416 
4009 12027 
5306 15918 
2236 744 
3292 3292 
671 223 
751 2253 
2259 2259 
600 1800 
1722 573 
2069 2069 
5077 15231 
2663 2663 
4347 1448 
2197 2197 
5335 1777 
3132 9396 
2221 739 
5433 1810 
2998 998 
1996 664 
5030 15090 
3395 3395 
2662 2662 
4084 1360 
3411 3411 
777 2331 
927 2781 
2982 2982 
1843 1843 
3533 1177 
2835 944 
5173 1723 
2274 2274 
3299 3299 
4402 13206 
1262 3786 
2325 6975 
1946 1946 
3047 3047 
2327 6981 
2542 2542 
4651 13953 
1913 1913 
5148 1715 
4001 12003 
4359 13077 
2366 2366 
3463 1153 
3221 9663 
4324 1440 
3677 1225 
5001 1666 
3870 1289 
4026 12078 
655 1965 
1227 408 
4785 1594 
3025 1007 
3000 3000 
2459 819 
2814 8442 
3839 1279 
5237 1745 
2162 2162 
3212 9636 
3589 3589 
2854 2854 
4818 1605 
4535 1511 
3633 3633 
2563 7689 
2006 2006 
889 2667 
2869 2869 
3080 9240 
1029 3087 
2623 7869 
1531 4593 
5170 1722 
3126 3126 
1981 1981 
2212 6636 
2732 910 
3535 10605 
4763 1587 
1933 643 
2031 2031 
2640 2640 
3900 1299 
3507 3507 
1012 336 
2731 909 
548 1644 
4437 13311 
244 80 
2519 2519 
2667 2667 
935 2805 
1785 5355 
3399 10197 
4127 1375 
2121 6363 
1963 5889 
261 783 
1359 4077 
1239 412 
3535 3535 
2767 2767 
982 326 
2733 910 
664 1992 
2210 736 
3385 3385 
4574 1524 
3606 3606 
434 144 
3251 3251 
2541 2541 
5486 16458 
1187 395 
2780 2780 
3356 3356 
3609 3609 
2689 895 
345 114 
1893 1893 
4677 1558 
2774 2774 
2526 2526 
5204 15612 
971 323 
4901 14703 
1426 4278 
3246 9738 
2022 2022 
3541 10623 
3218 3218 
2601 2601 
606 1818 
2110 6330 
1862 1862 
1253 417 
2082 693 
3634 3634 
2222 2222 
3049 3049 
3643 1213 
652 1956 
2950 2950 
3620 3620 
3660 3660 
4038 12114 
2226 6678 
543 1629 
124 40 
1599 4797 
2548 848 
2518 2518 
2464 2464 
5113 1703 
4656 1551 
3404 10212 
5106 1701 
537 178 
648 215 
1991 1991 
2605 7815 
1379 459 
3215 9645 
1416 471 
1566 4698 
2855 2855 
1733 5199 
4700 14100 
690 2070 
2918 972 
3533 3533 
2988 995 
2697 2697 
2255 2255 
2244 2244 
2725 2725 
2906 2906 
2668 2668 
4373 13119 
3744 11232 
2533 2533 
2967 2967 
3141 3141 
2238 2238 
433 1299 
233 699 
3960 11880 
3626 3626 
1539 4617 
3610 10830 
1238 412 
5015 1671 
5394 1797 
1154 3462 
1974 1974 
2319 772 
957 2871 
4856 14568 
3123 9369 
3884 11652 
4281 12843 
2037 2037 
2253 6759 
3078 3078 
1663 553 
210 630 
5377 1791 
2253 750 
46 14 
3513 3513 
500 166 
3914 1304 
2435 7305 
1658 552 
4796 1598 
2929 2929 
3510 3510 
4620 13860 
3956 11868 
2606 7818 
5311 1769 
2005 2005 
2073 2073 
5 15 
2076 6228 
1921 639 
1016 338 
4813 14439 
5060 15180 
3176 3176 
4585 13755 
3062 3062 
1836 1836 
179 59 
3828 11484 
2842 2842 
2821 2821 
4896 1631 
3142 3142 
1216 404 
1709 5127 
2404 2404 
3030 9090 
5045 1681 
112 36 
2974 2974 
556 184 
2506 2506 
2976 8928 
3287 3287 
3161 3161 
2553 2553 
2387 2387 
3365 10095 
2872 2872 
4136 1378 
5193 15579 
3360 3360 
5026 15078 
2144 2144 
1581 4743 
3426 3426 
4500 13500 
2714 2714 
1748 5244 
4284 1427 
3463 3463 
2276 758 
2789 8367 
5290 15870 
5143 1713 
2067 688 
2559 7677 
199 597 
2300 2300 
1990 662 
2794 2794 
4419 1472 
891 296 
430 1290 
1384 4152 
2557 2557 
2959 8877 
1281 426 
144 432 
3070 1022 
1993 1993 
3666 3666 
2762 8286 
4213 12639 
3433 1143 
1872 623 
29 87 
2434 7302 
4706 14118 
3265 3265 
2178 2178 
3320 3320 
2701 2701 
901 299 
757 2271 
1135 377 
962 320 
1720 5160 
5304 1767 
2260 2260 
2917 2917 
739 2217 
2726 8178 
4484 13452 
2182 2182 
703 233 
2672 8016 
2115 704 
5125 1707 
5090 15270 
2665 7995 
923 2769 
2512 2512 
1884 1884 
5147 15441 
5413 16239 
2513 2513 
154 462 
67 201 
3472 10416 
145 47 
3712 11136 
43 13 
3030 3030 
2981 8943 
3595 3595 
3261 1086 
3261 9783 
2743 913 
4685 1561 
2170 6510 
2580 2580 
1471 489 
841 2523 
2806 2806 
3647 3647 
1961 653 
5134 15402 
1684 5052 
2870 8610 
2088 2088 
3778 11334 
3612 1203 
3290 3290 
292 876 
3140 9420 
2692 2692 
3297 3297 
2333 2333 
3827 1275 
3571 3571 
3878 1292 
2025 2025 
3338 3338 
2625 7875 
2129 709 
1844 1844 
917 305 
145 435 
3654 3654 
1231 3693 
3996 11988 
653 1959 
3150 1049 
3484 1160 
2354 7062 
5167 15501 
3725 1241 
4745 1581 
242 726 
2015 671 
2624 2624 
2586 2586 
2941 2941 
1816 5448 
415 1245 
3863 1287 
3015 9045 
942 2826 
4659 13977 
4643 1547 
3230 3230 
4127 12381 
2265 6795 
3326 3326 
235 705 
2889 8667 
2590 2590 
1288 3864 
2423 2423 
821 273 
3470 10410 
4607 13821 
1468 488 
2390 2390 
1856 1856 
4819 1605 
2606 2606 
2019 2019 
1252 416 
4875 14625 
2112 6336 
2040 679 
3388 10164 
3852 11556 
2983 2983 
3886 11658 
232 696 
3515 3515 
3599 10797 
3332 9996 
4201 12603 
2142 2142 
1151 3453 
2572 856 
4379 1459 
2216 2216 
409 1227 
3305 3305 
3603 3603 
3521 3521 
2769 922 
4754 14262 
4284 12852 
1917 1917 
3571 1189 
3173 3173 
2263 2263 
1072 3216 
1919 1919 
716 2148 
2258 6774 
1948 1948 
4252 12756 
3162 1053 
1973 657 
5305 15915 
3189 3189 
719 239 
3545 1181 
3171 3171 
3727 1241 
3971 11913 
2618 2618 
5087 1695 
3921 1306 
4260 1419 
2654 2654 
2992 996 
2047 6141 
3398 1132 
3990 1329 
3175 3175 
3342 3342 
2786 8358 
2420 2420 
3021 3021 
4021 12063 
5191 15573 
3064 9192 
944 2832 
4033 12099 
4614 13842 
3481 3481 
5408 1802 
1126 374 
3656 3656 
5448 16344 
2170 2170 
3254 3254 
2371 789 
5073 15219 
3758 1252 
3010 1002 
1970 656 
2673 2673 
3446 3446 
3233 3233 
3464 1154 
3163 3163 
1180 3540 
4755 1584 
3459 3459 
3022 9066 
3959 1319 
2819 2819 
1600 532 
4083 12249 
2605 867 
2237 745 
3128 3128 
4366 1454 
4549 1515 
4442 13326 
2120 2120 
637 1911 
3391 10173 
