5000 7000
2427 7281 
2351 2351 
640 212 
3040 3040 
2512 2512 
3039 3039 
2128 2128 
1525 4575 
556 184 
319 957 
2620 2620 
224 672 
2722 2722 
2673 890 
2648 2648 
2009 6027 
1744 1744 
3075 3075 
4753 1583 
2271 6813 
1152 3456 
1359 4077 
4913 14739 
1715 1715 
3059 1019 
2666 2666 
3080 3080 
2490 7470 
2058 6174 
2993 997 
2985 994 
4866 14598 
29 87 
4805 1601 
107 321 
4954 1650 
2362 2362 
4100 1366 
2462 820 
1706 1706 
2097 2097 
2625 2625 
949 315 
843 280 
2448 815 
2323 773 
2524 2524 
3957 11871 
1231 409 
4190 1396 
3553 1183 
1262 420 
2758 8274 
472 156 
155 465 
453 150 
4938 14814 
1858 5574 
2293 2293 
3287 3287 
2634 2634 
1850 1850 
3554 10662 
3281 1093 
2736 2736 
2368 788 
2748 2748 
3459 1152 
3188 3188 
3040 9120 
1260 3780 
2702 2702 
2262 2262 
2545 2545 
2898 2898 
565 1695 
4324 12972 
2258 6774 
312 936 
1881 1881 
60 19 
3675 11025 
526 1578 
825 2475 
3102 1033 
2706 2706 
2916 8748 
329 987 
4923 1640 
4357 13071 
3120 3120 
3710 1236 
4240 12720 
200 66 
2640 2640 
1499 499 
1926 1926 
2289 2289 
2100 6300 
707 235 
1833 1833 
3958 1318 
1819 605 
2164 2164 
3741 11223 
1427 475 
1809 5427 
1488 4464 
1877 1877 
368 122 
2664 2664 
3019 3019 
3368 1122 
1839 1839 
4814 1604 
2014 2014 
1632 543 
3370 1122 
1679 5037 
2018 6054 
4768 14304 
2256 2256 
124 372 
2946 2946 
3878 1292 
3279 3279 
3333 9999 
3282 3282 
1754 5262 
1980 5940 
3662 1220 
2961 986 
1779 592 
2229 2229 
712 236 
1195 3585 
2365 7095 
2991 2991 
577 1731 
3147 3147 
1093 3279 
299 897 
4469 13407 
1516 504 
1731 1731 
1791 1791 
3934 1310 
2037 2037 
711 2133 
3394 1130 
3181 3181 
3254 3254 
1568 4704 
2138 2138 
2561 2561 
4069 12207 
2649 2649 
3441 1146 
1777 5331 
4774 1590 
1381 4143 
2550 2550 
794 2382 
2279 759 
4844 14532 
538 1614 
2878 958 
2820 8460 
2924 2924 
2300 6900 
3359 1119 
1072 3216 
4180 1392 
1267 421 
3712 11136 
325 975 
4217 12651 
630 209 
2151 2151 
2135 2135 
2720 906 
2368 2368 
4781 14343 
1012 3036 
2500 2500 
1983 1983 
2797 2797 
2758 918 
4982 1660 
4152 12456 
4170 1389 
2453 817 
4993 14979 
2583 2583 
2008 2008 
3841 11523 
2705 901 
3133 9399 
2504 834 
9 2 
773 2319 
1698 1698 
357 1071 
2099 2099 
4659 1552 
2157 718 
4161 12483 
2346 2346 
986 2958 
875 2625 
3789 1262 
4172 1390 
2273 2273 
3139 3139 
4948 14844 
3851 11553 
3526 1174 
470 1410 
540 1620 
1702 1702 
1407 4221 
3476 1158 
2732 2732 
1245 414 
2621 7863 
2469 2469 
2556 2556 
2147 6441 
4928 1642 
3047 9141 
2074 690 
4600 13800 
3025 3025 
252 83 
4835 1611 
2876 2876 
3161 3161 
4595 1531 
4463 1487 
3208 9624 
1254 3762 
2524 7572 
2687 2687 
2245 2245 
2233 6699 
2834 2834 
2055 2055 
965 321 
3437 1145 
1163 387 
2196 731 
1708 1708 
3874 11622 
844 280 
463 1389 
3377 1125 
2587 2587 
2455 2455 
3534 10602 
4994 1664 
2827 2827 
810 2430 
2829 2829 
2927 2927 
2670 8010 
1155 384 
2299 2299 
2608 2608 
3508 1168 
552 1656 
1807 601 
174 522 
1868 1868 
3312 9936 
879 292 
4995 14985 
2031 2031 
2756 2756 
2909 2909 
4473 1490 
707 2121 
2997 2997 
2886 961 
2523 2523 
167 55 
2865 8595 
2174 6522 
3704 11112 
794 264 
1439 4317 
182 60 
1270 422 
1860 5580 
323 107 
1315 3945 
672 2016 
887 2661 
1696 1696 
1931 643 
3158 3158 
1934 1934 
3505 10515 
4444 13332 
3497 1165 
4426 1474 
2079 2079 
4792 14376 
1800 1800 
2108 2108 
4935 1644 
2181 6543 
1678 1678 
3302 3302 
3834 1277 
3093 9279 
2317 2317 
4001 1333 
2413 2413 
2191 6573 
4419 1472 
1993 663 
220 72 
2382 2382 
2925 2925 
1796 1796 
3917 11751 
3159 1052 
1375 457 
3105 3105 
2485 2485 
2725 907 
2200 6600 
2816 2816 
1951 1951 
3018 3018 
3265 3265 
1302 3906 
2645 881 
1298 432 
3289 9867 
2428 2428 
2817 938 
2709 2709 
465 154 
4106 1368 
2306 2306 
2810 8430 
3137 3137 
499 1497 
3588 10764 
4408 13224 
2543 7629 
1293 430 
1978 1978 
1929 1929 
3214 3214 
2319 6957 
1209 3627 
2249 2249 
1675 1675 
3066 3066 
4645 1547 
3982 11946 
869 289 
1774 590 
3148 3148 
2635 2635 
2436 2436 
1916 1916 
2421 7263 
2506 2506 
2776 2776 
1967 1967 
314 104 
1900 5700 
3929 11787 
3053 3053 
1509 4527 
3592 1196 
817 2451 
2733 2733 
4595 13785 
2633 2633 
3022 1006 
1958 1958 
2159 2159 
4894 1630 
3493 10479 
2312 2312 
3787 1261 
3205 3205 
4801 14403 
2095 6285 
2596 2596 
138 414 
418 1254 
3004 3004 
3273 3273 
3445 1147 
4756 1584 
977 2931 
5001 1666 
4322 1440 
406 1218 
2431 2431 
1834 5502 
3155 1051 
3791 1263 
1471 489 
4074 1357 
654 1962 
4561 1519 
3308 9924 
1399 4197 
951 2853 
895 2685 
1734 577 
199 65 
2552 2552 
2965 2965 
2165 2165 
1291 3873 
3160 9480 
268 804 
2629 2629 
2977 8931 
3304 3304 
198 594 
2067 2067 
2381 793 
285 94 
4154 12462 
298 894 
2072 2072 
4551 1516 
2035 677 
897 2691 
4048 1348 
2581 2581 
2490 2490 
2969 2969 
1894 1894 
3973 11919 
2086 2086 
3303 9909 
2243 2243 
1118 372 
860 2580 
2432 2432 
1780 5340 
1909 1909 
2529 7587 
1944 1944 
1766 1766 
2282 760 
3211 9633 
3318 9954 
2819 2819 
4009 12027 
3729 11187 
4571 13713 
725 2175 
336 1008 
3890 1296 
1021 339 
1878 1878 
1490 496 
1700 5100 
2001 6003 
2189 729 
933 2799 
1852 1852 
3119 3119 
2109 2109 
1295 431 
4671 14013 
2479 2479 
4085 1361 
4997 1665 
3242 3242 
2836 8508 
2527 2527 
2630 876 
2377 2377 
1774 1774 
4337 13011 
3857 1285 
2438 7314 
846 281 
1813 603 
22 6 
285 855 
3237 9711 
3152 9456 
3322 3322 
4427 13281 
3895 1297 
3131 1043 
3557 1185 
4137 1378 
2402 7206 
373 123 
1534 510 
388 1164 
2692 896 
3627 1208 
4420 13260 
1249 415 
1076 3228 
573 1719 
3326 3326 
4004 1334 
2959 985 
2551 7653 
2955 2955 
2050 682 
2729 8187 
2947 8841 
2341 7023 
4414 1470 
581 193 
438 1314 
3259 3259 
3288 3288 
1084 3252 
4809 1602 
3252 1083 
2376 2376 
3905 11715 
789 262 
4211 12633 
4365 13095 
3735 11205 
2541 2541 
2027 675 
2077 2077 
1997 1997 
184 60 
3251 3251 
3775 1257 
2411 2411 
2335 2335 
3868 11604 
796 2388 
2367 2367 
2582 860 
3182 3182 
2026 2026 
648 215 
3150 3150 
4448 1482 
2512 836 
2959 8877 
3133 1043 
695 2085 
3963 1320 
4744 14232 
2221 739 
1856 1856 
2358 2358 
1837 1837 
2020 672 
2052 683 
4469 1489 
3545 1181 
1730 1730 
4690 14070 
2858 2858 
3255 3255 
117 38 
4183 12549 
2794 2794 
2869 2869 
595 197 
3473 10419 
3884 1294 
4139 1379 
916 304 
1840 5520 
1521 4563 
3313 1103 
2142 6426 
1687 561 
2606 2606 
2621 2621 
3944 1314 
1444 4332 
2201 733 
1571 523 
2071 2071 
3020 3020 
1877 625 
2636 878 
2911 969 
1510 502 
347 1041 
1387 461 
2179 2179 
1941 1941 
740 246 
1667 555 
2130 709 
146 48 
3113 9339 
2619 872 
4634 13902 
2703 2703 
1926 641 
2675 2675 
1103 3309 
4185 1394 
1843 1843 
2157 6471 
4536 1511 
3002 3002 
2791 2791 
3118 3118 
1205 401 
3142 3142 
3062 3062 
3233 3233 
3464 10392 
4055 1351 
777 2331 
473 1419 
2883 8649 
2322 2322 
874 290 
3080 1026 
3127 3127 
1809 1809 
541 1623 
3347 1115 
1041 3123 
2049 2049 
3077 3077 
3715 11145 
2718 2718 
2958 8874 
4765 14295 
2167 2167 
3907 1301 
4654 13962 
2978 2978 
3603 1200 
2121 706 
2011 2011 
4470 1489 
3121 9363 
4188 12564 
2302 2302 
1693 563 
338 1014 
2538 2538 
1524 507 
1803 1803 
3060 3060 
1039 345 
851 2553 
2228 2228 
1750 1750 
891 296 
1507 4521 
2821 2821 
2446 814 
4243 1413 
2905 8715 
2577 2577 
2520 2520 
2275 2275 
4820 1606 
3263 3263 
1722 1722 
4734 1577 
2503 2503 
3211 3211 
2423 7269 
1781 1781 
2394 2394 
765 2295 
2638 878 
3763 1253 
4270 1422 
972 323 
3534 1177 
3050 9150 
2111 2111 
1319 3957 
4726 14178 
1162 3486 
2930 976 
4227 1408 
3748 1248 
1546 4638 
2504 2504 
4852 14556 
1358 4074 
2786 2786 
3385 10155 
2420 7260 
3686 11058 
2587 861 
2867 2867 
1519 4557 
4822 14466 
4840 1612 
2026 674 
2894 2894 
4153 12459 
3495 1164 
4886 1628 
1160 3480 
3021 3021 
351 116 
3156 3156 
2874 2874 
3368 10104 
3165 3165 
3433 10299 
1718 572 
3221 1073 
1906 634 
2694 8082 
2790 2790 
1918 5754 
2978 8934 
4063 12189 
4807 14421 
1051 3153 
2363 7089 
3314 9942 
3258 3258 
3058 3058 
2330 2330 
1947 1947 
2169 722 
1638 545 
3912 1303 
4439 13317 
36 108 
803 2409 
2148 6444 
3894 1297 
1690 562 
2430 2430 
2870 2870 
2573 2573 
427 1281 
1669 1669 
2761 8283 
2010 2010 
4057 1351 
676 2028 
1748 1748 
1713 1713 
3856 11568 
2809 2809 
4364 1454 
3283 1093 
3212 3212 
1211 3633 
1188 395 
3285 3285 
4892 14676 
1989 5967 
2070 6210 
2902 966 
4591 1529 
2057 2057 
2888 2888 
321 963 
1494 497 
2446 2446 
2022 2022 
900 2700 
3310 1102 
2348 2348 
1948 648 
1326 3978 
698 2094 
2521 2521 
3293 3293 
1032 3096 
1986 1986 
3117 1038 
3950 1316 
3375 10125 
2592 2592 
2686 2686 
2139 2139 
2066 2066 
4791 1596 
354 117 
2902 2902 
1022 340 
2651 2651 
1790 1790 
4740 1579 
3639 1212 
482 160 
2478 2478 
4224 1407 
3866 1288 
2651 7953 
3027 3027 
559 1677 
1109 3327 
4371 1456 
2525 2525 
1068 355 
2579 2579 
2306 6918 
4771 1589 
4151 12453 
576 1728 
2135 6405 
2484 2484 
2913 2913 
4881 1626 
2218 6654 
3043 3043 
3700 11100 
4520 1506 
4255 1417 
2088 2088 
2441 2441 
1957 1957 
1147 3441 
2695 2695 
102 33 
685 227 
3188 9564 
2563 2563 
2715 2715 
4684 14052 
1199 399 
4025 12075 
3005 3005 
2757 2757 
4491 1496 
3893 11679 
3044 3044 
3572 10716 
1320 3960 
2838 2838 
603 1809 
2460 2460 
3607 10821 
2442 2442 
865 2595 
423 140 
1333 443 
2332 776 
1609 4827 
3434 10302 
3242 1080 
98 294 
2816 8448 
2674 2674 
3210 3210 
3179 3179 
3076 3076 
1562 4686 
2763 2763 
3411 1136 
4310 12930 
1418 4254 
1892 630 
4976 1658 
1880 1880 
2316 2316 
1677 1677 
3078 3078 
3262 3262 
2827 8481 
2751 2751 
1746 581 
2050 6150 
228 75 
2199 6597 
2589 7767 
1681 1681 
2294 6882 
1946 648 
1976 1976 
286 94 
2875 8625 
3155 3155 
2387 2387 
1199 3597 
2850 2850 
301 99 
3047 3047 
1659 4977 
3733 11199 
4985 14955 
453 1359 
2618 2618 
1440 4320 
1900 1900 
1898 1898 
3110 3110 
3996 1331 
1804 1804 
1938 1938 
2764 2764 
964 320 
3130 1042 
240 720 
2384 794 
1683 560 
4148 1382 
1779 1779 
3410 1136 
2285 761 
3918 11754 
3402 1133 
2898 8694 
1498 4494 
2267 2267 
4996 1664 
1211 403 
4801 1599 
2407 7221 
4396 13188 
1998 665 
2313 770 
3479 10437 
1150 382 
3859 11577 
4279 1425 
1784 1784 
4799 1599 
1417 471 
563 187 
575 191 
3051 9153 
806 268 
4652 13956 
2486 2486 
2862 2862 
1080 359 
2903 967 
1605 4815 
3824 1274 
27 8 
2836 2836 
2510 2510 
815 271 
1741 1741 
3121 3121 
3587 10761 
2414 2414 
1610 536 
2650 2650 
4642 1546 
3201 3201 
3823 1273 
4816 1604 
3403 10209 
2381 7143 
2474 2474 
4572 1523 
2006 668 
3157 3157 
1911 1911 
2321 2321 
675 224 
558 1674 
1994 1994 
1576 524 
4015 1337 
2813 8439 
913 2739 
4851 1616 
779 259 
1771 1771 
2758 2758 
1968 1968 
2914 2914 
1059 352 
3813 11439 
4741 1579 
679 2037 
1173 3519 
1988 1988 
195 64 
3030 1009 
2218 2218 
1813 1813 
2890 2890 
2075 2075 
2000 2000 
1725 1725 
3338 1112 
4362 1453 
451 1353 
816 271 
1842 1842 
3128 1042 
4380 13140 
1038 3114 
1611 4833 
3123 9369 
2308 768 
2458 7374 
2562 853 
4390 13170 
1340 446 
1892 1892 
2415 2415 
1743 580 
3617 1205 
2919 972 
2435 2435 
1783 593 
2065 2065 
4517 1505 
1795 1795 
2429 7287 
4187 12561 
2259 2259 
4804 14412 
1412 470 
2289 762 
2114 6342 
2524 840 
3970 1322 
2726 2726 
2143 2143 
2430 809 
3239 3239 
2584 2584 
4958 14874 
4048 12144 
1771 589 
3078 1025 
3419 10257 
4577 13731 
4585 1527 
4393 13179 
2266 2266 
839 279 
2202 733 
3274 3274 
1429 4287 
2203 2203 
3606 1201 
4929 1642 
1419 472 
2126 2126 
1475 4425 
784 260 
3187 3187 
504 167 
2998 998 
4451 13353 
1854 1854 
4394 13182 
2678 2678 
2603 2603 
1582 526 
3321 3321 
3288 9864 
578 1734 
2045 6135 
2835 2835 
3424 1140 
4172 12516 
2421 2421 
1835 1835 
822 2466 
3 0 
1489 4467 
2472 2472 
2448 2448 
2148 2148 
696 2088 
3482 10446 
2570 2570 
3952 1316 
2163 2163 
902 2706 
4152 1383 
97 291 
1701 1701 
3942 1313 
2986 2986 
2891 963 
754 2262 
564 187 
4950 14850 
4657 1551 
3036 3036 
3809 1269 
1432 4296 
2344 780 
219 657 
2364 2364 
999 2997 
3329 9987 
2832 943 
458 152 
2239 2239 
1421 4263 
3319 3319 
1990 662 
1603 533 
2933 2933 
3218 3218 
2184 2184 
2508 2508 
2907 968 
2861 953 
2514 837 
1740 1740 
1372 4116 
2921 2921 
2006 2006 
3332 3332 
4122 12366 
3562 10686 
2949 2949 
3303 3303 
149 49 
302 906 
2090 2090 
2792 8376 
2802 933 
2105 2105 
4998 14994 
2557 7671 
1711 1711 
2401 2401 
4212 12636 
116 348 
2298 2298 
4389 13167 
2803 2803 
2459 2459 
301 903 
4105 1367 
1783 1783 
140 420 
2291 2291 
944 314 
2498 2498 
2944 2944 
3553 10659 
4396 1464 
1299 3897 
4399 13197 
3878 11634 
2466 2466 
1777 1777 
153 50 
2536 844 
2742 8226 
4705 14115 
2076 6228 
3151 1049 
2605 2605 
2922 2922 
2539 2539 
2023 2023 
2689 2689 
4113 12339 
3897 11691 
4378 13134 
2949 8847 
4733 1577 
1969 1969 
3008 3008 
274 90 
3624 10872 
2348 782 
1966 654 
796 264 
1357 451 
2347 2347 
2872 2872 
4311 1436 
4697 14091 
4688 14064 
2837 945 
3660 1219 
514 170 
4785 1594 
3067 3067 
2930 2930 
2137 2137 
230 76 
3206 1068 
1914 637 
2578 2578 
95 31 
1203 400 
2464 7392 
1726 1726 
996 331 
2340 779 
416 1248 
2488 7464 
1757 1757 
2952 2952 
172 516 
2567 2567 
3641 10923 
3211 1069 
3026 3026 
1798 1798 
3971 11913 
2839 2839 
4205 1401 
2297 765 
4294 12882 
212 70 
432 1296 
2765 2765 
3042 9126 
2235 744 
3660 10980 
1805 1805 
3979 11937 
2117 6351 
3099 3099 
1812 5436 
2337 7011 
4027 1341 
911 303 
2586 7758 
4606 13818 
2290 6870 
1301 3903 
269 807 
3042 1013 
2891 8673 
377 1131 
3029 3029 
3312 1103 
3844 11532 
3090 3090 
4978 14934 
2568 855 
2493 2493 
3783 1260 
3953 1317 
2737 8211 
2619 2619 
297 891 
778 2334 
4984 14952 
870 2610 
3605 10815 
3294 1097 
2484 827 
3883 11649 
2805 8415 
3026 9078 
3493 1163 
965 2895 
2903 8709 
1002 333 
3162 3162 
1982 1982 
1722 5166 
339 112 
2451 816 
2265 2265 
2805 2805 
2858 952 
510 1530 
2444 2444 
2598 7794 
3992 11976 
1879 1879 
4003 12009 
2128 6384 
1065 3195 
3373 10119 
2461 7383 
2744 2744 
2047 2047 
4310 1436 
4235 1411 
2997 8991 
895 297 
2160 6480 
2575 2575 
2964 2964 
4526 13578 
2945 2945 
262 86 
1847 1847 
2402 800 
2752 2752 
187 561 
1414 470 
737 2211 
3736 11208 
646 1938 
3269 3269 
2783 2783 
3087 3087 
1540 512 
3839 11517 
883 2649 
467 155 
271 89 
2312 6936 
2345 7035 
2417 7251 
2062 686 
3831 11493 
4917 14751 
2416 7248 
366 121 
1747 1747 
1686 561 
1677 5031 
88 28 
2951 2951 
2416 2416 
4063 1353 
2973 2973 
1723 573 
1590 529 
1019 339 
2690 2690 
2843 947 
4387 1461 
3316 3316 
2063 2063 
1569 4707 
1673 557 
3718 11154 
1095 364 
1347 4041 
4882 14646 
4821 1606 
2102 2102 
2406 7218 
2619 7857 
2195 2195 
2731 2731 
99 32 
2969 8907 
1859 1859 
1971 1971 
207 621 
1337 445 
1769 589 
2671 2671 
2152 2152 
2313 2313 
3131 3131 
3836 1278 
2660 7980 
3220 9660 
3280 3280 
3309 3309 
2336 7008 
3117 9351 
2984 994 
1697 565 
3160 3160 
2920 2920 
1982 660 
4086 12258 
2631 2631 
863 287 
3632 1210 
3178 3178 
3376 1124 
2697 2697 
723 240 
2539 845 
2036 2036 
1009 335 
3797 11391 
2797 8391 
2414 804 
1762 1762 
2424 2424 
1802 600 
3298 3298 
1683 5049 
718 2154 
1872 1872 
2031 676 
4364 13092 
2710 2710 
3726 1241 
3295 3295 
3691 11073 
4476 1491 
4461 1486 
2491 2491 
2429 809 
1977 1977 
1694 1694 
1616 538 
4449 1482 
1860 1860 
4796 1598 
2206 2206 
4251 12753 
4043 1347 
1252 3756 
2662 2662 
1912 1912 
4731 14193 
4027 12081 
954 317 
3536 10608 
2215 2215 
2509 2509 
1391 4173 
4667 1555 
3899 1299 
1245 3735 
3258 1085 
272 816 
2466 821 
1973 1973 
2284 2284 
2879 2879 
2897 965 
2463 7389 
2119 2119 
520 1560 
1426 474 
3979 1325 
3297 3297 
1975 657 
2107 2107 
2708 902 
2089 2089 
3633 1210 
4271 1423 
2044 2044 
531 1593 
2614 7842 
2887 8661 
521 1563 
2636 7908 
2747 2747 
2125 707 
4619 1539 
2129 2129 
2218 738 
3284 9852 
2078 2078 
1399 465 
1286 428 
2364 7092 
893 297 
103 309 
3286 3286 
2675 891 
2174 2174 
2426 2426 
2381 2381 
4966 14898 
1977 658 
2891 2891 
3199 1065 
2655 2655 
2028 2028 
34 102 
2787 2787 
38 114 
1063 3189 
2953 2953 
2918 2918 
1529 509 
3056 3056 
2041 6123 
2657 2657 
1745 1745 
705 234 
511 169 
859 2577 
3370 10110 
2532 843 
3300 1099 
1770 1770 
4496 13488 
2698 898 
1334 444 
1428 475 
4141 12423 
2950 982 
1490 4470 
479 159 
3285 1094 
3807 1268 
2246 2246 
4580 1526 
3301 3301 
4543 1513 
1888 628 
3896 11688 
2242 2242 
4764 1587 
169 55 
3329 3329 
2855 2855 
1781 593 
3972 11916 
1788 1788 
3365 10095 
2286 6858 
2720 2720 
2573 857 
1873 1873 
1799 599 
171 513 
1841 1841 
4381 1459 
4390 1462 
1717 1717 
3224 3224 
1850 5550 
2799 932 
2165 6495 
513 1539 
2546 2546 
2418 7254 
1026 3078 
504 1512 
3035 9105 
537 178 
1994 5982 
3749 11247 
3812 1270 
2480 2480 
3107 3107 
2331 6993 
359 1077 
3583 10749 
894 2682 
121 39 
2887 961 
1218 3654 
232 76 
1963 5889 
2928 2928 
2553 2553 
3145 3145 
283 849 
3133 3133 
44 132 
4857 1618 
1827 1827 
1 3 
1674 1674 
4447 13341 
4075 12225 
1846 1846 
2796 2796 
1749 1749 
1141 379 
2526 2526 
2320 2320 
1686 1686 
2848 2848 
2962 2962 
1692 1692 
3317 9951 
2386 7158 
720 239 
721 2163 
647 1941 
4947 1648 
597 1791 
4434 1477 
1719 572 
548 1644 
1174 3522 
3084 3084 
1610 4830 
4388 1462 
1668 555 
645 1935 
1212 403 
2458 2458 
3126 9378 
3435 10305 
3693 1230 
1902 1902 
244 732 
1165 387 
3904 1300 
3196 3196 
1400 4200 
2140 2140 
1907 1907 
412 136 
3227 3227 
4045 12135 
1828 1828 
2260 752 
3177 3177 
1689 1689 
1511 4533 
4091 1363 
1564 4692 
345 1035 
4035 12105 
3205 9615 
2359 785 
2332 6996 
4361 1453 
3605 1201 
2775 8325 
2502 7506 
4258 12774 
1522 4566 
2481 2481 
2270 2270 
2793 2793 
2734 2734 
2860 952 
4073 12219 
2658 7974 
4023 1340 
488 1464 
80 240 
4769 1589 
3021 9063 
1947 648 
4098 12294 
2774 2774 
2220 2220 
2554 2554 
4823 14469 
3171 1056 
2860 2860 
2519 2519 
2060 2060 
3328 3328 
514 1542 
3391 1129 
4560 1519 
2343 780 
2982 993 
1449 482 
1962 653 
3088 9264 
314 942 
3351 10053 
2522 840 
1679 1679 
763 2289 
2881 2881 
2227 2227 
2884 960 
2835 944 
2700 8100 
2518 7554 
2699 2699 
2672 890 
4578 13734 
295 97 
4199 1399 
2283 2283 
2897 2897 
395 131 
2803 933 
216 71 
462 1386 
3494 10482 
3712 1236 
1939 1939 
2406 2406 
1824 5472 
4836 14508 
1943 1943 
1463 487 
899 299 
2856 2856 
3335 10005 
2059 2059 
3035 1011 
4053 1350 
2071 689 
4443 1480 
2518 2518 
2029 2029 
2654 884 
3000 3000 
1910 1910 
1887 5661 
2250 2250 
2761 2761 
4936 1644 
2221 2221 
1972 1972 
2223 2223 
2630 2630 
2882 8646 
2706 8118 
2357 2357 
2614 2614 
3085 9255 
1806 1806 
4312 1436 
3128 3128 
1071 3213 
1236 411 
3342 10026 
1764 5292 
401 133 
1007 3021 
89 267 
2251 2251 
874 2622 
2612 7836 
1824 1824 
3236 3236 
2985 8955 
604 1812 
1760 5280 
2146 2146 
1188 3564 
2124 707 
2323 2323 
530 176 
318 105 
3521 10563 
2098 2098 
2074 2074 
219 72 
1569 522 
123 369 
4760 1586 
1215 3645 
4029 12087 
3818 11454 
1882 1882 
1763 1763 
3017 1005 
4531 13593 
841 279 
1431 4293 
3659 1219 
4115 12345 
2254 750 
2297 2297 
1935 1935 
4928 14784 
3615 1204 
2417 2417 
2771 2771 
1761 586 
2756 8268 
1913 5739 
2935 8805 
1811 1811 
344 114 
4047 1348 
1324 440 
535 177 
1256 418 
161 483 
1983 5949 
3100 3100 
1812 1812 
2189 2189 
108 35 
2673 2673 
2824 2824 
3460 10380 
2252 2252 
104 312 
3820 11460 
3793 11379 
2281 2281 
2495 2495 
2084 6252 
3708 11124 
4755 14265 
1761 1761 
452 1356 
2833 8499 
3294 3294 
520 172 
1557 518 
4363 13089 
2896 2896 
3326 1108 
3845 11535 
4392 13176 
4594 1530 
4370 13110 
142 46 
2660 886 
2770 2770 
1919 639 
1793 597 
3283 3283 
758 252 
1604 534 
3423 10269 
3429 10287 
4568 1522 
4265 12795 
3203 3203 
3685 11055 
1735 5205 
2505 7515 
1996 664 
4864 1620 
1435 477 
3570 1189 
2679 892 
2095 2095 
2288 2288 
3188 1062 
1890 5670 
3502 10506 
2257 751 
2728 908 
3871 11613 
28 84 
2041 2041 
2741 2741 
2647 2647 
1361 453 
430 1290 
3515 10545 
3375 1124 
4545 13635 
3140 3140 
1998 1998 
2771 8313 
1767 1767 
2182 2182 
3713 11139 
2402 2402 
3136 9408 
3437 10311 
2405 2405 
595 1785 
4218 1405 
4611 13833 
2669 2669 
3073 1023 
3960 1319 
1751 1751 
1422 4266 
33 99 
1379 4137 
2633 7899 
3518 1172 
4325 12975 
2013 2013 
1081 3243 
3331 9993 
180 59 
2647 7941 
1862 1862 
2199 732 
4766 14298 
4758 14274 
1379 459 
4700 14100 
2785 2785 
1317 3951 
2353 2353 
764 2292 
3916 11748 
1870 5610 
2556 7668 
4689 1562 
2853 2853 
2624 2624 
2307 2307 
3278 3278 
2656 2656 
2938 2938 
2632 876 
3569 10707 
3434 1144 
4521 1506 
1755 5265 
2745 2745 
2626 2626 
3217 9651 
1136 3408 
3042 3042 
2830 2830 
2098 698 
3721 11163 
275 91 
2272 2272 
2369 2369 
775 257 
2583 7749 
3129 1042 
2058 2058 
1891 629 
333 110 
3282 9846 
3424 10272 
1392 463 
2866 2866 
1653 550 
2557 2557 
2344 2344 
2178 2178 
4204 1400 
584 194 
3082 9246 
2672 2672 
364 1092 
2712 903 
2900 2900 
980 326 
1896 1896 
3998 1332 
3271 3271 
898 2694 
4706 1568 
613 203 
912 303 
4497 13491 
2835 8505 
3590 1196 
3960 11880 
131 393 
2653 2653 
2137 6411 
4558 1518 
1278 425 
1263 3789 
3760 1252 
1120 372 
375 124 
3033 3033 
2728 2728 
1688 1688 
1786 1786 
2845 8535 
3049 3049 
242 726 
293 879 
3633 10899 
2452 2452 
4621 1539 
2415 7245 
3186 3186 
4367 13101 
1802 1802 
394 130 
2237 2237 
2434 2434 
3540 10620 
2771 923 
81 243 
2486 7458 
2932 2932 
2362 786 
2514 2514 
3291 3291 
4066 12198 
732 243 
1886 5658 
4567 13701 
2020 2020 
4616 13848 
1815 604 
2904 2904 
4408 1468 
4848 1615 
3089 3089 
4109 1369 
387 1161 
4002 1333 
52 16 
2162 2162 
4890 14670 
4720 14160 
4053 12159 
390 129 
586 194 
4905 14715 
3940 1312 
3539 10617 
3246 3246 
1685 1685 
466 1398 
973 2919 
2601 866 
2812 2812 
2772 2772 
1670 5010 
3832 11496 
353 117 
2269 2269 
1455 484 
2784 2784 
2314 2314 
2343 2343 
4223 12669 
2229 6687 
3260 9780 
1920 1920 
2982 2982 
4480 13440 
1952 1952 
3720 1239 
2505 2505 
3485 1161 
72 216 
2893 2893 
4975 14925 
3527 10581 
1481 493 
2235 2235 
903 2709 
2314 6942 
396 1188 
2231 6693 
2644 2644 
3299 3299 
3449 1149 
4331 12993 
1620 4860 
2122 2122 
2149 2149 
4756 14268 
1753 1753 
2034 6102 
3032 3032 
4745 14235 
2901 2901 
1745 581 
2704 8112 
1737 578 
4104 12312 
2536 2536 
2992 2992 
2544 2544 
4171 12513 
4219 12657 
4145 12435 
3290 3290 
2240 2240 
4163 12489 
976 324 
1424 4272 
432 143 
759 2277 
2180 2180 
3176 3176 
4546 13638 
1319 439 
4503 1500 
1130 376 
2104 2104 
2085 694 
4788 1595 
3152 3152 
1948 1948 
821 273 
2782 2782 
3202 3202 
2778 925 
360 1080 
1955 1955 
282 93 
3688 11064 
317 105 
4629 1542 
3284 3284 
1880 5640 
2737 2737 
3173 9519 
1663 4989 
1060 3180 
2323 6969 
849 282 
2224 6672 
1115 371 
2613 2613 
2380 2380 
4873 14619 
417 138 
1054 3162 
3416 10248 
426 141 
4880 1626 
3267 3267 
2264 2264 
3194 3194 
3248 3248 
3315 3315 
1596 4788 
4500 13500 
2554 850 
2160 2160 
1743 1743 
3041 3041 
224 74 
3489 10467 
3266 3266 
728 2184 
2342 2342 
2528 2528 
1897 1897 
2492 7476 
2278 2278 
4124 1374 
3933 11799 
2970 2970 
271 813 
1505 501 
1471 4413 
1932 643 
4326 12978 
460 1380 
2171 6513 
3140 1046 
1799 1799 
2268 6804 
4184 1394 
3360 10080 
389 1167 
2280 6840 
4637 13911 
3144 3144 
4589 1529 
2301 2301 
1090 362 
3138 9414 
2261 2261 
4484 13452 
3041 1013 
2115 2115 
2388 795 
1623 4869 
1658 4974 
2302 766 
4017 12051 
1716 1716 
1953 1953 
3215 3215 
3438 1145 
4631 1543 
1104 3312 
2238 6714 
2458 818 
4782 1593 
2522 2522 
2610 7830 
3886 1294 
1752 1752 
686 228 
1108 3324 
609 1827 
1838 1838 
2176 2176 
3680 11040 
3860 11580 
2073 690 
2622 873 
2528 842 
2192 2192 
3250 9750 
1951 5853 
3732 11196 
2811 2811 
3624 1207 
1661 553 
2709 8127 
1222 406 
695 231 
3237 3237 
3779 11337 
3788 11364 
401 1203 
4746 14238 
3241 3241 
2104 6312 
2723 2723 
1447 4341 
2501 2501 
2529 2529 
2905 2905 
2889 2889 
2711 2711 
2730 8190 
1676 1676 
4540 1512 
3048 3048 
649 1947 
4813 1603 
2852 950 
1937 1937 
2453 2453 
2157 2157 
3301 9903 
1303 433 
538 178 
2931 2931 
3270 3270 
1557 4671 
492 163 
1982 5946 
3719 11157 
2717 8151 
1039 3117 
2222 6666 
2549 7647 
3752 1250 
1282 426 
1709 1709 
1378 4134 
4017 1338 
729 2187 
2494 2494 
4518 1505 
3637 1211 
3725 11175 
629 209 
2408 2408 
859 285 
2421 806 
3499 1165 
630 1890 
3006 3006 
3148 9444 
3253 3253 
3796 1264 
3779 1259 
2481 826 
4342 13026 
2118 2118 
3307 1101 
2106 2106 
1198 3594 
2009 2009 
2604 2604 
2028 675 
2340 7020 
3685 1227 
1979 1979 
907 301 
942 313 
2759 2759 
414 137 
2537 2537 
1613 537 
698 232 
4464 1487 
214 70 
1970 656 
1888 5664 
2760 2760 
1901 1901 
3516 10548 
3803 1267 
574 1722 
2786 8358 
2071 6213 
4415 13245 
585 1755 
3695 1231 
2371 2371 
4569 1522 
978 325 
3387 1128 
3033 9099 
3603 10809 
3209 3209 
3547 10641 
1922 1922 
2886 2886 
2303 2303 
2300 2300 
2972 2972 
2535 7605 
2813 2813 
3955 11865 
4021 12063 
2555 2555 
3180 1059 
2747 8241 
2980 2980 
3430 1142 
1767 5301 
3016 3016 
3875 11625 
2670 889 
939 2817 
3846 11538 
994 2982 
3102 3102 
3362 10086 
2566 2566 
2936 2936 
1904 1904 
1179 3537 
2630 7890 
1759 1759 
2600 2600 
511 1533 
2502 2502 
2274 2274 
3055 3055 
4497 1498 
4381 13143 
2226 2226 
3916 1304 
2556 851 
4863 14589 
2340 2340 
631 209 
2128 708 
3900 1299 
2339 2339 
1797 1797 
4448 13344 
2444 7332 
2067 6201 
2719 2719 
1702 5106 
4252 12756 
1550 516 
4544 1514 
3154 3154 
3319 1105 
307 921 
1408 4224 
2929 2929 
2132 710 
1775 5325 
2892 963 
1990 1990 
2260 2260 
544 1632 
2615 2615 
3008 9024 
2462 2462 
3662 10986 
379 125 
2928 975 
2285 2285 
2180 6540 
2727 908 
1846 5538 
2725 2725 
2003 2003 
2311 2311 
1367 455 
2821 939 
2101 699 
4543 13629 
2420 2420 
1329 3987 
2386 2386 
1377 458 
2020 6060 
1991 1991 
2288 762 
4226 1408 
1785 1785 
2873 2873 
2064 2064 
3223 3223 
655 1965 
440 146 
3439 10317 
2360 2360 
420 1260 
3347 10041 
1765 1765 
3381 10143 
1237 3711 
692 2076 
4415 1471 
3564 10692 
1950 1950 
4309 1435 
4306 1434 
2817 2817 
3092 3092 
1829 1829 
1530 4590 
4070 12210 
3843 11529 
4538 13614 
391 1173 
2831 2831 
3070 3070 
3238 3238 
188 564 
2852 2852 
2370 2370 
3465 1154 
3555 1184 
135 44 
1974 1974 
2405 7215 
112 336 
2085 2085 
2640 879 
24 72 
2131 709 
2338 2338 
1048 348 
1739 1739 
3119 9357 
1401 4203 
3001 999 
1111 369 
4509 1502 
3084 1027 
1734 1734 
536 178 
2058 685 
4915 1637 
2095 697 
1814 1814 
4992 14976 
1551 4653 
1849 5547 
2698 2698 
4785 14355 
2892 2892 
1727 575 
154 50 
148 444 
1857 618 
3984 11952 
1306 3918 
3882 11646 
2729 2729 
1618 4854 
2131 2131 
72 23 
386 128 
1668 1668 
1373 457 
629 1887 
3746 1248 
4717 14151 
3210 9630 
3738 1245 
2558 2558 
3229 3229 
661 1983 
2305 6915 
3111 9333 
1961 1961 
2481 7443 
3193 9579 
909 2727 
4917 1638 
2167 721 
2156 2156 
2740 2740 
3217 3217 
2765 921 
3093 3093 
2753 2753 
2721 2721 
2255 6765 
2769 922 
1714 1714 
2781 2781 
2915 2915 
2270 756 
1963 653 
2069 2069 
832 276 
4636 13908 
2515 2515 
2843 8529 
3024 3024 
2976 2976 
2885 2885 
2082 2082 
2680 2680 
3478 10434 
2593 7779 
1257 3771 
2062 2062 
866 288 
922 306 
4604 1534 
1078 3234 
2266 6798 
2407 801 
1023 340 
1708 568 
1956 651 
2019 2019 
1801 1801 
465 1395 
2133 710 
2572 2572 
4222 12666 
4321 12963 
2213 2213 
4506 1501 
2796 931 
1415 4245 
2025 2025 
4860 1619 
2926 974 
425 141 
2042 2042 
2447 2447 
3063 3063 
1953 5859 
2804 2804 
211 69 
2032 2032 
1720 572 
3352 1116 
3296 3296 
1091 363 
3527 1175 
1780 1780 
2930 8790 
2209 2209 
2660 2660 
1917 1917 
4539 13617 
2497 2497 
3272 9816 
2504 7512 
3167 3167 
3582 10746 
2008 6024 
748 248 
1820 1820 
3846 1281 
2039 2039 
3012 3012 
34 10 
1370 4110 
456 1368 
2851 2851 
2470 822 
2017 2017 
3069 3069 
1099 365 
3275 3275 
1924 1924 
3012 1003 
769 255 
4107 1368 
3418 1138 
2487 2487 
1866 621 
2084 2084 
329 109 
4198 12594 
4186 12558 
2883 2883 
2881 959 
928 2784 
3322 1106 
343 1029 
2937 2937 
1178 3534 
2565 2565 
2319 772 
4438 13314 
2671 8013 
4332 12996 
214 642 
447 148 
3003 3003 
2360 7080 
2037 678 
4875 1624 
2723 8169 
2517 2517 
201 66 
2427 808 
1012 336 
1193 397 
3883 1293 
136 408 
765 254 
4825 1607 
4951 1649 
324 107 
2361 2361 
1968 655 
3657 1218 
3579 10737 
2945 8835 
2642 880 
3261 9783 
1607 4821 
2943 8829 
2798 2798 
2968 2968 
2103 2103 
2015 2015 
2500 7500 
4495 13485 
4261 12783 
1586 4758 
3618 10854 
3306 1101 
1323 3969 
3240 1079 
1936 1936 
3216 1071 
3085 3085 
2597 865 
4105 12315 
3423 1140 
3049 1015 
30 90 
3450 1149 
901 299 
1954 650 
1205 3615 
2597 2597 
2935 2935 
1368 455 
3122 1040 
2864 2864 
3903 1300 
571 1713 
1984 1984 
1718 1718 
696 231 
2007 6021 
222 666 
2695 8085 
3577 10731 
3849 11547 
2210 2210 
486 161 
2956 2956 
3428 1142 
2681 8043 
2609 2609 
1685 561 
4582 13746 
2712 8136 
2438 2438 
4313 12939 
1068 3204 
1840 1840 
4122 1373 
3159 3159 
3317 3317 
3703 11109 
3190 1062 
3226 3226 
1308 3924 
4811 1603 
2620 7860 
4215 12645 
4132 12396 
1684 5052 
3642 10926 
85 27 
2396 798 
1729 5187 
4884 1627 
1684 1684 
441 146 
2767 8301 
3106 3106 
1938 645 
2307 6921 
586 1758 
862 286 
137 411 
3773 11319 
2215 6645 
3602 1200 
1884 5652 
3399 1132 
1918 638 
1925 1925 
2355 7065 
2175 2175 
566 1698 
1419 4257 
1325 3975 
4311 12933 
802 2406 
2287 2287 
3136 3136 
3141 3141 
3061 9183 
4764 14292 
2204 6612 
250 750 
4956 1651 
2732 8196 
2983 2983 
2015 671 
2911 2911 
3683 1227 
115 345 
468 1404 
1668 5004 
2788 8364 
4243 12729 
843 2529 
2661 2661 
2397 798 
1831 5493 
2714 8142 
3169 3169 
2190 2190 
1883 1883 
2975 2975 
638 212 
4515 1504 
1737 1737 
1255 417 
3101 3101 
3722 11166 
4905 1634 
1861 1861 
2296 2296 
1643 4929 
4888 14664 
3249 9747 
2154 2154 
2844 2844 
2292 2292 
2366 2366 
45 14 
248 82 
1874 624 
2194 6582 
2456 2456 
3595 10785 
3308 3308 
2746 2746 
1845 1845 
2845 2845 
811 2433 
1052 350 
1928 1928 
3028 3028 
3281 3281 
2046 2046 
4013 1337 
3984 1327 
4125 1374 
3448 10344 
507 168 
2599 2599 
1921 1921 
1826 608 
2518 838 
3990 11970 
2056 2056 
687 228 
3207 3207 
3552 1183 
3458 10374 
2677 2677 
4246 12738 
435 144 
1899 5697 
2562 2562 
2665 2665 
2443 2443 
1865 1865 
2781 926 
1980 1980 
2775 2775 
852 2556 
340 1020 
1682 1682 
2177 725 
2101 6303 
2594 2594 
4399 1465 
2744 8232 
1548 515 
3436 10308 
161 53 
2290 2290 
1762 5286 
2002 2002 
1733 1733 
4795 1597 
2636 2636 
3488 10464 
1729 1729 
962 2886 
3183 3183 
3193 3193 
3694 1230 
2276 2276 
1694 564 
2755 2755 
2641 2641 
725 241 
3111 3111 
2496 2496 
3698 1232 
4632 1543 
1641 546 
4459 13377 
3744 1247 
1782 1782 
2926 2926 
2704 2704 
2334 777 
3963 11889 
3356 1118 
853 2559 
3638 10914 
4780 1592 
3010 3010 
3108 3108 
3173 1057 
3804 11412 
1960 652 
2865 2865 
2240 6720 
1971 5913 
2023 673 
1079 359 
587 195 
2732 910 
2645 2645 
4693 1563 
3169 1055 
2639 2639 
181 59 
2742 2742 
443 147 
1587 528 
4584 13752 
2713 8139 
1580 526 
2404 2404 
4806 14418 
4671 1556 
513 170 
448 1344 
3264 1087 
4282 12846 
1364 4092 
2875 2875 
3293 1097 
1855 5565 
2825 2825 
41 123 
3189 3189 
4149 1382 
2244 2244 
1435 4305 
2688 2688 
1666 554 
37 11 
2706 901 
2150 2150 
2153 6459 
2738 912 
782 2346 
1810 602 
3045 9135 
4073 1357 
3961 11883 
3324 9972 
3480 1159 
1811 603 
1857 1857 
3041 9123 
356 1068 
480 159 
2547 2547 
2807 935 
1642 4926 
363 1089 
358 118 
183 60 
4911 14733 
2199 2199 
610 202 
3192 3192 
4018 1338 
2754 2754 
1486 4458 
3037 3037 
3313 3313 
2355 2355 
2713 2713 
2252 750 
2606 868 
2593 2593 
2906 2906 
3259 9777 
2859 2859 
2769 2769 
4402 1466 
4679 1559 
1923 1923 
4431 13293 
2035 6105 
239 717 
3231 3231 
4490 1496 
833 277 
4554 1517 
57 171 
1830 1830 
4791 14373 
4418 13254 
621 206 
1885 5655 
278 834 
475 157 
1560 4680 
2134 2134 
2000 666 
1626 541 
2901 8703 
1662 4986 
94 30 
2431 7293 
2374 2374 
2074 6222 
4401 13203 
2051 2051 
2304 2304 
2332 2332 
2670 2670 
4178 12534 
2238 2238 
4360 13080 
3515 1171 
2755 917 
1592 530 
2685 2685 
3125 3125 
1615 537 
2024 2024 
2111 6333 
4404 13212 
787 2361 
3625 10875 
3147 9441 
4981 1659 
420 139 
2110 2110 
3054 3054 
2361 786 
2671 889 
4841 1613 
3974 1324 
1588 4764 
3221 3221 
3986 1328 
3060 1019 
1229 3687 
2093 2093 
1972 5916 
2388 2388 
2491 7473 
4596 1531 
2412 2412 
3172 3172 
2551 2551 
3134 3134 
1826 1826 
2809 8427 
4740 14220 
2843 2843 
940 2820 
4511 13533 
3771 1256 
706 2118 
3007 3007 
1656 551 
1013 337 
2013 670 
618 205 
2912 2912 
644 214 
2134 710 
2457 7371 
3334 1110 
2098 6294 
2104 700 
748 2244 
1465 4395 
2574 2574 
1963 1963 
3713 1237 
5000 15000 
2280 2280 
4561 13683 
2844 947 
419 139 
2551 849 
3260 3260 
2216 6648 
3175 3175 
1755 1755 
4418 1472 
2655 884 
2675 8025 
2352 2352 
2624 874 
2166 2166 
1821 1821 
3411 10233 
1959 5877 
2549 2549 
3569 1189 
3615 10845 
2445 2445 
3617 10851 
353 1059 
1398 465 
4699 14097 
2435 811 
2493 830 
2385 2385 
4 12 
1138 378 
2987 2987 
4703 1567 
2361 7083 
4532 13596 
2617 2617 
2052 2052 
1975 1975 
3751 11253 
1697 1697 
2272 6816 
4176 1391 
3314 3314 
2854 2854 
2246 6738 
2780 2780 
1993 1993 
4483 13449 
399 132 
3852 1283 
4678 1558 
2116 2116 
2318 2318 
2513 2513 
157 51 
495 164 
1949 1949 
394 1182 
3043 1013 
1714 570 
2923 973 
1216 404 
3058 9174 
16 4 
3059 3059 
1680 1680 
4169 1389 
3398 10194 
3471 10413 
1457 4371 
272 90 
2272 756 
4130 12390 
2628 2628 
3724 1240 
1742 1742 
980 2940 
1805 601 
3097 3097 
2172 723 
2696 2696 
3903 11709 
3592 10776 
2773 2773 
1844 1844 
1660 4980 
4090 1362 
1890 1890 
2086 694 
146 438 
3546 1181 
4465 13395 
2173 2173 
1863 1863 
3257 3257 
3812 11436 
2398 2398 
367 1101 
2537 845 
4710 14130 
1724 1724 
3065 3065 
1746 1746 
4508 1502 
4986 14958 
3727 1241 
1810 1810 
4313 1437 
2972 8916 
2997 998 
2652 2652 
4894 14682 
4834 1610 
3138 3138 
3005 9015 
854 284 
2264 6792 
3072 3072 
2866 8598 
1181 3543 
3407 10221 
4194 1397 
4952 1650 
1658 552 
1630 4890 
2941 2941 
3157 1051 
3240 3240 
2777 2777 
109 35 
2439 2439 
2882 2882 
3345 10035 
4750 1582 
3268 3268 
1711 569 
989 329 
3792 11376 
3166 3166 
2999 2999 
1504 500 
987 2961 
2282 2282 
3191 3191 
1430 4290 
3034 3034 
2539 7617 
2121 2121 
3701 11103 
2155 6465 
658 1974 
1338 445 
1495 4485 
2766 8298 
4606 1534 
933 310 
1932 1932 
3435 1144 
3826 11478 
2060 686 
2795 2795 
1534 4602 
3528 1175 
3114 3114 
1239 412 
2085 6255 
2543 847 
65 195 
4574 13722 
2735 2735 
2659 2659 
1176 3528 
2092 2092 
2948 982 
1986 661 
3022 3022 
86 28 
2558 7674 
2868 955 
1675 557 
2454 2454 
4848 14544 
425 1275 
2201 2201 
2694 2694 
2808 2808 
4242 12726 
2259 752 
2511 2511 
2990 2990 
4133 12399 
1441 4323 
2712 2712 
2580 7740 
4175 1391 
4613 1537 
4542 1513 
702 233 
3447 10341 
134 44 
2182 726 
1767 588 
3142 1046 
3094 3094 
2610 2610 
3450 10350 
367 121 
3959 1319 
1972 656 
1752 583 
2923 2923 
442 146 
4587 13761 
3847 11541 
3174 1057 
1794 1794 
2988 8964 
4912 14736 
921 306 
2883 960 
931 2793 
2832 2832 
26 78 
547 1641 
1987 1987 
2120 2120 
2988 2988 
3069 9207 
1772 1772 
2907 2907 
2309 2309 
2918 8754 
4741 14223 
564 1692 
1834 1834 
1559 4677 
2142 2142 
3758 1252 
1666 4998 
2170 2170 
2286 2286 
2410 2410 
1817 1817 
3194 1064 
4598 13794 
3149 3149 
597 198 
2695 897 
2668 2668 
2833 943 
481 1443 
4626 13878 
2878 2878 
439 1317 
3652 10956 
2536 7608 
2091 2091 
1671 5013 
2043 2043 
2437 2437 
2101 2101 
2663 2663 
1756 1756 
4747 14241 
3081 3081 
3224 1074 
2172 2172 
3756 11268 
4829 1609 
4148 12444 
1411 4233 
2360 786 
3143 3143 
3810 1269 
4221 12663 
2705 2705 
836 2508 
474 157 
2194 2194 
3457 10371 
1906 1906 
3332 9996 
2363 2363 
2433 2433 
496 164 
2483 7449 
2136 2136 
478 158 
3576 1191 
4446 13338 
2100 2100 
543 180 
4725 14175 
1672 1672 
2658 2658 
2115 6345 
2197 2197 
1831 1831 
4559 1519 
1996 1996 
194 582 
2899 8697 
2486 828 
1509 502 
2436 7308 
1508 502 
2324 774 
3177 1058 
4889 14667 
2852 8556 
740 2220 
2947 2947 
3431 1143 
2579 859 
2882 960 
4121 12363 
454 150 
667 221 
2985 2985 
2707 2707 
3427 1141 
2234 2234 
2762 2762 
2375 2375 
2147 2147 
2205 2205 
1321 3963 
3910 11730 
1022 3066 
2334 2334 
3065 9195 
2723 907 
1706 568 
1687 1687 
1461 486 
4944 14832 
3913 11739 
2229 742 
2542 2542 
2788 2788 
3389 10167 
2934 8802 
2030 2030 
2207 6621 
4076 1358 
2061 2061 
3108 1035 
1793 1793 
1808 1808 
4472 13416 
1624 540 
2073 2073 
4581 1526 
1397 4191 
2708 2708 
2797 931 
3115 3115 
2110 702 
671 2013 
599 1797 
1893 1893 
731 2193 
4778 14334 
3307 3307 
715 2145 
4034 1344 
3318 3318 
1867 5601 
2530 7590 
4749 1582 
639 212 
2957 2957 
2305 2305 
477 158 
1964 654 
824 274 
3153 3153 
2285 6855 
3312 3312 
3327 3327 
4484 1494 
2799 2799 
2942 2942 
898 298 
1058 352 
1941 646 
2406 801 
4598 1532 
2242 6726 
375 1125 
532 176 
3925 11775 
3506 1168 
1736 1736 
4879 14637 
2943 2943 
2966 2966 
1542 4626 
2169 2169 
3222 1073 
1048 3144 
336 111 
1014 3042 
2177 2177 
3456 10368 
153 459 
3088 3088 
2588 2588 
3619 1205 
4782 14346 
1703 5109 
2060 6180 
3740 11220 
2959 2959 
1787 1787 
2607 2607 
3001 3001 
4505 1501 
2180 726 
3324 3324 
3135 3135 
1366 4098 
2419 805 
3956 11868 
1927 1927 
2102 700 
3235 3235 
393 130 
428 1284 
1700 1700 
3530 1176 
2192 730 
3272 3272 
3007 1001 
3731 1243 
2208 2208 
661 219 
1732 1732 
2423 2423 
4562 13686 
1727 1727 
4458 1485 
3598 1198 
3939 1312 
2372 790 
4978 1658 
1933 1933 
1101 3303 
4205 12615 
1889 1889 
2749 2749 
3795 11385 
4885 14655 
4904 14712 
3064 3064 
3398 1132 
1983 660 
4397 13191 
2392 2392 
3421 1139 
4071 1356 
3151 3151 
1593 530 
2716 2716 
1734 5202 
4707 14121 
251 83 
4541 13623 
4436 13308 
4397 1465 
3572 1190 
4388 13164 
104 34 
509 169 
1825 1825 
1832 1832 
413 137 
4208 1402 
1946 1946 
2403 2403 
978 2934 
2589 2589 
1096 364 
4144 1380 
2966 8898 
3204 3204 
3190 3190 
1648 4944 
2231 2231 
4387 13161 
1478 4434 
4981 14943 
4283 1427 
3112 3112 
4777 1591 
3171 3171 
1627 4881 
1375 4125 
4478 1492 
348 1044 
1816 1816 
1469 4407 
315 104 
659 219 
1929 642 
52 156 
2820 2820 
1510 4530 
3173 3173 
1683 1683 
1902 5706 
2505 834 
4355 1451 
1970 1970 
1985 1985 
3271 1089 
4947 14841 
4893 1630 
4008 1335 
3222 3222 
2133 2133 
3032 1010 
4423 13269 
2378 2378 
884 294 
4639 13917 
3292 3292 
2304 6912 
4679 14037 
2112 2112 
253 83 
1258 418 
3767 1255 
3643 10929 
1851 1851 
2333 2333 
2183 2183 
1201 399 
589 1767 
2488 828 
829 2487 
4309 12927 
2849 2849 
2395 2395 
3214 9642 
2283 6849 
4028 12084 
2012 670 
1005 334 
2214 2214 
3880 1292 
4565 1521 
2310 2310 
3015 3015 
3833 11499 
3320 3320 
30 9 
1073 357 
2393 2393 
1772 5316 
243 80 
2200 732 
330 109 
1903 1903 
2468 2468 
570 189 
4668 1555 
1930 1930 
3680 1226 
3661 1219 
1819 1819 
2053 2053 
2831 943 
1227 408 
3606 10818 
1166 3498 
2465 2465 
167 501 
1537 511 
1970 5910 
1992 1992 
1823 1823 
819 2457 
2637 878 
3052 3052 
3409 10227 
3824 11472 
806 2418 
1353 450 
3505 1167 
4359 1452 
1989 1989 
2855 951 
2372 2372 
2050 2050 
3119 1039 
2822 2822 
3082 3082 
2857 2857 
2801 2801 
1633 4899 
1584 527 
624 1872 
4990 14970 
2676 891 
2080 2080 
3311 3311 
2138 6414 
2232 6696 
3804 1267 
2268 2268 
3149 9447 
1010 3030 
1352 450 
1858 1858 
2569 2569 
2916 2916 
830 276 
3264 3264 
3096 3096 
3331 3331 
1691 1691 
4930 14790 
2473 2473 
1778 5334 
2967 2967 
2939 2939 
3447 1148 
165 495 
1537 4611 
2463 2463 
2926 8778 
2984 2984 
840 279 
4241 12723 
2837 2837 
2576 2576 
533 1599 
3374 1124 
1942 1942 
937 2811 
1301 433 
2356 7068 
770 2310 
1506 4518 
2383 2383 
4430 1476 
1853 1853 
3968 1322 
2521 7563 
3378 10134 
2876 8628 
2327 2327 
4810 14430 
786 2358 
3083 3083 
1884 1884 
1299 432 
2256 751 
1895 1895 
2354 2354 
2230 6690 
929 2787 
2575 857 
2700 2700 
4962 14886 
4207 1401 
2185 2185 
1711 5133 
1515 504 
4832 14496 
2076 2076 
4829 14487 
3013 3013 
3033 1010 
19 57 
2068 2068 
2664 7992 
2512 7536 
2682 2682 
2303 767 
320 960 
1736 578 
4308 12924 
311 103 
4907 1635 
3305 9915 
1290 3870 
3987 1328 
213 639 
2684 2684 
3199 9597 
266 798 
981 2943 
1006 334 
3810 11430 
3848 1282 
2842 2842 
1871 1871 
2644 880 
3219 3219 
2224 2224 
1756 584 
3051 3051 
2574 857 
4324 1440 
877 291 
2601 2601 
1110 3330 
3328 1108 
97 31 
968 2904 
4686 14058 
1748 582 
3324 1107 
1704 1704 
2999 999 
4413 1470 
2683 2683 
687 2061 
1687 5061 
3697 11091 
4050 1349 
2977 2977 
2443 7329 
3828 1275 
2876 958 
2903 2903 
3665 10995 
2004 2004 
4937 1645 
2738 2738 
2449 2449 
2022 6066 
2328 2328 
2034 2034 
1956 1956 
823 2469 
4879 1625 
1719 1719 
1793 5379 
906 301 
719 239 
3463 1153 
3157 9471 
1074 3222 
2141 2141 
782 260 
2792 2792 
2207 2207 
3165 9495 
1612 536 
417 1251 
2349 7047 
2717 2717 
713 2139 
2796 8388 
245 81 
2087 2087 
3123 3123 
1172 3516 
3446 1148 
2834 8502 
1105 3315 
1392 4176 
3431 10293 
1966 1966 
861 286 
4778 1592 
4189 12567 
1721 5163 
2447 7341 
3150 9450 
202 606 
2580 2580 
2517 838 
2582 2582 
1502 500 
2826 2826 
3754 1250 
4939 14817 
2147 715 
2617 871 
2729 909 
4692 14076 
71 23 
4882 1626 
741 2223 
3117 3117 
4846 14538 
1959 1959 
3922 1306 
3975 11925 
900 299 
2634 877 
2612 2612 
2171 2171 
2124 2124 
3784 1260 
2661 7983 
1960 5880 
2123 6369 
382 126 
2591 2591 
1214 3642 
2281 759 
3647 1215 
2654 2654 
2989 8967 
962 320 
3185 3185 
2033 2033 
211 633 
1473 4419 
2497 7491 
4669 14007 
379 1137 
3346 1114 
1885 1885 
1888 1888 
2983 8949 
2198 2198 
3071 3071 
1539 512 
1149 382 
1854 5562 
4150 1382 
2409 7227 
4082 12246 
2158 2158 
2635 7905 
334 110 
2426 808 
1939 645 
1338 4014 
3215 9645 
4215 1404 
3146 3146 
1778 1778 
2161 2161 
2434 810 
865 287 
2426 7278 
3300 3300 
3199 3199 
4097 1365 
2750 2750 
3921 11763 
3922 11766 
3383 1127 
1001 3003 
2811 8433 
3306 3306 
1374 457 
1027 341 
4209 1402 
1869 1869 
4062 1353 
2130 2130 
2030 6090 
4239 12717 
1855 1855 
4661 1553 
990 329 
2207 735 
4842 14526 
3098 3098 
494 1482 
637 211 
250 82 
3279 1092 
2701 2701 
2054 2054 
2880 2880 
1707 1707 
4248 12744 
935 311 
763 253 
4386 13158 
2145 2145 
306 101 
3109 3109 
2482 2482 
1999 1999 
404 134 
3869 1289 
2200 2200 
3245 3245 
602 200 
2021 2021 
1875 1875 
2477 2477 
4508 13524 
2132 2132 
2476 2476 
2117 705 
2389 2389 
4299 1432 
1101 366 
2974 2974 
3008 1002 
1179 392 
3439 1145 
4707 1568 
2096 2096 
3783 11349 
2548 2548 
2243 6729 
3252 3252 
2934 2934 
4570 1522 
807 268 
1960 1960 
2037 6111 
2509 835 
4846 1614 
2980 8940 
2315 2315 
2676 2676 
3971 1323 
2963 2963 
4592 13776 
938 2814 
3757 1251 
1645 4935 
1720 1720 
3243 9729 
2767 2767 
2222 2222 
2866 954 
2450 2450 
1991 5973 
3168 3168 
2492 2492 
3764 1254 
1721 1721 
4500 1499 
4752 1583 
3640 10920 
4450 13350 
2692 2692 
2187 2187 
3645 10935 
3600 1199 
2007 2007 
3220 3220 
1085 3255 
2271 2271 
2186 2186 
2263 2263 
1895 5685 
2627 2627 
2840 2840 
3198 3198 
1197 398 
3876 1291 
836 278 
3298 1098 
4329 12987 
2762 920 
1201 3603 
2899 2899 
3906 11718 
1995 1995 
1874 1874 
3690 1229 
467 1401 
1864 1864 
1776 5328 
2981 2981 
3239 9717 
635 1905 
3132 3132 
3213 9639 
1187 395 
1264 3792 
3350 1116 
2345 2345 
2143 713 
4680 14040 
2635 877 
2191 2191 
1233 410 
3977 1325 
2637 2637 
4000 1332 
742 246 
4739 1579 
2012 2012 
2216 2216 
2228 6684 
2204 734 
2956 8868 
2113 2113 
2451 2451 
524 1572 
2780 8340 
2968 988 
3106 9318 
2225 6675 
3043 9129 
2070 2070 
305 101 
2823 2823 
1275 3825 
4992 1663 
2460 819 
1355 451 
1563 4689 
2730 2730 
3017 3017 
5000 1666 
3947 1315 
1034 344 
2495 7485 
371 123 
982 2946 
4807 1601 
1931 1931 
1042 346 
4622 13866 
2567 7701 
1242 3726 
1484 4452 
69 207 
1671 1671 
3773 1257 
2337 2337 
1449 4347 
1858 618 
2160 719 
4793 14379 
1351 449 
3834 11502 
2440 2440 
3289 1095 
469 155 
3302 1100 
524 174 
4383 1460 
3130 3130 
3228 3228 
551 1653 
1870 1870 
2489 829 
4831 1609 
1908 1908 
2382 793 
2768 2768 
405 134 
4288 1428 
2356 2356 
2018 2018 
3413 10239 
847 281 
3529 10587 
1454 4362 
1758 1758 
677 2031 
3589 1195 
4963 1653 
2998 2998 
2833 2833 
4353 13059 
4725 1574 
4349 1449 
3396 1131 
1817 605 
1195 397 
2810 2810 
4594 13782 
2828 942 
2236 2236 
1112 370 
2053 683 
1723 1723 
3009 3009 
2848 948 
2397 2397 
3261 3261 
4142 1380 
3957 1318 
1412 4236 
2501 833 
2953 983 
3050 3050 
1157 385 
3086 3086 
4530 13590 
2936 8808 
1899 1899 
2368 7104 
4504 1500 
3277 3277 
2979 2979 
3460 1152 
2727 2727 
746 248 
2874 957 
2846 2846 
772 2316 
1915 1915 
307 101 
4213 1403 
3933 1310 
3180 3180 
4033 1343 
3095 3095 
2212 2212 
1867 1867 
4979 1659 
1169 3507 
4698 1565 
2807 2807 
799 2397 
4026 12078 
1906 5718 
575 1725 
2114 2114 
1020 339 
1636 544 
1351 4053 
2601 7803 
2400 799 
2532 2532 
1583 527 
4589 13767 
2153 2153 
1735 1735 
2347 781 
1738 5214 
3762 11286 
1738 1738 
2975 8925 
4662 1553 
1900 632 
3079 3079 
2880 959 
4395 13185 
738 245 
2917 2917 
1641 4923 
2995 2995 
3380 10140 
2628 875 
2938 8814 
4046 1348 
2779 2779 
2418 2418 
4481 13443 
1848 1848 
3697 1231 
410 1230 
2815 937 
2083 6249 
4473 13419 
554 1662 
2252 6756 
4815 1604 
2326 2326 
775 2325 
4291 12873 
2245 747 
422 140 
2220 739 
2064 687 
2217 2217 
1127 375 
3872 11616 
4850 1616 
2103 6309 
4886 14658 
3885 11655 
3247 3247 
3991 1329 
3046 3046 
3538 10614 
1152 383 
159 477 
2961 2961 
1382 460 
1322 3966 
4452 1483 
1632 4896 
3443 10329 
2011 669 
4437 1478 
2258 2258 
3020 9060 
3244 3244 
1780 592 
2027 2027 
1840 612 
4827 14481 
592 1776 
4605 13815 
4857 14571 
2409 2409 
402 1206 
745 247 
2559 2559 
2290 762 
2611 2611 
3908 1302 
2642 2642 
2908 8724 
1451 4353 
2457 2457 
1728 1728 
3129 3129 
2825 8475 
1954 1954 
2658 885 
1773 1773 
3953 11859 
540 179 
4694 1564 
2574 7722 
2869 955 
4701 1566 
2416 804 
2005 2005 
842 2526 
3936 11808 
2211 2211 
967 2901 
1713 5139 
4424 1474 
1013 3039 
3057 9171 
3869 11607 
4898 1632 
2643 2643 
3263 1087 
2427 2427 
2585 861 
3027 9081 
1832 610 
3164 3164 
3254 1084 
3281 9843 
3895 11685 
2861 2861 
4714 1570 
1241 413 
4691 14073 
2396 2396 
3301 1099 
4927 14781 
2800 2800 
4663 1553 
1765 5295 
3213 3213 
2033 6099 
1087 361 
12 36 
1526 508 
4588 13764 
1962 1962 
236 78 
1874 5622 
1829 609 
1612 4836 
4372 1456 
2895 8685 
3483 10449 
2257 2257 
4842 1613 
4065 1354 
1769 1769 
3838 11514 
3305 3305 
2623 2623 
246 81 
3701 1233 
50 150 
4327 12981 
2181 2181 
2941 979 
3630 10890 
1602 533 
155 51 
1792 1792 
4748 14244 
4281 12843 
3010 9030 
2048 2048 
1175 391 
2586 2586 
2168 2168 
3323 9969 
1055 3165 
1981 1981 
3762 1253 
2328 775 
92 30 
3163 3163 
2255 2255 
2365 2365 
3548 10644 
4897 14691 
1606 4818 
4284 1427 
3014 1004 
1806 5418 
2202 2202 
3213 1070 
3083 1027 
3102 9306 
1837 611 
2390 2390 
1822 1822 
2847 2847 
1809 602 
1768 1768 
1997 665 
1712 1712 
3658 10974 
969 322 
1420 472 
1367 4101 
2590 2590 
2828 2828 
1094 3282 
315 945 
1760 1760 
4006 1334 
2305 767 
2993 2993 
2241 2241 
2025 6075 
1693 1693 
3144 9432 
4565 13695 
2001 2001 
2501 7503 
4216 1404 
1776 591 
993 330 
2407 2407 
2829 8487 
2868 2868 
3264 9792 
1905 1905 
3692 1230 
1934 644 
1568 522 
355 117 
1866 1866 
2577 7731 
1271 3813 
1630 542 
2841 8523 
1965 1965 
4474 1490 
3294 9882 
3952 11856 
2703 900 
2233 2233 
4925 1641 
2986 8958 
3601 10803 
2357 7071 
3073 3073 
3358 1118 
2249 6747 
1574 4722 
2045 2045 
953 317 
2425 2425 
4773 14319 
1611 536 
2475 2475 
1964 1964 
1690 5070 
2531 2531 
1511 503 
273 90 
4708 1568 
160 480 
3490 1162 
1457 485 
2913 8739 
1380 459 
1772 590 
2452 816 
4567 1521 
3707 1235 
1835 5505 
1177 3531 
2895 2895 
2535 2535 
2819 939 
3232 3232 
2887 2887 
2910 2910 
2324 2324 
4572 13716 
545 181 
4659 13977 
2971 2971 
1276 3828 
2543 2543 
501 166 
2232 2232 
2859 952 
2003 667 
1980 659 
1401 466 
1283 3849 
4385 1461 
2379 2379 
2464 2464 
4233 12699 
3014 3014 
553 183 
3415 1137 
1836 1836 
2295 2295 
1913 1913 
2247 6741 
1914 1914 
2547 7641 
3986 11958 
2451 7353 
2598 2598 
2422 2422 
1670 1670 
868 288 
3507 1168 
1003 3009 
3442 1146 
2456 818 
3291 1096 
140 46 
2319 2319 
2243 747 
3011 3011 
2188 2188 
783 2349 
4268 12804 
967 321 
4934 1644 
2919 2919 
2247 2247 
1669 555 
2479 7437 
4186 1394 
1464 4392 
3197 3197 
2483 2483 
1710 1710 
2696 8088 
4132 1376 
3256 3256 
1891 1891 
2890 962 
2769 8307 
2365 787 
2869 8607 
2329 2329 
1881 626 
2467 2467 
2405 801 
4942 1646 
1046 348 
3575 1191 
2391 2391 
2602 2602 
1158 385 
3026 1008 
1186 3558 
1388 462 
2303 6909 
691 2073 
3045 3045 
2230 2230 
1818 1818 
2325 2325 
4723 1573 
1757 585 
1789 1789 
1337 4011 
4031 1343 
2734 8202 
495 1485 
2175 724 
1651 549 
3629 1209 
4260 1419 
2801 8403 
2152 716 
2196 2196 
2488 2488 
2544 847 
3195 3195 
2190 729 
3395 1131 
1226 3678 
2392 796 
3865 1287 
1206 401 
4593 13779 
2225 2225 
283 93 
1688 562 
772 256 
1559 519 
2530 2530 
3086 9258 
3326 9978 
2778 2778 
4330 12990 
2441 813 
2404 800 
3747 1248 
1887 1887 
2884 2884 
1699 1699 
2000 6000 
1364 454 
4193 1397 
252 756 
786 261 
2331 2331 
2117 2117 
1710 5130 
2277 2277 
2193 2193 
1594 530 
2714 2714 
3249 3249 
2213 737 
1016 338 
837 2511 
4779 1592 
1886 1886 
3614 10842 
2863 953 
2814 2814 
464 1392 
3965 1321 
2443 813 
4613 13839 
2036 678 
3727 11181 
1432 476 
3994 1330 
2081 2081 
1775 1775 
1388 4164 
692 230 
2748 915 
3246 9738 
2503 7509 
2470 2470 
2529 842 
1468 4404 
1601 4803 
4872 14616 
2513 7539 
4131 1376 
25 7 
4683 14049 
4743 1580 
4116 1371 
2321 6963 
3978 1325 
1823 5469 
498 165 
2679 2679 
2540 2540 
2609 869 
2616 2616 
4862 14586 
2349 2349 
3390 10170 
2385 7155 
790 262 
2908 2908 
3547 1181 
4664 1554 
1140 379 
3061 3061 
4824 14472 
2716 904 
2302 6906 
2815 2815 
3361 1119 
2739 2739 
2083 693 
1695 1695 
2789 2789 
243 729 
1884 627 
2667 2667 
1945 1945 
3568 1188 
650 1950 
1871 5613 
3096 9288 
720 2160 
3094 1030 
2540 846 
3174 3174 
3200 3200 
1348 4044 
4071 12213 
229 687 
3658 1218 
437 145 
3036 9108 
1940 1940 
3426 10278 
1713 570 
4267 12801 
1831 609 
3143 9429 
1555 4665 
3023 3023 
2595 2595 
2931 976 
4692 1563 
3304 1100 
1475 491 
1795 5385 
3235 9705 
1968 5904 
3016 1004 
3689 1229 
838 2514 
3124 3124 
2958 2958 
4056 1351 
143 47 
4326 1441 
2461 2461 
4759 14277 
246 738 
3113 3113 
3567 1188 
289 95 
2191 729 
2743 2743 
4164 12492 
2248 2248 
3556 10668 
1727 5181 
3163 1053 
64 192 
1049 3147 
2698 8094 
3030 3030 
1056 3168 
1754 1754 
2278 6834 
3282 1093 
2812 936 
717 2151 
2373 2373 
2040 2040 
4116 12348 
2489 2489 
3733 1243 
1406 468 
1785 5355 
3229 1075 
4009 1335 
2791 929 
3132 1043 
3011 9033 
2689 895 
3997 1331 
1876 624 
4273 1423 
2571 2571 
3631 10893 
90 29 
831 2493 
631 1893 
1730 5190 
1876 1876 
2441 7323 
3900 11700 
3039 1012 
2849 949 
926 2778 
1896 5688 
2508 835 
2471 2471 
2520 839 
3840 11520 
2656 7968 
923 2769 
2940 2940 
1090 3270 
449 1347 
170 510 
15 45 
2777 925 
3364 1120 
2950 2950 
916 2748 
1204 3612 
509 1527 
2004 667 
4889 1629 
2877 2877 
3711 1236 
2439 7317 
1577 4731 
3208 3208 
1402 4206 
2776 924 
2948 2948 
429 1287 
2896 8688 
5002 1666 
3031 3031 
3104 3104 
2123 2123 
1807 5421 
3170 3170 
2083 2083 
3122 3122 
4018 12054 
2294 2294 
1673 1673 
5 1 
2032 6096 
3949 1315 
3342 1113 
1094 364 
1255 3765 
4456 1484 
2584 860 
3931 1309 
768 2304 
729 242 
3243 3243 
528 1584 
3446 10338 
1382 4146 
1639 545 
4574 1524 
3036 1011 
4899 14697 
4337 1445 
2204 2204 
1124 3372 
31 93 
3217 1071 
1705 1705 
3094 9282 
3018 9054 
2219 2219 
2499 2499 
304 100 
1037 3111 
3223 1073 
151 453 
247 81 
2127 2127 
2613 870 
4141 1379 
445 147 
3276 1091 
1726 574 
2359 7077 
533 177 
65 21 
3642 1213 
4244 1414 
3638 1212 
1139 379 
2914 8742 
4867 14601 
3441 10323 
4460 1486 
4428 1475 
2409 802 
1223 407 
2994 2994 
2970 989 
3037 9111 
4075 1357 
2954 2954 
2568 2568 
2476 824 
382 1146 
3126 3126 
3905 1301 
2035 2035 
4372 13116 
2560 2560 
1918 1918 
2474 7422 
2419 2419 
3206 3206 
1628 4884 
897 298 
3289 3289 
2960 2960 
4245 1414 
4893 14679 
4362 13086 
2155 2155 
2806 2806 
4965 1654 
2782 926 
3310 3310 
1074 357 
1690 1690 
4114 12342 
1132 3396 
2279 2279 
333 999 
3626 10878 
3068 3068 
1446 4338 
1958 5874 
1643 547 
505 167 
2530 842 
3216 3216 
2552 7656 
1004 334 
2533 2533 
191 63 
773 257 
3386 1128 
1192 396 
127 381 
1815 1815 
2638 2638 
1901 5703 
3230 3230 
4713 14139 
4290 12870 
703 233 
2507 2507 
4316 1438 
3210 1069 
4253 1417 
4173 1390 
2841 2841 
3072 1023 
4845 1614 
2863 2863 
3537 10611 
3145 9435 
1678 558 
2399 2399 
3091 3091 
3325 3325 
1066 3198 
3670 11010 
2144 2144 
4049 1349 
1529 4587 
1921 5763 
3191 1063 
4767 1588 
500 1500 
2573 7719 
4837 14511 
4653 13959 
4533 13599 
3116 3116 
902 300 
506 168 
3232 9696 
2884 8652 
2657 885 
2254 2254 
3902 11706 
3278 9834 
1558 4674 
3057 3057 
4856 1618 
4492 13476 
2534 2534 
2691 2691 
458 1374 
2292 763 
2359 2359 
4708 14124 
1391 463 
2106 701 
3266 1088 
1138 3414 
121 363 
1764 1764 
3184 3184 
1440 479 
3496 10488 
1698 565 
1134 3402 
2632 2632 
4923 14769 
2996 2996 
3038 3038 
2125 2125 
2818 2818 
208 68 
690 2070 
4921 1639 
2686 894 
1655 4965 
4887 14661 
2802 2802 
2646 2646 
1455 4365 
2622 2622 
3275 9825 
3581 10743 
1924 5772 
4422 1473 
1776 1776 
2400 2400 
3528 10584 
3330 3330 
3276 3276 
3250 3250 
2253 2253 
487 161 
4345 1447 
3611 1203 
4663 13989 
4953 14859 
3323 3323 
1995 5985 
3981 11943 
3074 3074 
1841 5523 
2681 893 
828 275 
2149 715 
1587 4761 
276 828 
2603 867 
666 1998 
1807 1807 
2314 770 
287 95 
2516 2516 
1703 1703 
2693 2693 
4570 13710 
3644 10932 
2016 2016 
2308 2308 
669 222 
3920 1306 
344 1032 
157 471 
2564 2564 
3634 1210 
3474 10422 
1919 1919 
2093 697 
2724 2724 
755 2265 
2038 2038 
3103 3103 
2187 728 
2384 2384 
2470 7410 
2989 2989 
2422 7266 
2871 2871 
2807 8421 
48 144 
2336 2336 
2370 7110 
45 135 
3646 1214 
3969 1322 
2341 2341 
2094 2094 
3225 3225 
4232 1410 
3291 9873 
2429 2429 
239 79 
57 18 
1657 4971 
3890 11670 
1849 1849 
3234 3234 
1679 559 
2585 2585 
783 260 
2391 796 
3035 3035 
2681 2681 
2350 2350 
2766 2766 
