5000 3000
715 237 
4362 13086 
760 2280 
2846 948 
2103 6309 
2953 2953 
1010 3030 
2591 7773 
153 50 
3659 10977 
691 2073 
438 145 
3528 10584 
2830 8490 
1793 1793 
2059 2059 
148 48 
2223 2223 
2860 2860 
931 2793 
1708 1708 
1330 442 
2227 6681 
1411 469 
2976 2976 
4339 13017 
2355 7065 
3788 1262 
2337 778 
2516 838 
1565 521 
3117 3117 
3641 1213 
4902 14706 
4120 1372 
2032 676 
111 36 
3525 1174 
3019 9057 
3425 10275 
1333 3999 
299 897 
2964 2964 
2106 2106 
3261 1086 
3272 1090 
2442 2442 
2747 915 
14 42 
3800 11400 
1745 5235 
2285 2285 
3875 1291 
4321 1439 
4019 1339 
4681 1559 
2185 6555 
2437 2437 
2309 769 
2791 929 
2007 2007 
1659 4977 
1 3 
3724 1240 
3016 1004 
3090 3090 
1690 1690 
2710 2710 
2847 2847 
1643 4929 
2056 684 
3186 3186 
2344 7032 
2395 2395 
4927 14781 
963 2889 
2055 2055 
3797 1265 
2334 2334 
2993 2993 
2518 2518 
1164 387 
1957 1957 
2556 851 
1955 651 
1710 1710 
4843 1613 
4127 1375 
1953 1953 
3415 1137 
2692 2692 
3156 9468 
4464 13392 
3376 10128 
2386 2386 
141 46 
4776 1591 
632 210 
2279 2279 
2522 840 
2840 8520 
2971 989 
3486 1161 
4349 13047 
1946 1946 
2626 874 
782 2346 
1578 525 
4199 12597 
4437 1478 
1517 505 
774 257 
3854 1284 
188 564 
4178 12534 
2216 6648 
4007 12021 
981 326 
1601 4803 
3224 3224 
2482 2482 
3552 10656 
2528 2528 
3224 1074 
4513 13539 
2712 2712 
1684 1684 
3418 10254 
4721 14163 
1654 4962 
3011 9033 
3843 1280 
2008 2008 
2538 2538 
2729 8187 
49 147 
2792 8376 
1887 5661 
357 1071 
187 561 
4101 1366 
1805 1805 
3116 3116 
4156 12468 
4469 13407 
2323 2323 
2420 806 
1671 1671 
1857 1857 
1909 1909 
4202 12606 
1839 612 
2202 6606 
3677 1225 
2664 2664 
2353 2353 
3645 10935 
2704 2704 
4954 1650 
4041 1346 
2694 2694 
4509 13527 
3311 1103 
2535 2535 
4100 1366 
2973 2973 
4552 13656 
2970 8910 
1826 608 
146 48 
2019 6057 
3703 11109 
2382 793 
1961 1961 
3316 3316 
79 25 
1902 633 
4204 12612 
4239 12717 
2879 2879 
1113 3339 
4615 13845 
2229 742 
2613 870 
2152 2152 
3292 3292 
3481 1159 
1734 1734 
3281 3281 
572 1716 
4433 13299 
2230 2230 
1191 3573 
3273 3273 
1706 1706 
3145 3145 
4871 14613 
1272 423 
1934 1934 
4812 1603 
2736 2736 
1926 641 
2743 2743 
3306 1101 
2675 2675 
2065 2065 
1849 615 
60 19 
2329 2329 
2734 8202 
3243 3243 
309 102 
2402 2402 
2946 2946 
2049 682 
3149 3149 
833 2499 
2156 2156 
4562 1520 
3206 3206 
4035 12105 
2539 7617 
51 16 
2966 8898 
1003 3009 
1986 5958 
3151 3151 
1466 488 
4452 13356 
1783 593 
3265 1087 
1692 1692 
1856 5568 
4851 14553 
3902 1300 
2035 2035 
3098 3098 
2897 8691 
4960 1652 
3195 3195 
1682 1682 
2720 906 
1391 463 
647 215 
4984 14952 
1579 525 
2358 2358 
2226 6678 
1789 1789 
2488 7464 
4294 12882 
2465 2465 
2926 2926 
1862 5586 
2945 8835 
1880 5640 
2992 8976 
3256 1084 
4683 1560 
1679 1679 
2312 2312 
1859 619 
2887 2887 
4524 1507 
2240 2240 
2854 8562 
2126 2126 
2757 918 
4652 13956 
2955 2955 
1950 5850 
2206 2206 
1237 3711 
2992 996 
2578 7734 
1235 411 
143 47 
3967 11901 
3064 9192 
321 106 
1179 392 
1758 585 
620 1860 
3307 3307 
27 81 
2216 2216 
4839 14517 
2873 2873 
2032 2032 
2615 7845 
4745 1581 
4992 1663 
3325 3325 
4933 1643 
2592 863 
1960 1960 
3029 3029 
121 363 
2757 8271 
1048 348 
3197 3197 
2801 2801 
522 1566 
3012 3012 
2228 2228 
2383 793 
2283 2283 
1762 1762 
3362 1120 
3215 3215 
3280 9840 
775 257 
4094 1364 
3559 10677 
613 1839 
4699 1565 
2500 2500 
4494 13482 
3157 1051 
2762 2762 
4269 12807 
3175 9525 
1711 1711 
397 131 
2415 804 
1882 626 
614 204 
2741 2741 
112 36 
2762 920 
1033 3099 
3673 11019 
4429 13287 
752 250 
4258 12774 
1894 630 
456 1368 
2136 2136 
2319 6957 
1966 654 
542 1626 
4937 1645 
3850 11550 
2213 737 
4008 12024 
2767 2767 
2313 770 
3218 3218 
4560 1519 
2895 964 
3449 1149 
3742 1246 
1703 5109 
2610 7830 
2861 8583 
1665 4995 
840 2520 
304 912 
2552 2552 
2786 8358 
327 981 
2693 2693 
905 2715 
1174 3522 
4378 1458 
1304 3912 
2345 7035 
3157 9471 
2805 2805 
2389 2389 
4412 1470 
2339 779 
4917 1638 
3255 1084 
1274 424 
3243 1080 
1353 4059 
1830 609 
1471 4413 
2044 2044 
79 237 
2078 2078 
2575 857 
1340 446 
2434 2434 
945 2835 
146 438 
3326 3326 
2475 7425 
3213 3213 
2069 689 
2510 2510 
3091 3091 
312 103 
2758 2758 
2989 2989 
2211 2211 
1954 5862 
3731 11193 
2251 2251 
957 2871 
1904 1904 
2934 2934 
2372 2372 
1846 1846 
3015 3015 
2974 2974 
1759 5277 
1896 1896 
3146 3146 
1296 431 
1862 1862 
1900 632 
2137 2137 
4183 1393 
1343 4029 
2502 2502 
4141 12423 
280 92 
1815 1815 
633 210 
2145 2145 
2544 2544 
2220 6660 
4955 1651 
1657 4971 
4057 1351 
2201 6603 
3815 1271 
3314 3314 
144 47 
2123 6369 
3046 1014 
4896 14688 
4148 1382 
2914 8742 
3494 10482 
1446 4338 
1555 517 
1780 592 
2467 2467 
4034 1344 
4443 1480 
4850 14550 
669 2007 
2710 902 
2634 7902 
4823 1607 
2513 7539 
1014 337 
2273 757 
1374 4122 
2058 6174 
322 966 
3654 10962 
1707 568 
2960 8880 
2240 6720 
3030 3030 
2917 8751 
2368 7104 
1779 592 
2682 2682 
900 299 
2145 6435 
3093 3093 
2916 2916 
106 318 
3033 3033 
3962 11886 
1873 1873 
4860 14580 
4920 14760 
928 308 
292 96 
4948 14844 
2130 709 
4528 13584 
83 249 
2190 2190 
1329 3987 
2351 7053 
66 198 
574 190 
3383 10149 
4807 14421 
2715 2715 
1771 1771 
3846 11538 
2173 2173 
518 1554 
565 1695 
2260 2260 
614 1842 
2906 8718 
4004 1334 
1754 5262 
3496 10488 
3871 1289 
498 1494 
4901 1633 
3171 3171 
4882 1626 
2408 2408 
3279 3279 
704 234 
3031 1009 
4304 1434 
1454 4362 
2806 934 
3450 1149 
127 41 
2052 2052 
2159 6477 
1916 1916 
3072 3072 
3120 1039 
3068 1022 
3492 10476 
4441 13323 
3062 1020 
1178 392 
4301 12903 
1810 1810 
3069 3069 
2745 2745 
1952 1952 
3856 11568 
2416 804 
2012 670 
1412 4236 
3698 11094 
2675 891 
1813 1813 
2800 932 
1969 655 
2022 2022 
1250 3750 
557 185 
2476 2476 
2621 2621 
1084 360 
3039 9117 
456 151 
1678 1678 
3247 1081 
3408 10224 
2086 694 
2490 2490 
3817 1271 
2044 680 
3248 3248 
4029 1342 
3824 11472 
2036 2036 
2268 2268 
1796 1796 
198 65 
1956 1956 
3190 3190 
1476 4428 
2579 2579 
1753 5259 
3446 10338 
4633 1543 
505 167 
436 144 
4887 14661 
3263 3263 
3068 3068 
3266 9798 
1808 1808 
3929 1309 
114 37 
2413 803 
1441 479 
2827 2827 
462 153 
4279 12837 
3108 3108 
787 2361 
3869 11607 
4934 14802 
2603 867 
2760 2760 
2863 2863 
366 121 
1974 1974 
2115 2115 
4492 1496 
4085 1361 
4097 12291 
1835 1835 
697 231 
4550 1516 
4474 1490 
416 138 
1879 1879 
2412 7236 
3353 10059 
4415 1471 
2995 2995 
2806 8418 
553 1659 
577 191 
2254 2254 
1991 1991 
1211 403 
2842 946 
2868 8604 
3484 10452 
1698 1698 
4131 12393 
2215 2215 
737 2211 
1075 3225 
2336 2336 
2203 2203 
385 1155 
1438 478 
4129 1375 
2291 2291 
3080 9240 
2889 8667 
587 1761 
4088 1362 
2782 2782 
743 2229 
1844 614 
1868 1868 
3810 11430 
4769 14307 
2547 848 
2586 861 
3184 9552 
3737 11211 
2513 2513 
2070 6210 
2393 7179 
946 314 
2284 2284 
2678 2678 
2503 833 
115 37 
1486 494 
213 70 
3580 10740 
3009 3009 
1500 499 
3276 3276 
2074 6222 
3935 11805 
6 1 
2867 2867 
130 390 
1709 5127 
1221 3663 
355 117 
2154 2154 
2221 2221 
1750 1750 
1302 433 
739 245 
2036 678 
275 91 
3178 3178 
2309 6927 
2017 2017 
2171 2171 
2880 2880 
2539 2539 
2575 2575 
1970 1970 
3114 9342 
2519 839 
3234 3234 
4919 14757 
4977 14931 
1531 4593 
1842 1842 
599 1797 
4061 1353 
2751 2751 
3097 1031 
2460 2460 
2677 891 
439 145 
2450 7350 
1990 1990 
1443 480 
3305 3305 
1986 661 
2887 8661 
2821 2821 
2089 6267 
3685 11055 
2299 2299 
3872 11616 
473 1419 
2972 2972 
50 150 
471 1413 
4519 13557 
2720 2720 
803 2409 
3328 3328 
4303 1433 
3790 1262 
4632 13896 
1459 485 
2262 2262 
1825 1825 
4970 14910 
735 2205 
3271 1089 
1119 3357 
1712 5136 
1718 572 
2015 2015 
2057 2057 
515 1545 
3048 3048 
1313 437 
3440 10320 
3020 1006 
4502 1500 
1291 429 
1800 599 
2141 2141 
4806 1601 
4940 14820 
1447 4341 
688 228 
3771 11313 
1709 1709 
3650 10950 
2138 712 
3751 1249 
3097 3097 
1721 1721 
4299 1432 
2473 7419 
334 110 
2490 829 
2320 2320 
1680 1680 
2471 2471 
2854 2854 
1656 551 
286 858 
4581 1526 
1751 1751 
3575 1191 
2378 7134 
2426 2426 
4756 1584 
830 2490 
1338 4014 
1420 472 
4350 1449 
4194 1397 
761 2283 
3891 11673 
2249 2249 
2438 2438 
3275 3275 
2905 2905 
2697 2697 
2580 2580 
4914 14742 
4837 1611 
3406 1134 
2838 8514 
3027 9081 
1889 5667 
332 996 
3258 3258 
2771 2771 
3192 3192 
4966 14898 
598 1794 
706 234 
3287 3287 
2349 782 
3572 1190 
1792 1792 
1357 451 
3561 1186 
408 1224 
223 669 
4838 1612 
4157 12471 
2444 2444 
2908 8724 
1785 5355 
3897 1298 
1363 453 
2547 2547 
3173 9519 
3232 1076 
2670 8010 
2533 7599 
4315 1437 
2305 2305 
2427 2427 
1529 509 
1937 5811 
4351 13053 
532 176 
2113 2113 
965 321 
2408 802 
3233 3233 
1877 1877 
869 289 
523 1569 
1305 434 
2111 2111 
3274 3274 
1973 1973 
4788 1595 
1281 426 
2900 2900 
2693 897 
291 873 
2631 2631 
2951 983 
1831 609 
2689 2689 
4033 12099 
1422 473 
1491 4473 
4910 1636 
4817 1605 
2525 2525 
2379 2379 
2911 2911 
1757 1757 
2588 2588 
2105 2105 
1902 5706 
4270 12810 
2970 2970 
1407 4221 
1811 1811 
4364 1454 
2289 2289 
3476 1158 
2321 2321 
3539 10617 
173 519 
291 96 
2783 2783 
2133 710 
727 241 
4610 13830 
4356 1451 
3671 1223 
4135 1377 
889 295 
1454 484 
4170 12510 
2164 2164 
1924 1924 
2400 2400 
1376 4128 
2339 2339 
832 2496 
4312 12936 
3138 3138 
2371 2371 
2698 898 
3210 3210 
2157 2157 
1312 3936 
3682 11046 
1280 426 
2663 887 
2466 2466 
853 2559 
2397 2397 
2275 2275 
269 89 
3265 9795 
3999 11997 
4500 13500 
3101 3101 
2777 2777 
1777 5331 
2657 2657 
2229 2229 
2185 2185 
4090 1362 
1771 589 
3490 1162 
2226 2226 
2459 2459 
2447 2447 
681 2043 
2401 2401 
3692 1230 
3991 11973 
4525 1507 
2859 2859 
2199 2199 
2522 2522 
1163 3489 
2489 829 
2666 2666 
3022 3022 
1944 5832 
1754 1754 
3134 3134 
1810 5430 
2884 2884 
2274 6822 
1284 3852 
2435 2435 
1023 3069 
2957 2957 
1789 595 
3261 3261 
4838 14514 
2598 7794 
1965 1965 
2942 2942 
2574 2574 
2548 2548 
4428 13284 
476 1428 
4882 14646 
742 246 
469 155 
285 855 
4456 1484 
4323 1440 
2568 2568 
301 99 
4589 13767 
2990 8970 
1736 5208 
3259 3259 
329 109 
3377 1125 
1597 4791 
3890 1296 
2440 2440 
2371 7113 
2328 6984 
3304 3304 
2493 2493 
449 1347 
4897 1631 
1104 367 
1923 5769 
4743 1580 
2627 7881 
2474 2474 
1795 597 
3658 1218 
4224 1407 
3310 1102 
621 206 
2731 909 
575 191 
3770 11310 
3024 3024 
2326 2326 
2388 2388 
2556 2556 
2681 8043 
1031 343 
4705 1567 
2083 2083 
1637 4911 
3 9 
1883 5649 
3697 11091 
1726 574 
155 51 
1017 338 
4122 1373 
3070 3070 
2367 2367 
4058 12174 
118 38 
2671 2671 
3143 3143 
1644 547 
2465 7395 
1218 405 
2296 6888 
3165 1054 
2512 836 
2322 2322 
2276 2276 
2788 2788 
3057 1018 
2787 2787 
3264 3264 
795 2385 
2445 2445 
4707 14121 
3304 9912 
1381 4143 
2941 979 
4994 1664 
3463 10389 
1493 497 
2719 2719 
3851 11553 
3712 1236 
1921 1921 
2708 8124 
2540 7620 
1916 5748 
2969 2969 
738 245 
2409 2409 
2506 2506 
4758 1585 
2646 881 
3042 3042 
2304 2304 
618 205 
4015 12045 
1992 5976 
2103 2103 
682 226 
4032 1343 
115 345 
774 2322 
2006 2006 
2651 7953 
1581 4743 
998 332 
4159 1385 
1036 344 
2108 6324 
2834 2834 
1598 532 
1988 662 
1978 658 
498 165 
388 128 
4609 13827 
3414 1137 
3191 1063 
3298 9894 
751 249 
2904 2904 
1557 4671 
4230 1409 
1907 1907 
2662 886 
3387 1128 
1832 1832 
2875 2875 
1697 1697 
1851 1851 
1773 1773 
3265 3265 
1020 3060 
2991 996 
4470 13410 
2920 2920 
2661 2661 
3141 3141 
823 2469 
2068 6204 
3150 1049 
2029 6087 
1540 4620 
3440 1146 
514 170 
2488 2488 
2298 2298 
4657 13971 
3899 11697 
2043 2043 
2699 2699 
2154 717 
1867 1867 
4255 1417 
2355 2355 
2418 2418 
3379 10137 
1026 3078 
2020 6060 
3734 1244 
405 134 
3113 9339 
1377 4131 
890 2670 
1523 4569 
3036 1011 
2835 8505 
4002 12006 
3941 11823 
2703 2703 
1715 571 
2789 2789 
466 1398 
4118 1372 
3160 1052 
2315 771 
4681 14043 
4746 1581 
3152 1050 
987 2961 
2143 2143 
2064 6192 
385 127 
62 20 
3118 9354 
1251 3753 
2606 2606 
4569 13707 
917 305 
2836 2836 
2437 7311 
2054 6162 
627 208 
3310 3310 
850 282 
2211 6633 
2923 2923 
2190 729 
1083 360 
2187 2187 
4785 14355 
1987 1987 
2804 2804 
1000 332 
1607 535 
3253 1083 
1698 565 
2291 763 
2374 790 
1157 3471 
2598 2598 
2438 812 
1983 1983 
2757 2757 
1795 1795 
3043 1013 
3319 1105 
2203 6609 
3756 11268 
2385 2385 
3324 1107 
4720 1572 
4047 1348 
4826 14478 
3812 1270 
3208 3208 
1519 505 
1383 4149 
811 2433 
1809 1809 
3152 3152 
3245 1081 
4493 13479 
3251 3251 
1854 617 
2874 8622 
2306 6918 
4717 14151 
3560 1186 
806 2418 
2530 2530 
2737 911 
930 309 
3784 1260 
3431 10293 
537 178 
1131 376 
2986 994 
3030 1009 
4379 1459 
2973 8919 
2119 705 
974 2922 
2431 2431 
3054 9162 
2359 2359 
2923 973 
2628 2628 
3059 3059 
2336 7008 
952 316 
3035 3035 
1634 4902 
3467 1155 
2243 747 
3690 11070 
1171 389 
857 2571 
2384 2384 
2229 6687 
1170 389 
4810 14430 
1634 544 
1618 4854 
2472 823 
3140 1046 
4079 1359 
846 281 
1482 493 
3191 9573 
950 2850 
3297 3297 
1345 4035 
1802 5406 
1844 1844 
707 2121 
4767 1588 
2357 785 
1897 1897 
451 1353 
4890 14670 
2991 2991 
2122 706 
3196 3196 
2507 7521 
2209 735 
2802 933 
2921 2921 
3947 11841 
4153 12459 
4619 13857 
3738 11214 
2497 2497 
4559 13677 
2064 2064 
116 38 
3576 10728 
4810 1602 
2744 2744 
4022 1340 
508 168 
2708 2708 
2578 2578 
2601 7803 
3269 3269 
2597 2597 
1979 1979 
3284 3284 
45 135 
4767 14301 
3099 3099 
5 15 
2497 7491 
2822 940 
1874 1874 
2999 2999 
3100 3100 
414 137 
2146 2146 
3317 1105 
3255 3255 
2981 993 
714 237 
1175 3525 
3170 3170 
3188 3188 
1775 1775 
73 23 
123 369 
2812 2812 
2380 792 
2656 2656 
3512 10536 
4344 13032 
4531 1509 
3574 10722 
1881 626 
4522 1506 
2841 2841 
84 27 
799 2397 
3320 3320 
3646 1214 
1978 1978 
1930 642 
2649 2649 
1311 3933 
4578 13734 
2485 827 
2028 2028 
2902 2902 
3586 10758 
2840 2840 
4679 14037 
1886 1886 
4482 1493 
3253 9759 
2132 2132 
3789 11367 
2679 2679 
1906 1906 
18 5 
3253 3253 
3266 1088 
2764 2764 
450 1350 
3317 3317 
1268 3804 
2839 2839 
2206 6618 
1759 1759 
1764 1764 
2373 7119 
1723 1723 
2329 6987 
3267 1088 
2768 2768 
2909 2909 
4094 12282 
1733 1733 
445 147 
3491 1163 
3787 11361 
3220 1072 
2344 780 
3071 3071 
3034 9102 
3634 10902 
1154 3462 
1730 1730 
3155 3155 
3123 9369 
2735 2735 
1519 4557 
1324 3972 
2030 2030 
4052 1350 
2791 2791 
2356 2356 
3230 3230 
1683 1683 
4635 13905 
2162 2162 
1013 3039 
3848 1282 
2480 826 
1336 4008 
2763 8289 
2851 2851 
1427 475 
431 143 
112 336 
264 87 
2455 7365 
4804 1600 
2352 2352 
2237 2237 
2441 7323 
2096 2096 
101 33 
1444 480 
1776 1776 
2363 2363 
1535 4605 
2075 6225 
3164 3164 
417 1251 
2125 2125 
3912 1303 
2452 2452 
3626 10878 
401 1203 
499 1497 
2534 2534 
1819 605 
2454 7362 
1823 1823 
2489 2489 
1591 529 
927 308 
3287 1095 
2728 8184 
2365 2365 
3086 3086 
2327 775 
4737 1578 
1382 4146 
4275 12825 
4798 14394 
463 1389 
1366 4098 
3240 3240 
2953 983 
3083 3083 
4367 1455 
2684 2684 
4890 1629 
2302 6906 
2305 6915 
1075 357 
1641 4923 
1346 4038 
4209 12627 
2081 693 
4295 1431 
2424 807 
4166 12498 
2047 2047 
4551 13653 
3412 10236 
71 213 
2831 2831 
4557 13671 
3741 11223 
3174 3174 
923 2769 
1965 5895 
4319 1439 
2666 7998 
1756 1756 
3208 1068 
2872 2872 
3044 1014 
380 1140 
2014 2014 
975 2925 
4152 1383 
2375 2375 
460 152 
3689 1229 
1878 1878 
2728 2728 
2515 837 
4448 13344 
3553 1183 
4350 13050 
1927 1927 
863 287 
1786 1786 
4220 12660 
2835 944 
2259 6777 
733 2199 
4516 13548 
2479 825 
2637 7911 
2541 7623 
1881 1881 
533 177 
2424 2424 
280 840 
1536 511 
3418 1138 
1865 5595 
2267 2267 
2951 2951 
2845 8535 
4550 13650 
2198 2198 
3514 10542 
1787 5361 
2636 2636 
331 109 
859 285 
1951 1951 
1930 5790 
4990 14970 
2152 716 
1389 462 
981 2943 
1558 4674 
3464 10392 
2176 6528 
4074 1357 
3070 9210 
117 351 
3023 3023 
1111 369 
249 82 
4098 12294 
4599 1532 
3886 1294 
1617 538 
1830 1830 
3798 11394 
3757 1251 
2817 2817 
2286 2286 
4734 1577 
3127 3127 
1458 485 
2541 2541 
2948 982 
1703 1703 
747 2241 
2841 946 
3953 1317 
3728 1242 
2469 822 
1126 3378 
1791 5373 
1539 4617 
1042 3126 
638 212 
3002 3002 
1909 5727 
1920 1920 
3128 3128 
1867 5601 
23 7 
2742 2742 
2979 992 
4939 14817 
1357 4071 
4861 1619 
2303 2303 
2997 2997 
2130 2130 
2310 2310 
2040 2040 
2723 8169 
2314 2314 
1252 3756 
2079 6237 
1342 446 
3072 1023 
4005 12015 
3321 9963 
3803 1267 
347 1041 
3197 1065 
1034 3102 
728 2184 
344 114 
1416 471 
604 200 
4711 14133 
3105 3105 
2294 2294 
380 126 
1301 3903 
1852 1852 
4347 1448 
4249 1415 
4465 13395 
3725 11175 
4186 12558 
3238 1078 
2415 2415 
4535 1511 
3578 10734 
1862 620 
3681 1226 
2179 725 
1009 335 
596 1788 
3718 1238 
1990 5970 
2011 2011 
2503 2503 
1888 1888 
2306 2306 
2610 2610 
895 297 
2142 6426 
4181 12543 
4175 12525 
2023 6069 
703 2109 
2337 2337 
3889 11667 
3282 1093 
1718 1718 
1623 540 
1181 393 
2932 2932 
4284 12852 
3039 3039 
1743 580 
2048 2048 
617 1851 
3790 11370 
4431 1476 
4283 1427 
1435 4305 
4051 1349 
3045 1014 
3655 10965 
3078 3078 
2690 2690 
3685 1227 
1992 1992 
3529 10587 
475 157 
3256 3256 
1739 1739 
2134 2134 
2290 2290 
1737 1737 
432 143 
4980 14940 
2995 8985 
1872 623 
103 33 
1014 3042 
3545 10635 
2886 2886 
2069 2069 
3216 1071 
2114 2114 
1201 399 
2634 2634 
4690 14070 
1656 4968 
3045 3045 
3270 1089 
1935 5805 
2850 2850 
1270 3810 
1012 3036 
1954 1954 
495 164 
1856 1856 
3203 3203 
2764 920 
3776 1258 
2162 6486 
2587 2587 
2496 2496 
3473 1157 
2894 2894 
2947 8841 
957 318 
4482 13446 
4026 12078 
370 122 
1681 1681 
3058 9174 
4177 1391 
1312 436 
2301 2301 
4333 1443 
2483 2483 
3140 3140 
2526 2526 
149 447 
1826 1826 
569 189 
4213 1403 
1470 489 
3501 10503 
2436 2436 
1975 1975 
3068 9204 
396 131 
1927 641 
4390 13170 
1316 438 
4603 13809 
2669 889 
1947 1947 
4216 1404 
2571 2571 
2715 8145 
2276 6828 
1797 1797 
134 44 
2626 2626 
995 331 
4365 1454 
22 6 
3556 10668 
2026 2026 
2497 831 
4819 1605 
1945 1945 
3209 9627 
1135 3405 
3061 3061 
3183 3183 
2257 751 
2075 2075 
172 56 
3013 1003 
2855 2855 
2866 2866 
1089 3267 
4460 1486 
884 294 
3652 1216 
1977 658 
2209 2209 
2962 986 
2721 2721 
2217 6651 
3829 11487 
3807 1268 
4549 1515 
2464 2464 
1993 663 
3070 1022 
347 115 
2952 2952 
2694 897 
2468 2468 
2034 2034 
2845 947 
97 31 
4965 14895 
2637 2637 
2244 2244 
3820 1272 
3283 3283 
1595 531 
2986 2986 
2072 2072 
705 234 
1725 1725 
3036 9108 
1444 4332 
363 1089 
2495 7485 
3081 3081 
3103 9309 
1585 4755 
2470 7410 
4048 1348 
3207 3207 
1887 628 
3674 1224 
2576 2576 
4778 14334 
2566 2566 
2813 2813 
3126 3126 
2652 2652 
1219 3657 
4485 1494 
4161 12483 
552 1656 
445 1335 
2412 2412 
1901 5703 
1325 3975 
4989 1662 
3245 3245 
1248 3744 
2080 2080 
1921 5763 
4401 13203 
4236 1411 
120 39 
3004 1000 
2054 2054 
1244 3732 
3323 3323 
1528 508 
1969 1969 
2554 2554 
706 2118 
1736 1736 
273 819 
2430 809 
473 157 
2950 982 
1077 358 
2508 2508 
3290 9870 
1146 3438 
2868 2868 
2037 2037 
159 477 
871 2613 
3315 9945 
2994 997 
2687 8061 
655 1965 
843 2529 
3021 3021 
4968 14904 
69 22 
1674 1674 
2405 2405 
2823 2823 
2730 2730 
2116 2116 
3007 3007 
991 329 
3833 11499 
874 290 
1702 1702 
1376 458 
2891 8673 
2196 2196 
4645 13935 
2625 874 
2433 2433 
49 15 
3405 1134 
2922 973 
2734 2734 
1908 1908 
4268 12804 
3737 1245 
3312 3312 
1050 349 
2913 2913 
2811 2811 
2331 6993 
1266 421 
103 309 
837 2511 
3058 3058 
3060 3060 
42 126 
767 2301 
2589 2589 
1474 4422 
2252 750 
4558 1518 
2580 859 
4039 12117 
3166 1054 
3477 1158 
4836 1611 
2518 7554 
350 1050 
2968 2968 
2844 947 
4485 13455 
2318 772 
1086 3258 
3772 11316 
3419 1139 
3683 1227 
3898 11694 
694 2082 
4725 1574 
4516 1504 
2667 8001 
3898 1298 
482 1446 
1784 1784 
2487 2487 
2031 6093 
2325 2325 
2014 670 
2996 998 
3079 3079 
1903 1903 
2829 2829 
2985 994 
3136 3136 
2465 821 
2227 741 
3036 3036 
2328 2328 
1691 1691 
1342 4026 
2668 2668 
3679 1225 
1937 645 
665 221 
2901 2901 
1763 1763 
2526 7578 
2257 6771 
3457 10371 
2168 2168 
4386 1461 
776 2328 
2072 6216 
3122 3122 
247 741 
2558 2558 
100 300 
3142 3142 
1176 3528 
2752 8256 
4267 12801 
1919 5757 
43 13 
2176 2176 
2166 2166 
2068 2068 
2864 2864 
2439 2439 
1968 5904 
2147 715 
61 19 
1013 337 
2086 2086 
487 1461 
4717 1571 
2937 2937 
2124 6372 
4813 1603 
3198 9594 
3073 3073 
1966 5898 
2149 715 
1859 5577 
4696 14088 
1892 5676 
2706 2706 
3235 3235 
3006 3006 
2459 819 
3704 11112 
1871 5613 
2184 6552 
2201 733 
2146 714 
1670 1670 
3984 1327 
3427 1141 
2330 2330 
557 1671 
2097 698 
4217 1405 
2700 2700 
4623 13869 
2516 7548 
2996 8988 
2853 8559 
1999 1999 
3309 9927 
1925 1925 
2120 6360 
2554 850 
1737 578 
2532 843 
2186 728 
3303 3303 
2383 2383 
623 207 
3663 1220 
2343 2343 
3066 9198 
4101 12303 
189 62 
1928 1928 
1136 3408 
2129 2129 
4508 13524 
4541 1513 
3004 3004 
1285 3855 
4787 1595 
1944 1944 
3197 9591 
2018 2018 
3855 11565 
3156 3156 
4171 12513 
3115 1037 
3221 3221 
2061 2061 
2895 8685 
124 40 
4734 14202 
2071 2071 
4291 1429 
4675 14025 
2501 833 
4160 12480 
3921 11763 
2857 2857 
4128 12384 
1675 1675 
3371 10113 
3297 9891 
2875 957 
2041 2041 
820 2460 
2498 832 
2386 794 
2057 6171 
2193 2193 
2247 2247 
1668 1668 
2319 2319 
2003 2003 
3120 9360 
1877 625 
3201 3201 
1850 1850 
2996 2996 
511 169 
89 29 
3230 1076 
821 2463 
1577 4731 
1876 5628 
4355 1451 
4808 1602 
1128 375 
1230 3690 
4359 13077 
3361 10083 
2182 2182 
3825 1274 
3763 1253 
3183 9549 
4451 13353 
2790 2790 
2023 2023 
117 38 
2918 2918 
918 2754 
3392 10176 
2946 981 
2843 947 
2567 2567 
4044 12132 
4736 14208 
2060 2060 
209 69 
3163 3163 
2640 2640 
1780 1780 
3119 3119 
26 78 
2097 2097 
1487 495 
1687 1687 
1779 5337 
4233 1410 
2823 940 
221 663 
1732 5196 
1693 1693 
1117 3351 
2750 2750 
1355 4065 
1777 1777 
6 18 
3072 9216 
3205 3205 
3947 1315 
3301 3301 
4540 1512 
3158 3158 
2940 2940 
4679 1559 
1515 504 
637 211 
839 279 
4304 12912 
1910 5730 
2861 2861 
1958 5874 
419 1257 
2118 6354 
2183 2183 
2447 815 
2459 7377 
2128 2128 
1940 1940 
1624 540 
3931 11793 
1278 425 
930 2790 
2806 2806 
4933 14799 
1766 5298 
2472 7416 
2888 2888 
242 80 
2987 2987 
1625 4875 
4395 13185 
2494 2494 
3089 9267 
1994 1994 
2458 2458 
1143 380 
1477 491 
2076 6228 
2150 2150 
2779 8337 
1437 4311 
3002 1000 
1752 1752 
2273 6819 
3977 11931 
2416 2416 
2516 2516 
3989 11967 
3487 10461 
2908 2908 
2102 2102 
2364 2364 
2786 2786 
1511 503 
2252 6756 
2031 2031 
2233 2233 
4692 14076 
3195 9585 
2119 2119 
2670 2670 
2217 2217 
3329 3329 
1033 343 
1720 1720 
2754 917 
3044 3044 
1135 377 
2392 7176 
3250 3250 
705 2115 
663 1989 
1713 1713 
3005 3005 
3809 1269 
1817 1817 
2949 2949 
236 78 
828 2484 
2484 2484 
354 1062 
2373 790 
3510 10530 
2565 2565 
3978 11934 
2769 2769 
1586 4758 
3239 3239 
2654 884 
2033 2033 
1748 582 
2807 8421 
4430 1476 
1623 4869 
2444 814 
24 7 
3340 1112 
2862 2862 
3103 3103 
3294 3294 
1760 1760 
2350 2350 
214 70 
2722 2722 
3241 1079 
1544 514 
941 313 
2934 8802 
2978 992 
1645 4935 
3584 10752 
1734 577 
4913 1637 
4648 1548 
4460 13380 
4241 1413 
2411 7233 
2357 2357 
4440 13320 
2347 781 
2834 944 
1154 384 
1429 475 
3180 1059 
4493 1497 
311 933 
3106 9318 
2399 2399 
4567 13701 
3120 3120 
3324 3324 
807 2421 
858 285 
1870 1870 
2972 8916 
771 2313 
1852 5556 
1087 361 
2967 2967 
1433 4299 
4804 14412 
1233 410 
4826 1608 
4107 12321 
4374 13122 
2702 2702 
1395 464 
2090 2090 
2373 2373 
1277 425 
817 271 
168 55 
1067 355 
2672 2672 
4056 12168 
3236 3236 
1716 571 
3049 9147 
2765 2765 
2442 7326 
304 100 
2830 942 
2662 2662 
1124 374 
2578 858 
459 1377 
826 2478 
4404 1467 
1178 3534 
2453 2453 
855 284 
3523 10569 
730 2190 
2338 7014 
1539 512 
2139 2139 
3452 10356 
2842 8526 
3315 3315 
2270 6810 
2108 2108 
260 780 
2912 2912 
2883 2883 
4403 13209 
2016 2016 
765 254 
4018 12054 
2755 2755 
2377 2377 
3175 3175 
1962 1962 
479 1437 
2174 724 
2231 2231 
1561 519 
3217 9651 
2441 813 
1041 346 
4389 13167 
3169 3169 
517 171 
2588 7764 
2307 2307 
2749 2749 
3014 1004 
1985 1985 
1645 547 
3835 1277 
2529 2529 
2362 786 
2451 2451 
3227 3227 
2030 676 
781 2343 
2417 2417 
1827 1827 
702 2106 
1899 5697 
2456 7368 
3972 11916 
1818 1818 
2788 928 
1855 1855 
2627 2627 
3837 1278 
898 2694 
1939 1939 
2809 8427 
4431 13293 
4936 14808 
2230 742 
90 29 
2543 2543 
1371 456 
1731 1731 
1478 492 
3026 3026 
4840 1612 
1434 4302 
2056 2056 
2449 2449 
2614 2614 
1651 549 
570 1710 
2184 727 
3605 10815 
4756 14268 
3129 1042 
1219 405 
1274 3822 
2684 8052 
1177 3531 
2837 2837 
1804 1804 
9 2 
931 309 
4174 1390 
968 322 
4276 1424 
1608 4824 
1854 1854 
2908 968 
1096 3288 
2617 7851 
888 2664 
2476 7428 
4083 1360 
4415 13245 
2303 767 
4193 12579 
398 1194 
329 987 
1949 1949 
1006 334 
1981 1981 
1754 584 
1777 591 
3032 9096 
4892 14676 
2094 697 
3913 1303 
2674 2674 
2865 2865 
484 1452 
1696 1696 
2218 2218 
4392 13176 
1990 662 
3009 9027 
509 169 
4779 1592 
2030 6090 
369 122 
4872 14616 
1557 518 
2617 2617 
2271 756 
2775 8325 
2335 2335 
2980 2980 
4587 1528 
2202 2202 
2124 2124 
1923 1923 
2967 988 
3643 10929 
2148 2148 
2846 2846 
3295 9885 
3532 1176 
2736 911 
4997 1665 
1800 1800 
2691 2691 
1926 1926 
758 2274 
701 233 
2101 2101 
1709 569 
3662 10986 
307 921 
512 1536 
3766 11298 
2284 760 
2685 894 
1295 3885 
2165 2165 
2647 2647 
175 57 
3681 11043 
680 2040 
3144 3144 
2629 7887 
4883 14649 
2144 714 
3961 1319 
4214 1404 
3224 9672 
2824 2824 
917 2751 
3219 3219 
3704 1234 
2994 2994 
486 161 
2099 2099 
2569 2569 
4478 13434 
1843 613 
3319 3319 
2553 2553 
988 328 
1743 1743 
4218 12654 
119 357 
4095 12285 
3089 3089 
1571 523 
1905 1905 
2874 2874 
338 112 
4210 12630 
484 160 
2422 7266 
4700 14100 
2738 8214 
2118 2118 
1560 4680 
410 1230 
2079 2079 
3290 1096 
3116 1038 
1735 1735 
592 1776 
2899 2899 
2360 2360 
974 324 
2543 847 
613 203 
2316 2316 
2135 711 
3648 1215 
2131 2131 
3802 11406 
3920 1306 
4046 1348 
4342 13026 
2961 2961 
4719 14157 
4024 12072 
4008 1335 
2949 8847 
3100 9300 
2345 781 
4669 1555 
2938 2938 
2235 2235 
1038 3114 
2737 2737 
2593 2593 
1162 3486 
3976 1324 
3139 1045 
3046 3046 
4162 1386 
3249 9747 
3506 1168 
816 2448 
3743 1247 
2129 709 
1981 659 
2462 2462 
1878 625 
3292 1096 
2954 2954 
2998 2998 
2158 2158 
4254 1417 
3205 9615 
1790 596 
1849 1849 
634 210 
4135 12405 
2472 2472 
2177 2177 
2623 2623 
2127 2127 
1418 472 
590 196 
3638 10914 
544 180 
4168 1388 
1504 4512 
1582 4746 
643 213 
2378 2378 
2718 2718 
1669 1669 
3282 3282 
2417 805 
1202 400 
611 203 
4505 1501 
1441 4323 
2429 2429 
4361 13083 
1053 3159 
1741 1741 
3020 3020 
2929 975 
1066 354 
11 3 
2625 2625 
2374 2374 
3908 1302 
1269 3807 
2499 2499 
3241 9723 
2070 2070 
3924 11772 
2165 6495 
562 186 
1220 3660 
3132 1043 
3105 1034 
2950 2950 
2820 2820 
2012 6036 
1964 1964 
3810 1269 
4151 1383 
2979 2979 
1576 524 
1980 1980 
3798 1265 
1915 637 
2064 687 
4117 1371 
566 188 
549 182 
3208 9624 
1385 461 
460 1380 
3668 1222 
2537 2537 
1345 447 
2198 6594 
2897 2897 
1744 1744 
754 2262 
1352 450 
3254 3254 
2174 2174 
3092 9276 
3593 10779 
2091 2091 
4583 13749 
2959 2959 
3968 1322 
4813 14439 
2077 2077 
3106 3106 
2620 7860 
1423 473 
631 1893 
2398 2398 
2894 964 
2929 2929 
2427 7281 
2919 2919 
2227 2227 
4691 14073 
2025 2025 
2612 2612 
1833 1833 
1898 1898 
1895 5685 
4422 1473 
1437 478 
3171 1056 
1842 5526 
1027 341 
2772 2772 
999 332 
2793 2793 
109 35 
1641 546 
156 468 
3828 11484 
3024 1007 
3928 11784 
63 189 
2375 7125 
1951 649 
1442 480 
2960 986 
2877 2877 
4402 1466 
1915 1915 
1891 1891 
2896 2896 
3417 10251 
2585 861 
1553 4659 
318 954 
1793 5379 
314 104 
4388 13164 
2920 972 
3313 3313 
2133 2133 
3867 1288 
3193 1063 
328 984 
1753 1753 
2811 936 
2140 2140 
2813 937 
3288 1095 
4478 1492 
2207 2207 
2980 992 
4946 14838 
2236 744 
4351 1449 
2331 2331 
1091 363 
2004 2004 
3051 9153 
2351 783 
3067 3067 
938 2814 
92 30 
722 2166 
3272 3272 
1695 1695 
376 124 
769 255 
1929 1929 
2132 710 
1140 3420 
2867 8601 
3543 1180 
3831 11493 
2545 2545 
227 75 
1963 1963 
2009 2009 
3644 1214 
1764 587 
1831 5493 
1799 1799 
3563 1187 
3247 3247 
77 231 
1812 603 
420 1260 
378 1134 
1946 648 
1772 1772 
4330 1442 
2504 7512 
3130 3130 
2142 2142 
4976 1658 
838 2514 
2045 681 
2956 984 
3739 1245 
1829 1829 
2176 724 
4538 13614 
4548 1515 
2204 2204 
1727 5181 
3085 1027 
2506 7518 
2521 2521 
2877 958 
2564 854 
2311 6933 
2512 2512 
1933 1933 
4730 14190 
1669 555 
3242 3242 
3289 3289 
2600 2600 
3841 11523 
2655 7965 
3167 3167 
3161 3161 
1745 1745 
3964 11892 
2870 2870 
2451 816 
3231 9693 
4949 14847 
4300 1432 
4675 1557 
4110 1369 
4425 13275 
3212 3212 
3325 1107 
1655 551 
1890 1890 
3568 10704 
3041 3041 
1329 442 
702 233 
4963 1653 
2271 6813 
2051 2051 
2340 779 
2632 2632 
461 1383 
3063 3063 
2605 2605 
2602 7806 
2712 8136 
2006 668 
1773 590 
1284 427 
2474 7422 
2753 2753 
2609 2609 
2094 2094 
2584 2584 
2012 2012 
4020 12060 
1907 5721 
1256 418 
3942 11826 
160 480 
3121 9363 
908 302 
2197 2197 
2906 2906 
259 777 
709 235 
2551 849 
2050 6150 
899 299 
1288 3864 
4140 1379 
2081 2081 
2509 7527 
2485 2485 
2102 700 
1943 1943 
2891 2891 
2110 2110 
1572 523 
2618 2618 
2197 6591 
3926 11778 
2144 2144 
2586 2586 
4107 1368 
1848 1848 
1366 454 
939 312 
2530 842 
4424 13272 
3592 1196 
2346 2346 
2380 2380 
2126 6378 
2601 866 
2095 2095 
2738 2738 
1729 1729 
2931 2931 
1967 5901 
2265 2265 
2235 6705 
2093 6279 
1021 3063 
2784 2784 
1468 4404 
2646 2646 
1140 379 
876 2628 
3633 10899 
1733 5199 
2955 984 
3899 1299 
4466 13398 
3193 3193 
3186 9558 
2270 2270 
2463 2463 
1591 4773 
2941 2941 
823 273 
1885 1885 
1724 1724 
1166 3498 
312 936 
2785 2785 
182 546 
2795 2795 
2935 977 
4905 14715 
3252 3252 
1773 5319 
4817 14451 
2282 6846 
3664 1220 
1336 444 
4853 14559 
777 2331 
2643 2643 
4540 13620 
983 327 
3176 3176 
2947 2947 
3642 10926 
1225 407 
2222 6666 
1169 3507 
3667 11001 
2214 6642 
3657 10971 
4013 1337 
2324 2324 
3300 9900 
1705 1705 
2660 2660 
2149 2149 
1919 1919 
1417 4251 
3243 9729 
3034 3034 
2350 782 
1893 5679 
461 153 
4875 14625 
4785 1594 
3836 1278 
2426 808 
2050 2050 
3131 9393 
805 2415 
1070 356 
3698 1232 
2677 2677 
2362 2362 
3238 3238 
2263 2263 
1203 400 
3228 3228 
254 762 
4908 1635 
2514 2514 
1100 3300 
2789 8367 
2939 8817 
232 76 
4161 1386 
1134 377 
4445 1481 
977 2931 
3997 11991 
4915 14745 
2224 740 
1068 3204 
1473 4419 
3025 3025 
985 2955 
3160 3160 
2773 2773 
2200 2200 
3792 1263 
1751 583 
2323 773 
2810 8430 
2165 721 
3187 9561 
2511 2511 
202 66 
2501 2501 
2495 831 
4110 12330 
1028 3084 
3562 1186 
4677 14031 
4489 13467 
1866 1866 
3171 9513 
4597 1531 
1017 3051 
2944 2944 
4689 14067 
425 141 
2123 2123 
1822 1822 
1145 3435 
2824 8472 
2691 8073 
1739 5217 
2309 2309 
3981 1326 
1768 1768 
2658 2658 
3700 11100 
1841 1841 
2685 2685 
2583 7749 
1467 488 
1883 1883 
169 55 
3337 10011 
2188 2188 
609 202 
2907 2907 
4885 1627 
3449 10347 
178 534 
3424 10272 
4144 1380 
2949 982 
3277 3277 
4337 13011 
3733 11199 
4662 1553 
2279 759 
1902 1902 
2832 2832 
1755 1755 
4680 1559 
1949 649 
3470 10410 
2121 2121 
342 113 
3076 3076 
2935 2935 
1058 3174 
1681 5043 
2189 2189 
692 230 
1975 657 
2663 2663 
4091 1363 
3285 3285 
2094 6282 
4517 1505 
4801 14403 
2153 2153 
4576 13728 
2723 2723 
3594 1197 
3512 1170 
4839 1612 
3133 3133 
893 2679 
31 93 
4754 1584 
2293 763 
2108 702 
2289 762 
3000 3000 
2089 2089 
3847 1281 
1851 616 
2568 7704 
3480 10440 
1618 538 
1505 4515 
3199 3199 
1917 1917 
1240 3720 
2208 2208 
2559 2559 
1672 556 
2457 2457 
186 558 
3719 11157 
3306 3306 
4554 13662 
1139 3417 
3479 10437 
2793 930 
704 2112 
2441 2441 
2448 2448 
1824 5472 
2089 695 
2296 764 
489 162 
2914 2914 
1313 3939 
1105 367 
4783 14349 
3161 9483 
2527 2527 
1950 1950 
3268 3268 
3286 3286 
3128 9384 
4771 1589 
3804 11412 
1106 3318 
3423 1140 
2828 2828 
4206 12618 
2299 6897 
1676 1676 
2062 2062 
3300 3300 
2889 962 
1122 373 
686 228 
640 212 
387 1161 
1564 4692 
3596 1198 
1092 363 
4036 12108 
1912 1912 
3043 3043 
87 261 
1692 5076 
13 39 
1836 1836 
4572 13716 
180 59 
2983 2983 
3080 3080 
3267 3267 
2671 889 
3049 1015 
2002 2002 
3968 11904 
2784 8352 
2636 878 
3074 3074 
2660 7980 
4617 1538 
1749 1749 
2693 8079 
622 1866 
2557 2557 
4302 12906 
3975 11925 
1674 5022 
2849 2849 
4843 14529 
2966 2966 
1030 342 
2446 2446 
3753 11259 
267 88 
1492 496 
3246 3246 
2317 2317 
4521 13563 
1403 4209 
3861 11583 
2705 2705 
818 272 
2551 2551 
3944 11832 
3334 1110 
4221 12663 
2317 771 
468 1404 
3370 10110 
2771 8313 
1806 1806 
2281 759 
4053 12159 
1783 1783 
2795 8385 
1501 499 
2613 2613 
1962 653 
1258 418 
3007 9021 
1987 5961 
2650 2650 
2716 8148 
3285 9855 
231 76 
3604 10812 
278 834 
2872 956 
2271 2271 
2002 6006 
433 1299 
1803 5409 
2747 8241 
2774 2774 
3482 1160 
2807 2807 
1740 1740 
3951 11853 
2052 6156 
4205 1401 
2874 957 
1453 4359 
3053 9159 
1991 5973 
1319 439 
1861 1861 
1865 1865 
2620 872 
309 927 
4585 13755 
2430 2430 
2457 818 
1976 1976 
2819 939 
4062 1353 
1914 1914 
4207 1401 
3252 9756 
648 215 
2517 2517 
2829 8487 
2087 695 
1791 1791 
2809 2809 
2122 2122 
2802 2802 
2049 2049 
255 84 
3027 3027 
2532 2532 
4866 1621 
2376 2376 
1006 3018 
4985 1661 
1573 523 
4988 14964 
3917 1305 
3095 3095 
1553 517 
2335 7005 
2990 2990 
4413 1470 
2537 845 
3293 3293 
2014 6042 
2957 985 
1972 5916 
2109 2109 
371 1113 
2869 2869 
1317 438 
1876 1876 
752 2256 
641 1923 
3087 3087 
4266 1421 
2340 2340 
2592 2592 
3814 1270 
3092 3092 
1996 1996 
2308 6924 
325 107 
3417 1138 
2978 8934 
2024 2024 
2411 2411 
3311 3311 
3217 3217 
1787 1787 
1741 5223 
3089 1029 
59 177 
2774 924 
2466 7398 
3349 10047 
4042 1346 
3896 1298 
1704 567 
2761 2761 
3010 3010 
1828 1828 
3424 1140 
1571 4713 
2853 950 
3054 3054 
1542 4626 
995 2985 
568 1704 
2985 2985 
1798 598 
2729 2729 
2009 6027 
2816 2816 
2480 2480 
2977 2977 
1037 3111 
1584 4752 
2292 763 
2583 2583 
2275 6825 
483 1449 
3230 9690 
2620 2620 
2562 2562 
1683 560 
44 14 
683 2049 
3526 10578 
3021 9063 
2717 2717 
2779 2779 
1900 5700 
2020 2020 
2421 806 
3202 3202 
1972 1972 
1057 3171 
1805 601 
3018 3018 
4957 1651 
1551 516 
2873 8619 
2633 2633 
2238 2238 
4871 1623 
1891 629 
3999 1332 
136 408 
2827 941 
2559 852 
548 182 
1691 563 
2639 7917 
1038 345 
4858 14574 
1707 1707 
248 82 
2377 7131 
113 37 
721 2163 
100 32 
3608 1202 
4952 1650 
3099 9297 
2327 6981 
4692 1563 
2895 2895 
543 1629 
3219 1072 
3126 1041 
1688 5064 
3817 11451 
2393 2393 
3354 1117 
4308 1435 
1891 5673 
2881 2881 
2182 6546 
3488 10464 
3922 1306 
2624 2624 
3600 10800 
2100 699 
4546 1514 
129 387 
2253 2253 
1938 1938 
809 2427 
2722 8166 
2761 8283 
2624 874 
2102 6306 
3555 1184 
2654 2654 
2300 2300 
2687 2687 
854 2562 
465 154 
2638 2638 
150 450 
30 9 
2517 7551 
3222 1073 
1790 1790 
2407 2407 
597 198 
2746 2746 
2607 2607 
4437 13311 
2449 7347 
1684 560 
2277 2277 
3135 3135 
3334 10002 
2499 7497 
2783 8349 
2454 2454 
346 114 
3028 3028 
4273 12819 
1614 537 
4858 1618 
1485 4455 
2845 2845 
4625 1541 
3820 11460 
2876 2876 
4444 1480 
4869 14607 
2755 917 
2269 2269 
2971 2971 
3087 9261 
2100 2100 
2649 882 
4827 14481 
2242 2242 
2998 998 
2791 8373 
260 86 
1860 1860 
3864 1287 
2910 2910 
3139 3139 
3873 1290 
2550 2550 
585 194 
2843 8529 
2041 679 
3272 9816 
3806 11418 
3262 3262 
3332 3332 
1662 553 
4424 1474 
2885 2885 
4158 1385 
2822 2822 
2529 842 
3121 3121 
721 239 
1807 1807 
1229 3687 
3062 3062 
3407 10221 
4845 14535 
145 435 
3109 3109 
1670 5010 
3612 10836 
2296 2296 
3117 1038 
1064 354 
2093 2093 
3546 1181 
4597 13791 
4893 1630 
2939 2939 
3919 1305 
2515 2515 
259 85 
1494 497 
1742 1742 
4702 14106 
3052 3052 
4543 13629 
1893 1893 
2109 6327 
1748 1748 
1198 398 
3204 3204 
2180 2180 
4383 1460 
1044 3132 
1846 614 
2555 2555 
2851 949 
2082 693 
1035 3105 
4875 1624 
4340 13020 
3573 1190 
2423 2423 
1849 5547 
284 852 
2557 851 
2292 2292 
4088 12264 
4793 1597 
2034 6102 
2382 2382 
2302 2302 
4803 1600 
3159 3159 
4873 14619 
3352 10056 
2564 2564 
2151 2151 
3022 9066 
2960 2960 
1210 3630 
948 2844 
875 291 
3893 1297 
3037 3037 
1474 490 
2515 7545 
3669 1222 
4739 1579 
1664 4992 
4888 1628 
4544 13632 
2011 669 
3583 10749 
2252 2252 
2540 2540 
3251 9753 
2747 2747 
3883 11649 
1766 1766 
3416 10248 
944 314 
4842 14526 
2013 2013 
3327 3327 
3427 10281 
1587 528 
1660 552 
574 1722 
4429 1475 
2505 7515 
4661 13983 
2629 2629 
4273 1423 
786 2358 
4500 1499 
3432 1143 
2138 2138 
675 224 
2579 859 
1820 5460 
3237 3237 
2470 2470 
2076 2076 
2067 2067 
3838 1278 
1547 4641 
2257 2257 
3321 3321 
2531 843 
625 1875 
1483 4449 
3330 1109 
2573 2573 
3190 9570 
286 94 
1988 5964 
2386 7158 
3521 10563 
2599 2599 
4740 1579 
3676 1224 
2432 2432 
1475 491 
2823 8469 
2556 7668 
2222 2222 
3420 10260 
2639 2639 
650 216 
4570 13710 
3288 3288 
3647 1215 
2878 958 
746 2238 
2270 756 
1930 1930 
542 180 
4470 1489 
3170 1056 
3172 3172 
3085 3085 
2752 2752 
2006 6018 
753 250 
1941 5823 
337 1011 
3341 1113 
1785 1785 
4972 14916 
4951 14853 
3422 1140 
1440 4320 
3649 1215 
1699 1699 
2882 2882 
409 1227 
3642 1213 
515 171 
3182 3182 
2204 734 
4326 12978 
2136 711 
2645 2645 
2495 2495 
344 1032 
2282 2282 
2740 2740 
1705 5115 
1719 1719 
1024 340 
2732 2732 
2815 2815 
1984 1984 
2184 2184 
4533 1510 
2567 7701 
4015 1337 
3064 3064 
2175 2175 
1960 5880 
4436 13308 
3279 9837 
1322 3966 
2723 907 
2135 2135 
4915 1637 
1738 1738 
4395 1464 
824 274 
2028 6084 
2619 2619 
2047 6141 
337 111 
1598 4794 
4219 1405 
427 141 
2442 813 
188 62 
1887 1887 
1921 639 
1521 506 
4380 13140 
3050 3050 
3153 1050 
2648 2648 
2608 2608 
4168 12504 
2969 8907 
428 1284 
3882 1293 
2140 712 
1830 5490 
2201 2201 
3259 1085 
3547 10641 
3096 9288 
3572 10716 
1808 5424 
978 325 
3806 1268 
2958 985 
2225 2225 
4917 14751 
3346 10038 
2258 2258 
2273 2273 
3919 11757 
4262 12786 
4746 14238 
2133 6399 
546 1638 
2092 2092 
2391 2391 
2071 689 
4159 12477 
2350 7050 
319 105 
1911 1911 
1918 1918 
3299 3299 
2714 8142 
1798 1798 
4832 1610 
4260 12780 
3118 3118 
2496 831 
2315 2315 
2107 2107 
1932 1932 
911 303 
1910 1910 
4638 1545 
2922 2922 
1986 1986 
2237 745 
2234 2234 
3125 3125 
27 8 
2432 810 
1802 1802 
3524 1174 
2965 2965 
2073 2073 
1059 3177 
4245 1414 
1208 3624 
3590 1196 
2088 6264 
148 444 
20 60 
4509 1502 
3555 10665 
1476 491 
4081 12243 
1901 1901 
2245 2245 
4620 13860 
612 1836 
1946 5838 
4760 1586 
1059 352 
4137 1378 
3168 3168 
1673 1673 
1668 5004 
472 156 
1993 1993 
2163 720 
886 2658 
1892 1892 
3200 3200 
1677 1677 
915 2745 
3111 3111 
699 232 
3714 11142 
1620 539 
1650 4950 
1988 1988 
3391 1129 
2403 2403 
1899 1899 
4138 12414 
4686 14058 
2835 2835 
2604 2604 
2833 943 
2611 2611 
1895 1895 
2655 2655 
4440 1479 
1368 455 
4276 12828 
3538 10614 
4514 1504 
1933 5799 
1029 3087 
2333 6999 
2988 2988 
745 247 
4283 12849 
1482 4446 
1880 1880 
1937 1937 
4388 1462 
4164 12492 
4058 1352 
2381 2381 
1485 494 
2978 2978 
1114 370 
2818 2818 
3003 3003 
4295 12885 
3123 3123 
3720 11160 
2479 7437 
3518 10554 
4532 13596 
2159 2159 
1948 1948 
1046 3138 
3318 3318 
2025 674 
2120 2120 
1327 3981 
1544 4632 
2840 946 
2714 2714 
2349 2349 
947 315 
4627 13881 
2475 2475 
1957 5871 
2630 7890 
1958 1958 
3235 1077 
3689 11067 
3461 10383 
4830 1609 
4574 13722 
570 189 
539 179 
3796 1264 
3489 10467 
2885 8655 
2889 2889 
2501 7503 
2898 2898 
4889 14667 
1966 1966 
1779 1779 
806 268 
2321 773 
1954 650 
2368 2368 
70 22 
3251 1083 
4995 1664 
1413 470 
3481 10443 
1264 420 
261 86 
2796 2796 
835 277 
2376 791 
1160 386 
1794 1794 
1859 1859 
3710 11130 
666 1998 
2546 2546 
2890 2890 
3322 3322 
3840 1279 
2293 2293 
1875 5625 
2601 2601 
2387 2387 
3231 3231 
645 214 
2842 2842 
3741 1246 
2672 890 
4475 13425 
203 67 
3019 3019 
390 129 
2603 2603 
2563 7689 
2911 969 
3878 11634 
2645 881 
2956 2956 
3682 1226 
1929 642 
4801 1599 
1323 440 
2219 2219 
2000 2000 
4834 14502 
3057 3057 
2461 2461 
1609 4827 
3577 10731 
2388 7164 
1982 1982 
2287 761 
1949 5847 
2161 2161 
427 1281 
1959 1959 
1590 4770 
3209 3209 
1970 5910 
1649 549 
943 2829 
1071 356 
762 2286 
2563 853 
710 2130 
3396 1131 
238 714 
4727 1575 
2819 2819 
3814 11442 
373 1119 
679 2037 
2313 2313 
1582 526 
4198 12594 
926 2778 
4121 1373 
3094 3094 
4149 1382 
4695 1564 
3343 1113 
3129 9387 
3083 9249 
4919 1639 
1847 1847 
2533 2533 
3115 3115 
491 163 
2798 2798 
3900 1299 
4720 14160 
1834 1834 
2167 721 
4586 13758 
3154 3154 
4226 1408 
3623 1207 
3274 9822 
3035 9105 
4714 14142 
1900 1900 
1394 4182 
4112 1370 
2973 990 
2856 951 
3179 3179 
1798 5394 
3286 9858 
598 198 
2024 674 
1761 586 
2968 988 
1455 484 
1457 485 
2112 2112 
2616 871 
1971 1971 
921 306 
3102 3102 
1766 588 
1747 1747 
1819 5457 
776 258 
3291 3291 
360 1080 
3528 1175 
1713 5139 
2293 6879 
4797 14391 
2354 2354 
1807 5421 
589 1767 
2249 6747 
2644 2644 
1757 585 
3166 9498 
1093 363 
2532 7596 
1720 572 
2425 2425 
4243 12729 
1602 533 
3225 9675 
1881 5643 
2074 2074 
356 1068 
1914 637 
2357 7071 
3341 10023 
2892 8676 
4364 13092 
205 615 
2224 2224 
2443 2443 
656 218 
3694 1230 
2658 885 
3851 1283 
2599 7797 
335 1005 
2007 668 
3331 3331 
4743 14229 
2915 2915 
1414 4242 
4021 1339 
2174 6522 
2595 2595 
2852 2852 
352 1056 
1967 1967 
2264 2264 
1987 661 
3585 1194 
1863 1863 
2077 6231 
3375 1124 
3166 3166 
3056 3056 
4822 14466 
2800 2800 
444 1332 
2667 888 
2491 2491 
1799 5397 
3040 3040 
653 1959 
2507 2507 
2651 2651 
215 71 
1103 367 
2843 2843 
2724 2724 
2770 2770 
2805 8415 
4900 14700 
3015 1004 
2052 683 
2683 2683 
3869 1289 
2958 2958 
2975 2975 
1689 1689 
2936 8808 
1992 663 
4208 1402 
2243 2243 
2338 2338 
3051 3051 
4087 12261 
3110 3110 
2669 2669 
4180 1392 
2246 2246 
3106 1034 
1585 527 
2126 708 
2505 2505 
4075 1357 
26 8 
3296 3296 
2519 2519 
2288 6864 
2010 2010 
1814 1814 
3937 1311 
1077 3231 
2241 2241 
2250 2250 
1189 395 
2719 905 
1855 5565 
2536 2536 
4340 1446 
4554 1517 
3308 9924 
2082 2082 
1309 3927 
923 307 
3353 1117 
1214 3642 
4683 14049 
4877 1625 
2413 2413 
4958 1652 
2726 2726 
3013 3013 
2549 2549 
362 1086 
1358 452 
2431 809 
3514 1170 
652 216 
4768 1588 
3827 1275 
2659 2659 
2021 6063 
4341 1446 
4459 13377 
440 1320 
2830 2830 
2308 2308 
1195 397 
964 320 
559 185 
1683 5049 
2155 2155 
4189 12567 
3483 10449 
2259 752 
904 2712 
2756 2756 
2455 2455 
842 2526 
3309 3309 
2086 6258 
3053 3053 
3350 1116 
1145 381 
3031 3031 
1791 596 
4641 1546 
2984 2984 
3862 1286 
4387 1461 
1387 4161 
4102 1366 
1821 1821 
2473 2473 
3126 9378 
3273 9819 
2562 853 
3582 10746 
3077 3077 
2010 669 
1682 5046 
3280 3280 
1126 374 
216 71 
1388 462 
2653 2653 
3021 1006 
4518 13554 
2524 2524 
2248 2248 
3211 3211 
2590 2590 
763 253 
2733 8199 
1104 3312 
3421 10263 
2982 8946 
3177 3177 
3180 3180 
2248 748 
3601 1199 
4268 1422 
1200 399 
2244 6732 
2641 2641 
2498 2498 
2333 777 
2607 868 
4463 1487 
1838 5514 
53 17 
4600 1532 
3082 3082 
3320 9960 
4394 13182 
3819 1272 
2561 2561 
3214 3214 
2848 8544 
882 2646 
1673 5019 
4167 12501 
2348 2348 
2209 6627 
2688 2688 
4311 1436 
2263 6789 
1782 593 
2063 2063 
1936 1936 
495 1485 
4702 1566 
378 125 
3405 10215 
2214 2214 
4668 1555 
1807 601 
878 292 
2297 2297 
2095 6285 
1264 3792 
1685 1685 
612 203 
2647 7941 
1831 1831 
2419 805 
3338 10014 
2584 7752 
4037 12111 
3950 11850 
2727 2727 
4229 12687 
4237 12711 
4725 14175 
431 1293 
4778 1592 
4545 1514 
1589 529 
1115 371 
4312 1436 
3433 10299 
2232 743 
2160 2160 
4520 1506 
713 2139 
197 65 
2098 2098 
1592 530 
2943 2943 
3014 3014 
2763 2763 
3114 3114 
1837 1837 
4647 13941 
3618 10854 
1767 1767 
3131 1043 
2667 2667 
766 2298 
2450 2450 
4356 13068 
2993 8979 
2191 6573 
4325 12975 
2509 2509 
2647 881 
2799 2799 
2520 2520 
116 348 
1089 362 
4903 14709 
1392 4176 
2143 6429 
2062 6186 
2617 871 
2678 892 
4486 1494 
1861 619 
3640 1212 
2084 2084 
2792 2792 
1977 5931 
2981 2981 
3222 3222 
3153 3153 
2345 2345 
1704 1704 
2709 2709 
1343 447 
2337 7011 
2570 2570 
2035 677 
3370 1122 
3134 1044 
3271 3271 
3653 1217 
2760 919 
3953 11859 
2838 2838 
2456 2456 
2005 2005 
2600 7800 
3666 1221 
1320 439 
2592 7776 
2261 2261 
231 693 
2186 2186 
2701 2701 
865 287 
707 235 
1052 350 
1970 656 
2477 2477 
2366 2366 
2888 962 
2585 2585 
250 82 
4067 1355 
1149 3447 
4941 1646 
3610 10830 
2104 2104 
1509 4527 
1105 3315 
4553 13659 
2312 770 
1063 3189 
2382 7146 
4950 1649 
3226 3226 
3185 9555 
791 263 
2974 990 
2053 2053 
584 1752 
3336 1111 
1113 370 
4079 12237 
4484 13452 
4303 12909 
3129 3129 
1580 526 
2490 7470 
3639 10917 
3191 3191 
1383 460 
748 248 
1712 1712 
952 2856 
3690 1229 
564 1692 
3541 1179 
2364 787 
4 12 
1524 4572 
1466 4398 
4671 14013 
3830 11490 
724 2172 
506 1518 
1348 448 
3347 10041 
504 167 
1774 1774 
2710 8130 
2351 2351 
1935 1935 
3487 1161 
2621 873 
3464 1154 
3249 3249 
2150 716 
4636 1544 
151 49 
2582 2582 
4372 13116 
1796 5388 
501 1503 
2349 7047 
3887 1295 
3862 11586 
519 1557 
3860 11580 
4689 1562 
2833 2833 
3 0 
2479 2479 
2236 2236 
1181 3543 
496 164 
333 110 
2274 2274 
4942 1646 
4726 14178 
2478 825 
4027 1341 
1677 5031 
226 678 
3558 1185 
3257 3257 
2945 2945 
1840 1840 
2409 802 
829 275 
1824 1824 
2196 731 
2577 2577 
3028 1008 
2054 684 
2680 2680 
2277 758 
2652 883 
2775 2775 
1763 5289 
1857 5571 
3101 1033 
3290 3290 
2890 8670 
2904 967 
3198 3198 
3187 3187 
2141 6423 
3157 3157 
4115 12345 
1761 1761 
2027 2027 
3032 3032 
3142 9426 
4074 12222 
3800 1266 
812 2436 
4674 1557 
4561 13683 
4207 12621 
2106 701 
658 218 
3920 11760 
906 2718 
2356 7068 
4401 1466 
1804 600 
2924 2924 
1826 5478 
1233 3699 
3294 9882 
167 55 
4465 1487 
4476 1491 
2178 2178 
4749 1582 
3298 3298 
4250 12750 
2995 997 
346 1038 
2278 2278 
2419 2419 
2856 2856 
4403 1467 
3745 11235 
3147 3147 
501 166 
3270 3270 
2344 2344 
1636 544 
2572 2572 
1622 540 
2754 2754 
1458 4374 
2732 8196 
3131 3131 
2746 8238 
1688 1688 
236 708 
283 849 
3525 10575 
2903 2903 
1133 3399 
2421 2421 
2523 840 
4182 12546 
3383 1127 
2933 2933 
2288 2288 
2576 858 
751 2253 
3832 1276 
2195 2195 
4600 13800 
131 393 
4335 13005 
2759 2759 
1046 348 
2008 668 
4187 12561 
2510 7530 
3379 1125 
2821 939 
3091 9273 
3886 11658 
666 221 
2394 2394 
2362 7086 
4628 13884 
1723 5169 
3853 11559 
1049 349 
2686 2686 
4648 13944 
1195 3585 
3113 3113 
1941 1941 
4490 1496 
494 1482 
3483 1160 
1873 623 
3229 3229 
1924 640 
533 1599 
770 2310 
3717 1238 
3782 11346 
1961 653 
4529 1509 
1879 5637 
4435 1477 
2390 2390 
2581 2581 
873 2619 
617 205 
3223 3223 
2220 2220 
3436 10308 
2210 2210 
404 134 
462 1386 
3825 11475 
2642 2642 
1686 1686 
2504 2504 
1074 3222 
1173 3519 
2892 2892 
53 159 
3962 1320 
333 999 
3232 3232 
711 2133 
153 459 
2179 2179 
1568 4704 
3547 1181 
2692 8076 
4788 14364 
3186 1061 
3945 1314 
2404 2404 
2542 2542 
2775 924 
4310 1436 
1390 4170 
2117 2117 
1922 1922 
3946 1314 
15 45 
2038 2038 
3331 1109 
2478 2478 
1838 1838 
500 1500 
2167 2167 
2731 2731 
607 1821 
2781 2781 
2725 2725 
4077 1358 
1866 5598 
2266 2266 
2871 2871 
2370 2370 
1245 3735 
1453 483 
4012 1336 
4749 14247 
2616 2616 
2137 711 
2280 2280 
3784 11352 
2256 2256 
4072 1356 
3040 9120 
1772 5316 
1913 1913 
4825 14475 
1728 1728 
3330 3330 
2878 2878 
2917 2917 
1829 609 
2066 2066 
2550 849 
2602 2602 
294 882 
4607 13821 
4883 1627 
2001 2001 
1871 1871 
4225 12675 
1942 1942 
3065 3065 
1889 1889 
3185 3185 
3276 1091 
2236 6708 
2481 2481 
3012 1003 
2844 2844 
313 103 
4286 1428 
2406 2406 
4922 14766 
4221 1406 
2172 2172 
2766 2766 
3016 3016 
1280 3840 
2191 2191 
1958 652 
1858 1858 
4349 1449 
2765 8295 
2330 6990 
3316 9948 
2925 8775 
2962 2962 
4967 1655 
3819 11457 
1701 1701 
1977 1977 
4174 12522 
494 164 
1746 1746 
1765 1765 
3184 3184 
782 260 
2661 7983 
2019 2019 
717 238 
2439 7317 
3278 3278 
1746 5238 
1782 1782 
2255 2255 
389 129 
3017 3017 
866 288 
1998 1998 
1886 628 
1722 1722 
849 282 
3651 1216 
3834 11502 
1695 564 
1369 4107 
3248 9744 
3244 3244 
1763 587 
3257 9771 
3845 11535 
526 174 
2366 788 
2021 2021 
2327 2327 
2853 2853 
2148 715 
3469 10407 
3220 3220 
2826 8478 
1045 3135 
2711 2711 
3448 1148 
4180 12540 
2696 898 
3833 1277 
4481 13443 
4298 1432 
1661 553 
3266 3266 
1542 513 
4270 1422 
107 35 
1338 445 
4630 1542 
718 238 
4809 1602 
1720 5160 
3359 1119 
4791 14373 
4420 13260 
2284 6852 
4248 1415 
1608 535 
264 792 
229 75 
596 198 
773 257 
1242 413 
3601 10803 
1955 1955 
1788 1788 
847 2541 
3823 11469 
4577 13731 
860 2580 
3104 3104 
3189 3189 
4246 1414 
3960 1319 
939 2817 
4197 1398 
2170 2170 
3553 10659 
165 495 
1989 5967 
1823 5469 
1334 4002 
1548 4644 
601 199 
2928 2928 
3150 3150 
591 1773 
1528 4584 
1465 487 
394 1182 
2316 771 
991 2973 
2778 2778 
1330 3990 
152 456 
2594 2594 
1717 1717 
3609 1202 
2848 2848 
2343 7029 
3088 3088 
1885 627 
3194 3194 
211 633 
2228 742 
4886 14658 
2038 678 
1797 598 
2635 2635 
1660 4980 
4726 1574 
2232 2232 
2782 8346 
3438 10314 
4445 13335 
4357 1451 
2295 2295 
1983 660 
2085 2085 
2633 877 
3011 3011 
4104 12312 
2342 2342 
3148 3148 
2507 835 
2212 2212 
2264 6792 
1997 1997 
1612 4836 
3302 1100 
1151 383 
4179 1392 
2272 2272 
2911 8733 
4682 1560 
360 119 
2088 2088 
3894 1297 
3216 3216 
95 285 
1989 1989 
771 256 
1843 1843 
1864 1864 
1819 1819 
3115 9345 
1752 583 
3001 3001 
2009 669 
2383 7149 
3774 1257 
3162 3162 
2039 2039 
2396 2396 
4007 1335 
394 130 
2281 2281 
2963 2963 
2432 7296 
2776 8328 
4744 1580 
4122 12366 
750 249 
4455 13365 
1845 1845 
2936 2936 
3181 3181 
2858 2858 
1686 561 
3677 11031 
2713 2713 
4795 14385 
4184 1394 
1525 507 
2893 2893 
4206 1401 
3714 1237 
1455 4365 
2590 7770 
1406 4218 
3359 10077 
2420 2420 
2622 2622 
3486 10458 
3861 1286 
3190 1062 
2748 2748 
2384 7152 
3656 1218 
2460 7380 
3326 9978 
4407 1468 
4487 13461 
1040 3120 
3913 11739 
2480 7440 
4790 14370 
3430 10290 
1801 599 
2794 2794 
1700 1700 
36 108 
2287 2287 
2596 2596 
2716 2716 
2445 814 
3404 1134 
293 879 
2673 2673 
3258 1085 
2814 2814 
2334 7002 
3695 11085 
3084 3084 
2361 2361 
1138 3414 
2563 2563 
2046 2046 
1543 513 
2698 2698 
4898 14694 
3347 1115 
2523 2523 
3474 10422 
3459 1152 
3794 11382 
3241 3241 
252 756 
1968 1968 
3617 10851 
2560 2560 
2696 2696 
1625 541 
3154 9462 
3990 11970 
441 1323 
3992 11976 
408 135 
85 255 
2992 2992 
2448 7344 
1355 451 
4137 12411 
3872 1290 
450 149 
3396 10188 
2318 2318 
4575 13725 
4391 13173 
2208 735 
1693 563 
422 140 
1781 1781 
1788 595 
1057 351 
170 56 
3977 1325 
4695 14085 
892 296 
1756 5268 
3055 1017 
3731 1243 
1931 1931 
2982 2982 
2504 834 
616 204 
4204 1400 
163 53 
2733 2733 
2558 7674 
1354 4062 
2022 673 
2625 7875 
3539 1179 
1812 1812 
1696 564 
1989 662 
3308 3308 
3137 3137 
2486 2486 
2930 2930 
903 300 
4392 1463 
2494 7482 
1803 1803 
4868 14604 
2428 2428 
4454 1484 
4532 1510 
2615 2615 
2619 7857 
2058 2058 
1816 1816 
3903 11709 
4318 1438 
381 1143 
2826 2826 
2925 2925 
2392 2392 
1882 1882 
2473 823 
3767 1255 
3647 10941 
4195 12585 
1216 404 
2169 2169 
2031 676 
2780 2780 
1820 1820 
1998 5994 
3454 1150 
649 1947 
2491 829 
3351 10053 
293 97 
3295 3295 
1801 1801 
3038 1012 
3038 3038 
1821 606 
1769 1769 
2810 2810 
1726 1726 
1694 1694 
2205 2205 
2640 879 
606 1818 
731 2193 
1380 4140 
2776 2776 
2707 8121 
4330 12990 
2688 8064 
1872 1872 
1079 3237 
3687 1228 
1486 4458 
2311 2311 
3088 9264 
2857 951 
2630 2630 
1443 4329 
477 158 
1715 1715 
4038 12114 
2029 2029 
2041 6123 
421 139 
3211 9633 
891 296 
3771 1256 
2837 945 
1875 1875 
2087 2087 
2427 808 
4156 1384 
786 261 
3589 10767 
1421 473 
4285 12855 
3754 11262 
1716 1716 
3107 3107 
3413 1137 
2690 8070 
3335 1111 
536 1608 
1488 495 
299 99 
1098 3294 
3802 1266 
1814 604 
3470 1156 
3275 1091 
1217 3651 
4739 14217 
1024 3072 
2808 2808 
3173 3173 
2760 8280 
4234 12702 
1183 393 
2492 2492 
4596 13788 
2591 2591 
3313 1103 
1513 4539 
2181 2181 
3049 3049 
4165 12495 
2980 8940 
2825 2825 
4834 1610 
3625 10875 
1884 1884 
2333 2333 
4553 1517 
4823 14469 
1903 5709 
2414 2414 
3112 3112 
3492 1163 
3165 3165 
3302 3302 
1758 1758 
778 258 
3096 3096 
2042 2042 
3066 3066 
2886 8658 
2695 2695 
4776 14328 
3008 3008 
1727 1727 
138 414 
3752 1250 
3124 3124 
2906 968 
4630 13890 
1672 1672 
3075 3075 
3242 1080 
1236 411 
2422 2422 
3114 1037 
1818 605 
4093 12279 
2332 2332 
2623 7869 
663 220 
1853 1853 
2425 7275 
2390 796 
928 2784 
154 50 
2259 2259 
4570 1522 
2192 2192 
2341 2341 
3123 1040 
256 84 
1267 3801 
1753 583 
1770 1770 
3453 1150 
3408 1135 
1732 1732 
1839 1839 
4250 1416 
3507 10521 
2410 2410 
1714 1714 
3017 1005 
3616 10848 
2469 2469 
1172 3516 
1778 1778 
4973 14919 
1554 517 
1401 4203 
4381 1459 
3047 3047 
3416 1138 
2147 2147 
2927 2927 
3744 1247 
516 171 
832 276 
1825 607 
2739 2739 
2665 2665 
2531 2531 
208 68 
3225 3225 
1894 1894 
2632 7896 
2948 2948 
2707 2707 
3629 1209 
4111 12333 
4458 1485 
2045 2045 
144 432 
545 1635 
3260 3260 
4567 1521 
3023 1007 
3132 3132 
3523 1173 
2803 2803 
3086 9258 
3575 10725 
2676 2676 
1268 422 
44 132 
2642 880 
4103 12309 
914 304 
3324 9972 
3943 1313 
1626 4878 
881 293 
3927 1308 
3078 9234 
2681 2681 
2213 2213 
2347 2347 
2369 2369 
2016 6048 
2239 2239 
2733 910 
1995 1995 
970 322 
1869 1869 
2462 820 
2797 2797 
2163 2163 
3573 10719 
3055 3055 
2194 2194 
2634 877 
3622 10866 
1132 3396 
