6500 7000
2675 8025 
2197 731 
6271 2089 
5742 17226 
3112 3112 
4440 1479 
3720 1239 
183 549 
5846 1948 
2965 8895 
3451 3451 
4294 4294 
6232 18696 
3326 3326 
3119 3119 
1732 5196 
3611 10833 
3521 3521 
5665 1887 
3622 3622 
1697 5091 
4687 14061 
3587 3587 
2906 968 
2571 856 
5198 1732 
2669 889 
3966 3966 
1691 563 
4304 12912 
2246 6738 
2282 2282 
4051 4051 
2512 836 
5600 1866 
6207 18621 
3592 3592 
4999 14997 
2570 2570 
1696 564 
2978 8934 
3890 1296 
3955 3955 
2671 2671 
4851 1616 
6185 18555 
6202 18606 
3703 3703 
6190 2062 
5910 1969 
1139 379 
1554 517 
3993 1330 
6371 2123 
6446 2148 
1993 663 
3335 3335 
4101 4101 
5450 16350 
4930 14790 
4061 12183 
3719 1239 
4008 1335 
2331 6993 
2417 2417 
2777 8331 
396 1188 
3777 3777 
2485 2485 
2413 2413 
1805 601 
2642 2642 
2288 6864 
6488 2162 
5545 16635 
4440 13320 
2119 6357 
3504 3504 
5142 1713 
1376 4128 
3656 3656 
3565 1187 
764 254 
2244 2244 
1737 578 
4095 4095 
3301 3301 
2556 7668 
2463 2463 
1716 571 
1431 4293 
6379 19137 
3996 1331 
3025 3025 
2412 7236 
3333 3333 
3501 3501 
4788 14364 
1042 346 
6309 18927 
3222 3222 
397 131 
280 92 
4281 4281 
103 33 
4486 13458 
1403 4209 
5766 17298 
5126 1708 
5202 15606 
589 1767 
2568 855 
3140 3140 
1698 565 
3711 1236 
1593 530 
757 2271 
5549 1849 
3537 10611 
2488 2488 
4411 1469 
3079 3079 
4262 1420 
420 139 
3062 3062 
3662 3662 
5643 1880 
1538 4614 
3012 3012 
2393 7179 
776 258 
6476 2158 
4126 4126 
3917 1305 
1338 445 
5467 1821 
2559 852 
3164 3164 
2589 2589 
2201 6603 
661 219 
2855 2855 
5935 1977 
6291 18873 
3176 3176 
2209 2209 
2550 2550 
4323 4323 
3906 11718 
446 148 
3417 1138 
2816 2816 
4100 12300 
4056 1351 
4164 4164 
3408 3408 
3844 1280 
920 2760 
5464 1820 
1206 3618 
2521 2521 
2507 7521 
6080 18240 
3907 11721 
2727 2727 
2242 6726 
5707 1901 
1461 486 
2102 700 
4193 1397 
3036 3036 
433 143 
3118 3118 
5143 15429 
1934 5802 
1113 3339 
3099 3099 
3981 11943 
1568 4704 
6003 2000 
3136 3136 
700 2100 
4072 4072 
5899 1965 
2983 2983 
3049 3049 
3075 3075 
2644 2644 
4098 4098 
1904 5712 
3937 3937 
2128 6384 
883 293 
2696 2696 
2800 8400 
3257 3257 
722 240 
2655 2655 
3868 3868 
2799 2799 
4074 12222 
3951 1316 
4166 4166 
5715 1904 
6360 2119 
3057 1018 
1224 3672 
4074 1357 
4260 4260 
3502 1166 
3881 3881 
4265 1421 
4754 1584 
1208 3624 
1711 5133 
3642 10926 
5405 16215 
567 188 
3783 11349 
5454 16362 
3932 3932 
2411 803 
2632 2632 
3032 3032 
4936 14808 
4 0 
3304 3304 
5200 1732 
3595 3595 
1313 3939 
261 783 
2484 2484 
3195 9585 
2992 8976 
6469 2155 
4894 1630 
3707 1235 
2703 2703 
2674 8022 
496 1488 
3634 3634 
361 1083 
3329 1109 
1761 586 
4290 4290 
3031 9093 
2919 972 
1201 399 
2835 2835 
5506 16518 
279 92 
4130 12390 
2189 729 
2507 2507 
2493 2493 
1014 337 
1597 531 
5190 15570 
2104 6312 
283 93 
5282 15846 
2456 818 
1186 3558 
3974 11922 
4729 1575 
3776 3776 
5440 16320 
1981 659 
2931 8793 
6105 2034 
2431 2431 
647 215 
3870 3870 
5333 1777 
2098 6294 
5735 17205 
5647 16941 
3286 9858 
4226 4226 
2805 2805 
2440 812 
3712 3712 
835 2505 
3854 3854 
3550 10650 
1400 4200 
5500 16500 
4485 1494 
4104 12312 
2605 2605 
1651 4953 
3396 3396 
5751 1916 
2622 2622 
3491 3491 
3832 3832 
2949 2949 
2877 958 
1379 4137 
119 39 
6345 19035 
3605 3605 
3530 1176 
2516 2516 
2149 715 
739 245 
5511 1836 
5261 1753 
4627 1541 
4143 4143 
5361 16083 
3421 3421 
3442 10326 
644 1932 
37 111 
5972 1990 
3580 3580 
6431 2143 
3864 11592 
3080 9240 
1583 527 
6369 19107 
1770 589 
4385 1461 
2316 2316 
6433 2143 
2965 2965 
3015 9045 
2208 735 
2340 2340 
2354 2354 
4165 4165 
2449 2449 
5046 1681 
4261 12783 
4987 1661 
5381 1793 
4500 1499 
5282 1760 
4479 13437 
2867 2867 
3855 3855 
1966 5898 
5353 16059 
5428 1808 
169 55 
2684 2684 
3364 3364 
5448 1815 
2230 742 
2252 2252 
4852 14556 
5104 15312 
4345 1447 
3139 3139 
2522 7566 
2325 2325 
2723 2723 
2741 913 
3602 3602 
2723 907 
5073 15219 
2819 2819 
3885 3885 
4496 1498 
4807 1601 
816 2448 
1657 4971 
189 567 
4283 12849 
1653 550 
3554 3554 
3986 3986 
2706 2706 
1811 5433 
2275 757 
4563 13689 
2843 2843 
5609 1869 
1135 3405 
3954 11862 
3762 3762 
876 2628 
2272 2272 
4086 4086 
4025 4025 
4698 1565 
4240 4240 
1580 4740 
3278 3278 
1840 5520 
3227 3227 
3042 3042 
2018 6054 
3609 3609 
627 208 
3086 3086 
553 1659 
5712 1903 
1324 3972 
5060 15180 
3279 3279 
5681 1893 
3958 11874 
3234 9702 
1518 4554 
6151 18453 
3368 3368 
2580 2580 
123 40 
6490 19470 
5514 1837 
3572 3572 
3738 3738 
2605 867 
4169 4169 
5702 1900 
5828 1942 
238 78 
813 2439 
2612 2612 
2712 8136 
2922 8766 
5328 1775 
4229 12687 
3579 3579 
3806 3806 
184 60 
2557 7671 
4204 4204 
243 80 
739 2217 
1415 471 
4315 4315 
3215 3215 
1584 4752 
2791 2791 
5651 1883 
2440 2440 
4885 1627 
1879 5637 
501 1503 
2388 2388 
2540 846 
2693 2693 
3910 3910 
6054 18162 
2802 8406 
2833 2833 
3002 3002 
3818 1272 
212 636 
4246 12738 
2890 8670 
2474 2474 
4806 1601 
2332 2332 
5969 1989 
3169 1055 
2361 7083 
3624 3624 
3405 3405 
5916 17748 
3090 3090 
3984 3984 
3690 3690 
3393 10179 
671 2013 
3158 3158 
2665 2665 
2471 2471 
810 2430 
2519 7557 
3978 3978 
2016 6048 
6045 18135 
3506 3506 
3564 1187 
3025 1007 
643 213 
3389 10167 
4238 12714 
2020 672 
6042 2013 
4526 13578 
1369 4107 
6208 18624 
3959 3959 
631 209 
333 110 
3005 3005 
4257 4257 
4903 14709 
4247 4247 
4209 12627 
1331 3993 
5900 17700 
3418 10254 
4302 4302 
4234 4234 
5992 1996 
2729 909 
3179 3179 
2465 7395 
4171 4171 
3014 3014 
1875 624 
5806 1934 
2772 923 
5658 16974 
3748 1248 
2764 920 
5616 1871 
2294 2294 
3020 3020 
3758 3758 
3875 1291 
3477 3477 
2765 2765 
5485 16455 
4052 4052 
2049 682 
685 227 
1325 441 
6174 18522 
4441 13323 
1753 5259 
264 87 
1032 3096 
1958 5874 
2746 914 
2957 985 
6240 2079 
2132 710 
4215 1404 
2443 813 
2687 8061 
3801 3801 
3793 1263 
4471 1489 
3934 3934 
3809 3809 
1872 623 
4340 13020 
4745 1581 
2347 781 
3594 3594 
6069 2022 
2713 2713 
2882 8646 
3742 3742 
743 2229 
2309 2309 
5329 1775 
3554 10662 
3581 10743 
3438 3438 
378 1134 
4796 1598 
2199 2199 
3249 3249 
1375 457 
3713 1237 
2767 2767 
6346 2114 
2786 2786 
6445 2147 
2702 2702 
3076 3076 
4184 4184 
5884 17652 
2171 2171 
2822 2822 
2758 918 
4192 4192 
5958 17874 
3340 10020 
2583 2583 
4097 4097 
3603 3603 
4089 1362 
266 88 
3165 1054 
5767 17301 
3467 3467 
3497 3497 
4300 4300 
973 2919 
2518 838 
3594 1197 
3530 3530 
2410 7230 
1535 4605 
3631 1209 
655 1965 
5577 16731 
2227 2227 
5059 1685 
2755 2755 
1311 436 
3142 9426 
2815 2815 
2818 2818 
4019 1339 
1822 606 
211 69 
3722 3722 
3563 3563 
238 714 
3101 3101 
4331 12993 
2496 2496 
3204 9612 
2305 6915 
3771 11313 
2872 2872 
4346 13038 
5320 1772 
2389 7167 
3180 3180 
5379 1792 
4665 1554 
6085 18255 
1714 5142 
3228 3228 
3556 1184 
3661 3661 
3812 11436 
2444 814 
323 969 
5041 15123 
5372 16116 
4159 12477 
2697 2697 
3453 1150 
4874 1624 
2917 2917 
2610 2610 
3894 3894 
5125 15375 
1286 3858 
5782 1926 
828 275 
2756 2756 
1937 5811 
1647 4941 
4136 4136 
4901 14703 
4661 13983 
5807 1935 
3444 1147 
1572 4716 
1948 5844 
3205 3205 
4227 4227 
4183 4183 
4067 12201 
2856 2856 
3413 1137 
2617 2617 
3427 1141 
2862 2862 
302 906 
855 284 
4149 4149 
152 456 
2941 2941 
4836 14508 
5385 1794 
3582 1193 
3470 1156 
5931 1976 
4039 4039 
2911 8733 
3374 3374 
2606 868 
2151 6453 
3411 3411 
2267 2267 
6253 2083 
770 2310 
3193 3193 
2332 776 
3311 1103 
4287 4287 
4306 4306 
2614 2614 
4048 12144 
4028 1342 
4378 1458 
4475 13425 
5559 16677 
4928 1642 
3488 3488 
4552 1516 
4730 14190 
1548 4644 
5277 15831 
3293 3293 
1606 4818 
2202 2202 
1588 528 
5848 17544 
2241 2241 
2433 2433 
1748 582 
2223 2223 
3046 1014 
4931 1643 
3336 1111 
2644 880 
6434 2144 
482 160 
4311 4311 
675 224 
3912 11736 
2844 2844 
3753 3753 
2297 6891 
5837 17511 
1530 509 
407 1221 
2435 811 
4336 13008 
830 276 
3065 3065 
2690 2690 
2885 8655 
3783 3783 
1845 614 
2234 2234 
2600 2600 
4116 12348 
2130 6390 
4216 1404 
2857 2857 
4590 1529 
4164 12492 
3502 3502 
3992 11976 
3560 3560 
2629 2629 
1598 4794 
4430 1476 
346 114 
5895 17685 
1650 4950 
5317 15951 
4572 13716 
4013 1337 
6483 19449 
1988 662 
2478 7434 
520 172 
5576 1858 
3309 3309 
380 126 
983 327 
3040 3040 
1939 645 
3518 1172 
4040 1346 
4003 12009 
3582 3582 
3439 3439 
3840 3840 
1247 415 
5387 16161 
2476 2476 
3520 3520 
202 66 
3242 3242 
2389 2389 
1273 423 
6253 18759 
5475 16425 
2419 2419 
3963 3963 
3905 3905 
5908 17724 
4138 12414 
2833 8499 
2195 731 
147 48 
5353 1783 
2297 2297 
2504 834 
3665 1221 
2990 8970 
2556 2556 
2579 2579 
6047 18141 
6375 19125 
1214 3642 
4935 1644 
386 128 
2846 2846 
1095 3285 
2858 8574 
2206 6618 
2247 2247 
3891 3891 
3303 3303 
736 244 
2752 2752 
5942 1980 
4362 13086 
6132 2043 
2481 2481 
2892 2892 
3893 3893 
2188 2188 
3019 3019 
4402 13206 
4126 12378 
4239 1412 
320 960 
3985 3985 
2723 8169 
2050 6150 
3123 3123 
1730 576 
4083 1360 
966 321 
6377 19131 
2911 2911 
3591 3591 
3391 10173 
3357 10071 
5567 16701 
6483 2160 
3136 1044 
4242 1413 
2009 6027 
3542 3542 
2091 696 
2544 7632 
5223 1740 
267 801 
2617 871 
3767 11301 
2176 724 
4526 1508 
4607 1535 
3945 3945 
10 2 
2187 2187 
2061 686 
172 516 
53 17 
3034 1010 
5677 1891 
6183 18549 
1180 392 
965 321 
2114 6342 
3824 3824 
4542 1513 
1731 576 
3671 3671 
2677 2677 
4567 13701 
3484 3484 
4561 13683 
5783 1927 
3628 3628 
3845 3845 
3207 3207 
3475 1157 
2251 749 
2849 949 
2837 2837 
3238 3238 
4059 4059 
972 2916 
2441 7323 
4580 13740 
3720 3720 
685 2055 
3798 3798 
4369 1455 
115 345 
5585 16755 
1977 658 
781 259 
1306 434 
4499 1499 
3377 3377 
2324 2324 
817 271 
3127 1041 
3509 10527 
4964 1654 
1774 590 
2575 2575 
26 78 
2576 858 
2755 917 
5515 16545 
533 177 
2887 2887 
4023 4023 
3082 1026 
2129 6387 
5078 15234 
2944 2944 
4388 1462 
3928 3928 
4743 14229 
4419 13257 
2963 987 
3397 10191 
4415 1471 
4753 14259 
1510 502 
5501 16503 
2638 7914 
2583 860 
3433 3433 
3510 3510 
3713 3713 
4835 14505 
2754 8262 
3496 3496 
3847 3847 
3779 1259 
4304 4304 
481 1443 
3759 3759 
1537 4611 
3433 10299 
862 286 
4968 1655 
817 2451 
3258 1085 
6381 2126 
4313 4313 
6299 2099 
2899 2899 
270 810 
6272 2090 
3479 10437 
5027 15081 
3942 3942 
5781 17343 
4445 1481 
1469 4407 
4511 13533 
2016 671 
6099 2032 
95 285 
3992 3992 
1849 5547 
5166 1721 
3644 10932 
3324 9972 
2700 2700 
5038 1678 
1426 474 
3427 3427 
4155 4155 
5046 15138 
6344 2114 
1333 443 
6402 19206 
4859 14577 
2515 2515 
1743 5229 
6347 19041 
5109 1702 
6245 18735 
2351 2351 
5014 1670 
5349 16047 
4016 4016 
4076 12228 
5023 15069 
866 2598 
2766 2766 
3425 1141 
3098 3098 
841 279 
5705 1901 
2507 835 
4483 13449 
3390 3390 
1460 4380 
592 196 
4938 14814 
705 2115 
4805 1601 
5778 1925 
3140 1046 
2540 2540 
4271 4271 
4740 14220 
3190 3190 
5136 1711 
4533 1510 
4180 4180 
4040 4040 
353 117 
3026 3026 
4953 14859 
4357 13071 
331 993 
2216 6648 
4432 13296 
3974 1324 
2263 2263 
2606 2606 
2686 8058 
2555 2555 
466 1398 
1895 631 
3640 3640 
2189 6567 
4282 12846 
2404 2404 
5057 15171 
5524 1840 
2215 2215 
2709 2709 
5293 15879 
3730 3730 
615 1845 
3141 3141 
873 2619 
1669 5007 
4301 4301 
1706 5118 
4543 1513 
3694 3694 
436 144 
3066 3066 
2475 2475 
2117 6351 
2820 939 
896 298 
2303 6909 
3231 3231 
3897 3897 
766 254 
6023 2007 
2173 2173 
5872 17616 
5928 1975 
3926 3926 
6272 18816 
4075 4075 
2537 2537 
2810 2810 
3525 3525 
28 84 
5756 17268 
3547 10641 
6187 2061 
3105 3105 
1050 3150 
2368 2368 
2879 2879 
1622 4866 
5688 17064 
3032 1010 
925 2775 
4167 4167 
4263 4263 
2877 8631 
2873 2873 
2609 7827 
1577 4731 
2788 2788 
6323 2107 
2571 2571 
2455 7365 
3861 3861 
2675 2675 
2798 2798 
2217 6651 
3692 3692 
2198 2198 
3902 1300 
562 1686 
2913 8739 
4141 4141 
793 2379 
6408 2135 
368 1104 
4906 1634 
3644 3644 
3039 1012 
1172 390 
4334 1444 
3308 1102 
2807 8421 
4280 4280 
3616 3616 
3270 3270 
3177 3177 
3877 3877 
3264 1087 
5145 1714 
3960 1319 
4238 4238 
1462 486 
4800 14400 
3659 3659 
1765 5295 
6293 2097 
3408 10224 
1304 434 
1855 617 
235 77 
3422 3422 
3133 1043 
4036 4036 
3663 3663 
263 87 
4942 1646 
2648 2648 
3180 1059 
1071 3213 
4224 4224 
3117 3117 
2271 2271 
239 717 
555 184 
1899 632 
2321 6963 
3865 3865 
3909 1302 
835 277 
4700 14100 
1335 4005 
5922 1973 
4297 4297 
3823 3823 
4533 13599 
1681 559 
2814 2814 
2959 8877 
842 2526 
417 1251 
3116 3116 
2997 2997 
2548 848 
1088 3264 
910 302 
5081 1693 
1410 4230 
6496 2164 
2315 2315 
977 2931 
5980 1992 
1940 646 
2976 2976 
2711 2711 
2908 968 
3207 9621 
5954 1984 
1211 403 
2660 7980 
6459 19377 
2299 2299 
4114 4114 
4037 1345 
2542 2542 
3261 3261 
361 119 
2995 2995 
1826 5478 
1342 446 
2249 2249 
2448 7344 
2978 2978 
5881 17643 
3818 11454 
2593 2593 
4932 14796 
1331 443 
2148 715 
4663 13989 
3287 9861 
112 336 
3499 1165 
2418 7254 
2875 2875 
4282 4282 
3232 1076 
989 2967 
4974 1657 
3423 1140 
1803 5409 
5261 15783 
1787 595 
4026 4026 
6098 2032 
2932 976 
1595 4785 
3514 1170 
2610 869 
1402 466 
4337 13011 
3876 3876 
2599 2599 
1656 4968 
2558 7674 
5602 1866 
3853 1283 
3539 3539 
3396 10188 
1729 575 
4084 12252 
4267 12801 
5008 15024 
2233 2233 
3615 3615 
3103 3103 
1096 364 
5636 1878 
3442 3442 
4311 12933 
280 840 
3394 3394 
198 594 
4348 13044 
2824 2824 
4294 12882 
5311 1769 
4322 4322 
4033 4033 
2616 2616 
1163 3489 
1034 344 
3761 11283 
5323 15969 
5705 17115 
3896 11688 
3940 1312 
5280 1759 
840 279 
2620 2620 
2228 742 
6258 18774 
5100 15300 
3329 9987 
1086 361 
6132 18396 
1603 4809 
3862 3862 
3563 1187 
1132 3396 
3808 3808 
1909 635 
2956 2956 
4129 4129 
2170 722 
4258 12774 
1810 5430 
3855 1284 
891 2673 
3846 3846 
3350 1116 
4789 14367 
3324 1107 
5204 1734 
3880 1292 
3274 3274 
485 1455 
3752 11256 
4548 13644 
3829 3829 
759 2277 
4579 1525 
2399 2399 
1102 366 
5224 1740 
3457 3457 
3540 1179 
2728 2728 
2685 894 
2156 6468 
3561 3561 
3732 1243 
5646 1881 
5555 1851 
2290 2290 
5571 1856 
2185 2185 
3357 1118 
4284 4284 
5995 1997 
2982 2982 
1453 483 
221 73 
3256 9768 
4972 14916 
5281 1759 
3757 3757 
5621 1873 
2372 2372 
2564 2564 
517 171 
5234 15702 
4523 13569 
1384 4152 
4308 4308 
2852 2852 
6216 18648 
3922 11766 
5849 1949 
2597 865 
4160 4160 
5160 15480 
1174 3522 
4366 13098 
4808 1602 
4610 1536 
309 927 
3358 3358 
5850 17550 
128 384 
216 71 
3948 3948 
1412 4236 
4806 14418 
922 2766 
1714 570 
1276 424 
6230 18690 
3005 9015 
3274 9822 
6014 18042 
3637 3637 
3960 3960 
1845 5535 
6457 19371 
6104 18312 
5904 17712 
1458 4374 
2657 7971 
3494 3494 
3669 3669 
4648 13944 
3428 3428 
47 141 
3944 1314 
3695 3695 
3398 1132 
5668 1888 
6353 2117 
6417 19251 
6466 19398 
6075 18225 
3401 3401 
3172 9516 
3006 1001 
3787 11361 
6152 2050 
2702 8106 
4439 1479 
6326 18978 
1738 578 
4955 14865 
557 185 
2916 2916 
3125 3125 
3486 10458 
1292 3876 
5657 16971 
645 214 
3975 1324 
2739 8217 
4275 12825 
3414 1137 
371 1113 
431 1293 
3724 11172 
1074 357 
5097 1698 
331 109 
1821 606 
3103 1033 
4405 13215 
3881 1293 
2055 6165 
6215 2071 
2923 2923 
4265 4265 
378 125 
2312 2312 
3208 1068 
3394 1130 
3276 9828 
4119 4119 
6472 2156 
39 117 
2889 2889 
2450 816 
5112 15336 
2932 2932 
5832 17496 
4380 13140 
3009 3009 
3212 3212 
6470 19410 
3027 3027 
4477 1491 
4109 12327 
4086 12258 
4292 4292 
831 2493 
5862 17586 
4810 1602 
2174 6522 
5547 1848 
1958 652 
4212 12636 
2824 940 
407 135 
4043 4043 
3172 1056 
3886 3886 
4185 4185 
3980 3980 
2691 896 
5963 1987 
151 453 
2085 694 
5718 1905 
2649 2649 
4447 13341 
5987 1995 
4354 13062 
2123 707 
3240 3240 
4188 4188 
3959 11877 
5480 1826 
1765 587 
777 258 
4275 4275 
5456 1818 
6128 18384 
1108 368 
5898 1965 
2933 2933 
3701 11103 
3130 1042 
5883 1960 
4043 12129 
2735 911 
1159 3477 
5655 1884 
2264 2264 
4310 4310 
1694 5082 
1244 414 
423 1269 
5597 16791 
5615 1871 
4091 1363 
770 256 
2382 2382 
2512 2512 
3560 1186 
2681 2681 
3512 3512 
3287 3287 
3468 10404 
3615 10845 
4250 4250 
4187 1395 
3749 3749 
4597 13791 
6094 18282 
2773 2773 
3410 3410 
1204 3612 
1903 633 
2245 6735 
2917 8751 
1813 5439 
4114 1370 
2482 2482 
5355 1784 
3052 9156 
2844 8532 
2364 787 
2258 6774 
105 315 
3575 3575 
3988 3988 
2270 2270 
5478 1825 
5325 15975 
4455 13365 
2981 993 
1592 530 
3822 3822 
759 252 
1696 5088 
3640 10920 
2847 2847 
1861 619 
5177 15531 
3768 3768 
2576 2576 
4060 4060 
4305 12915 
4245 1414 
5092 1696 
2193 2193 
4546 13638 
3927 3927 
5885 17655 
3271 9813 
48 15 
3004 9012 
525 174 
5454 1817 
4989 14967 
2551 2551 
924 2772 
3917 3917 
761 253 
2379 2379 
5605 16815 
3548 3548 
4829 14487 
2133 6399 
5599 1865 
1536 511 
4409 1469 
3296 1098 
2807 935 
3646 1214 
270 89 
5800 17400 
1082 360 
2330 2330 
2609 869 
5880 1959 
3537 3537 
6135 18405 
4313 1437 
4231 1409 
5708 1902 
6252 2083 
5789 1929 
3135 1044 
547 181 
3146 1048 
2127 708 
507 168 
566 188 
2482 7446 
3858 3858 
3606 3606 
4278 4278 
3705 11115 
3931 3931 
3958 3958 
2391 796 
2036 6108 
2963 2963 
220 72 
2884 8652 
4135 4135 
4106 4106 
2559 7677 
3224 3224 
2886 2886 
4191 1396 
677 2031 
4866 1621 
1269 3807 
3068 3068 
3319 3319 
2336 778 
4238 1412 
5821 17463 
4037 4037 
4344 1447 
6500 2166 
2445 814 
3061 1019 
1724 5172 
3503 1167 
2308 2308 
4619 1539 
5012 1670 
3392 1130 
3216 1071 
2535 844 
1602 4806 
4938 1645 
3729 3729 
993 330 
3598 3598 
3283 9849 
217 71 
4919 1639 
634 210 
3991 3991 
3253 9759 
4930 1642 
3668 3668 
1294 3882 
5173 1723 
3492 3492 
3132 3132 
5447 16341 
3672 3672 
131 393 
4177 4177 
4518 13554 
3085 3085 
1522 506 
3737 3737 
5484 16452 
792 263 
3111 3111 
3326 9978 
2710 2710 
2075 6225 
5241 15723 
2718 2718 
2280 759 
2740 8220 
326 108 
3911 3911 
4574 1524 
4047 1348 
5825 1941 
1020 339 
3546 3546 
2980 2980 
3705 3705 
3711 11133 
4403 1467 
4104 4104 
4907 1635 
1775 591 
324 107 
2334 2334 
2937 2937 
516 1548 
2388 7164 
5243 15729 
3778 1258 
212 70 
1290 3870 
4199 1399 
3378 3378 
2716 2716 
2910 2910 
4638 1545 
3412 10236 
6378 2125 
180 59 
2682 2682 
2894 2894 
2668 2668 
2737 8211 
3204 3204 
2724 2724 
2661 886 
1058 352 
3736 1244 
1287 3861 
2532 2532 
2247 6741 
1275 3825 
53 159 
3332 1110 
2363 2363 
2242 746 
2438 2438 
5873 1957 
715 2145 
6270 2089 
424 140 
4076 4076 
2780 2780 
4558 1518 
5959 1985 
2367 788 
4834 14502 
2699 2699 
1563 520 
6442 19326 
2578 7734 
1107 368 
143 47 
2265 2265 
4997 1665 
2710 8130 
4848 14544 
3199 1065 
382 1146 
4087 1361 
4202 4202 
6304 18912 
3443 10329 
3293 1097 
3860 3860 
3568 10704 
4219 12657 
5885 1961 
3485 3485 
390 1170 
5540 16620 
3606 10818 
4035 12105 
3268 1088 
2596 2596 
4008 4008 
2975 8925 
3048 3048 
4621 13863 
5424 1807 
2348 2348 
3691 3691 
4200 4200 
2774 2774 
3780 1259 
2511 2511 
1831 5493 
1832 610 
2601 7803 
3077 3077 
3665 3665 
4146 1381 
3961 3961 
3641 1213 
2135 6405 
2479 2479 
3061 3061 
5532 16596 
2998 998 
3302 3302 
5529 1842 
2924 2924 
5390 16170 
568 1704 
5791 17373 
547 1641 
4221 4221 
4301 12903 
360 119 
4691 14073 
1575 4725 
5427 16281 
3806 11418 
3733 3733 
2636 7908 
2329 2329 
1718 5154 
2360 2360 
3588 3588 
3685 3685 
2321 773 
5541 1846 
385 127 
1661 4983 
6197 18591 
3973 11919 
3724 3724 
4673 14019 
2523 2523 
2581 2581 
5787 17361 
1983 5949 
1529 4587 
928 308 
4458 1485 
2210 2210 
5759 1919 
4005 4005 
4077 4077 
1469 489 
336 111 
4153 1383 
3143 3143 
3437 10311 
3455 3455 
2778 925 
4225 4225 
2602 2602 
1072 3216 
5419 1805 
2198 732 
3483 10449 
3138 3138 
5841 1946 
2393 2393 
4111 4111 
3329 3329 
3016 9048 
2526 2526 
3194 3194 
545 1635 
3979 3979 
3739 3739 
3370 3370 
3905 11715 
1387 4161 
6042 18126 
213 70 
4986 14958 
6248 2082 
3796 11388 
6086 18258 
3173 3173 
4315 1437 
3592 10776 
3307 3307 
2034 677 
4332 1443 
2475 824 
2924 974 
4330 4330 
4157 4157 
2320 2320 
4267 4267 
2967 2967 
2212 2212 
2884 2884 
3464 3464 
2674 2674 
3296 3296 
1837 611 
864 287 
4404 13212 
5707 17121 
5517 16551 
5151 15453 
2545 2545 
3666 3666 
3386 10158 
3882 3882 
5446 1814 
1008 335 
3120 3120 
4089 12267 
4194 12582 
163 53 
3641 3641 
3598 1198 
3604 3604 
2181 2181 
2214 2214 
2304 6912 
306 101 
6059 18177 
5418 1805 
3031 3031 
541 179 
1655 4965 
3022 1006 
3717 11151 
1547 4641 
3769 1255 
4008 12024 
5487 1828 
3344 10032 
243 729 
2562 2562 
5948 1982 
2213 2213 
5649 16947 
2510 2510 
1176 391 
2351 7053 
5416 1804 
2996 2996 
2251 2251 
3232 3232 
3666 10998 
3021 3021 
5748 17244 
6036 18108 
2096 698 
3794 11382 
1147 3441 
5652 1883 
3271 3271 
3311 9933 
3137 1045 
6010 18030 
5490 1829 
5267 15801 
2051 6153 
5359 1785 
2378 2378 
2707 901 
1501 4503 
5386 16158 
1929 642 
4414 13242 
2661 2661 
1916 5748 
4099 4099 
4782 1593 
2554 2554 
5101 15303 
2418 805 
3196 3196 
3970 3970 
3047 1015 
3825 1274 
2707 8121 
3708 1235 
5671 17013 
2618 2618 
6108 2035 
2643 7929 
4216 12648 
2803 2803 
3188 3188 
2123 6369 
5890 17670 
4915 1637 
4480 13440 
3655 10965 
756 2268 
4264 4264 
3736 3736 
3786 3786 
6398 19194 
913 303 
4864 1620 
4604 13812 
3142 3142 
516 171 
1231 409 
780 259 
2658 7974 
2806 2806 
1028 3084 
5237 15711 
3764 3764 
3581 3581 
4122 4122 
5945 1981 
3659 1219 
3836 3836 
864 2592 
2913 2913 
2155 6465 
2679 2679 
3869 3869 
2543 2543 
4255 1417 
1887 5661 
4176 12528 
6055 18165 
909 2727 
2301 766 
1420 4260 
3482 3482 
3538 3538 
3094 3094 
2907 2907 
4208 12624 
3398 3398 
3195 3195 
2222 2222 
4101 12303 
3727 3727 
1173 390 
3076 1024 
3288 3288 
2934 2934 
2889 8667 
1754 5262 
3846 1281 
3458 1152 
698 232 
4452 1483 
5936 1978 
4105 4105 
2065 6195 
4032 1343 
2528 7584 
6105 18315 
437 145 
2162 720 
3849 3849 
3254 3254 
859 285 
2799 8397 
6162 2053 
3938 3938 
2964 2964 
2342 2342 
2425 2425 
719 2157 
2406 2406 
3781 3781 
3339 3339 
3449 10347 
539 1617 
4999 1665 
3328 1108 
3303 9909 
199 65 
960 2880 
6308 18924 
278 834 
488 1464 
3674 3674 
1344 447 
5936 17808 
982 2946 
3456 10368 
2318 2318 
2333 2333 
4430 13290 
3887 11661 
5404 16212 
5416 16248 
2089 695 
2950 2950 
2986 2986 
2815 937 
2008 668 
1628 542 
3999 3999 
2277 2277 
3178 3178 
1446 481 
5535 1844 
3351 10053 
693 230 
2275 2275 
4583 1527 
3312 9936 
2767 8301 
1705 567 
2288 2288 
2865 2865 
6197 2065 
3041 3041 
2589 862 
4962 1653 
3332 3332 
3250 3250 
3663 1220 
2932 8796 
4179 12537 
6273 18819 
582 1746 
313 103 
3186 9558 
2498 2498 
2646 2646 
5533 16599 
1230 409 
2370 789 
4572 1523 
3812 1270 
2490 2490 
2626 2626 
3340 1112 
2900 2900 
4194 4194 
4454 13362 
4469 13407 
5306 1768 
1973 657 
3683 1227 
2536 2536 
4204 12612 
3860 1286 
2737 911 
1863 620 
1060 352 
5532 1843 
3392 3392 
657 1971 
3236 3236 
4834 1610 
3016 1004 
6297 2098 
5065 1687 
2455 817 
2289 2289 
4173 4173 
3619 3619 
6140 18420 
522 1566 
2751 2751 
3294 1097 
1053 3159 
229 75 
4550 1516 
911 2733 
3196 9588 
3192 9576 
2612 7836 
4017 1338 
3044 3044 
4550 13650 
3623 10869 
1125 3375 
536 1608 
4779 1592 
5753 17259 
5342 16026 
6396 2131 
228 75 
3052 1016 
1809 602 
3638 3638 
3566 3566 
2060 686 
4035 4035 
6300 18900 
2405 2405 
5776 17328 
4062 4062 
3756 3756 
4244 1414 
3144 3144 
2452 2452 
4038 4038 
3189 9567 
5999 17997 
1174 390 
4395 13185 
3752 3752 
1307 435 
4976 1658 
4762 14286 
2414 7242 
2761 8283 
3839 1279 
1230 3690 
3129 3129 
4672 1556 
3191 9573 
3152 3152 
6379 2125 
4274 1424 
2392 2392 
4237 4237 
4100 4100 
44 14 
2239 745 
31 9 
3292 9876 
6256 2084 
1372 4116 
3144 1047 
3372 3372 
2608 868 
2888 8664 
3230 3230 
5904 1967 
4007 12021 
4739 14217 
39 12 
772 2316 
1657 551 
4664 13992 
2211 2211 
1243 413 
2371 789 
1784 5352 
6049 18147 
4984 1660 
1101 366 
5328 15984 
337 111 
2529 2529 
5338 1778 
3998 3998 
3730 11190 
6024 2007 
3253 1083 
5576 16728 
3478 10434 
5682 1893 
5919 1972 
218 72 
2378 792 
4090 1362 
2423 2423 
2981 2981 
4898 1632 
2296 2296 
2429 809 
3523 3523 
6001 18003 
2926 2926 
3067 1021 
3613 3613 
6140 2046 
3035 3035 
5829 17487 
4330 12990 
1511 503 
2381 2381 
3414 3414 
818 2454 
2775 2775 
2354 784 
5999 1999 
3346 1114 
3270 9810 
2521 7563 
405 134 
2974 2974 
480 159 
169 507 
2396 7188 
6066 18198 
194 64 
3531 1176 
4962 14886 
2748 2748 
2653 7959 
2152 6456 
1343 4029 
3264 9792 
208 624 
5522 16566 
2699 8097 
4018 12054 
2954 2954 
453 150 
5171 15513 
3740 1246 
6087 18261 
3131 3131 
2333 6999 
3922 3922 
510 1530 
2 6 
2566 854 
1563 4689 
3954 3954 
2901 966 
5382 1793 
5426 1808 
3706 3706 
2143 6429 
2984 2984 
2355 2355 
3198 3198 
2854 8562 
3229 9687 
3364 1120 
2106 6318 
1248 3744 
4147 12441 
3299 9897 
2559 2559 
3197 3197 
3361 1119 
3131 1043 
6264 18792 
3156 3156 
2085 6255 
2204 2204 
1791 5373 
4864 14592 
1694 564 
4134 4134 
4201 1399 
3996 3996 
1057 3171 
5896 17688 
549 1647 
3812 3812 
455 1365 
3115 3115 
6233 2077 
949 315 
2256 2256 
2358 7074 
2867 8601 
1715 571 
2377 2377 
300 900 
5108 15324 
3164 9492 
6261 18783 
3456 1151 
6112 2036 
3883 1293 
5086 15258 
1295 431 
350 116 
2528 2528 
738 2214 
1607 4821 
4752 1583 
1009 335 
2877 2877 
1734 577 
795 264 
2492 2492 
1695 5085 
2129 709 
1611 4833 
3360 10080 
6473 19419 
805 2415 
202 606 
6134 2044 
741 246 
3710 3710 
6281 2093 
3906 3906 
4162 12486 
3796 3796 
4688 14064 
2305 2305 
2054 6162 
4186 12558 
4054 4054 
1540 512 
1862 620 
2235 2235 
3970 1322 
4601 13803 
3569 3569 
5722 1906 
2736 2736 
4239 12717 
2588 7764 
6201 2066 
1971 5913 
6340 19020 
3828 11484 
3067 3067 
787 2361 
3697 3697 
4087 4087 
4393 13179 
4889 14667 
1320 3960 
2512 7536 
5148 15444 
774 2322 
3871 3871 
2729 8187 
3950 3950 
5285 1761 
2328 6984 
5425 16275 
2477 2477 
2940 2940 
6404 19212 
6180 2059 
3220 1072 
3950 1316 
5069 15207 
2672 2672 
4113 4113 
3982 3982 
3001 3001 
2336 2336 
5309 1769 
2725 2725 
726 241 
5401 1799 
3425 3425 
2287 6861 
2216 2216 
4069 4069 
1324 440 
6441 19323 
4216 4216 
2442 7326 
3600 10800 
3839 3839 
2758 8274 
5562 16686 
2196 2196 
3616 10848 
3816 3816 
951 2853 
5308 1768 
2494 2494 
1216 404 
1360 4080 
6036 2011 
4501 13503 
2258 2258 
643 1929 
664 220 
3147 1048 
1131 3393 
3608 10824 
2303 2303 
996 2988 
1402 4206 
5220 15660 
5893 1963 
2577 2577 
2190 729 
5319 15957 
5749 17247 
2779 2779 
788 2364 
3718 3718 
5338 16014 
3356 1118 
893 2679 
3944 3944 
5706 1901 
4906 14718 
3375 3375 
1162 386 
1562 520 
3185 3185 
3373 3373 
3305 3305 
3445 3445 
1420 472 
5962 17886 
2480 2480 
4148 4148 
4050 4050 
3731 11193 
3199 3199 
2989 2989 
3404 10212 
5318 1772 
5870 17610 
276 91 
403 1209 
5612 16836 
5144 15432 
2113 6339 
3750 3750 
2832 2832 
3255 3255 
6177 2058 
3186 3186 
3172 3172 
3203 3203 
1383 4149 
80 26 
2422 806 
5059 15177 
4085 4085 
3782 3782 
4584 13752 
1864 620 
2956 984 
3381 3381 
2161 6483 
500 166 
6260 18780 
4080 4080 
1672 556 
1073 3219 
160 480 
5024 15072 
2250 2250 
4833 14499 
808 268 
2186 2186 
4501 1499 
569 1707 
4322 1440 
2798 932 
2820 2820 
3161 3161 
5998 17994 
2898 8694 
3726 3726 
2748 915 
1922 640 
3708 3708 
3880 11640 
1654 4962 
4621 1539 
2613 870 
4214 4214 
406 1218 
3001 999 
3333 1110 
381 1143 
849 282 
3967 3967 
2323 6969 
1967 5901 
2586 2586 
3236 9708 
728 242 
5546 16638 
2894 8682 
3769 3769 
3652 3652 
2387 795 
3219 3219 
2761 2761 
347 115 
2100 6300 
5957 1985 
4176 4176 
3636 3636 
1223 407 
1026 3078 
3944 11832 
4963 14889 
1158 3474 
94 282 
1979 659 
5671 1889 
2722 2722 
2645 7935 
5463 1820 
3909 3909 
2175 6525 
3151 3151 
4126 1374 
2972 2972 
5302 15906 
4508 13524 
5493 1830 
4001 12003 
3085 1027 
3975 3975 
6051 18153 
3632 3632 
4995 14985 
3456 3456 
5231 15693 
2385 2385 
603 200 
3095 9285 
4107 4107 
3911 1303 
4988 14964 
4426 1474 
3558 1185 
4120 4120 
4607 13821 
20 6 
4820 14460 
3766 3766 
5111 15333 
3133 9399 
2759 2759 
3235 1077 
6317 2105 
6254 18762 
2774 8322 
5548 16644 
2973 2973 
3497 1165 
1512 503 
4229 4229 
2953 2953 
2762 2762 
3927 11781 
4474 1490 
2291 2291 
4244 4244 
3262 9786 
158 52 
1625 4875 
2236 2236 
2195 2195 
4873 14619 
6188 2062 
2663 2663 
594 1782 
3294 3294 
1553 517 
4666 13998 
4782 14346 
978 325 
4144 1380 
5335 16005 
745 247 
5714 17142 
3725 11175 
1828 5484 
4764 1587 
5659 16977 
4587 1528 
6400 2132 
5991 1996 
4664 1554 
5030 1676 
2572 2572 
4128 4128 
1385 461 
2705 2705 
1274 3822 
5117 1705 
3184 3184 
2999 2999 
474 1422 
2902 8706 
3969 3969 
1202 3606 
2787 2787 
3452 3452 
2620 7860 
3382 10146 
2734 8202 
4473 1490 
2866 954 
3689 11067 
4064 1354 
3359 3359 
1861 5583 
4960 1652 
2358 2358 
4792 14376 
2930 2930 
1187 3561 
4218 1405 
1391 4173 
4707 1568 
4153 4153 
3084 3084 
901 2703 
3541 3541 
3939 3939 
5554 16662 
4952 14856 
250 750 
3901 3901 
78 25 
1204 400 
3365 3365 
5594 1864 
2898 2898 
3191 3191 
4161 12483 
4756 14268 
4001 1333 
2693 8079 
3660 3660 
3479 3479 
4245 4245 
2850 2850 
3904 3904 
4110 4110 
4181 4181 
4618 13854 
126 378 
3643 10929 
2430 2430 
793 263 
790 2370 
4231 4231 
501 166 
1506 501 
3568 3568 
4286 1428 
3287 1095 
4840 14520 
965 2895 
4431 1476 
3680 1226 
3462 10386 
4283 4283 
2941 8823 
5265 1754 
4222 4222 
5342 1780 
4021 4021 
3988 11964 
2910 969 
4387 1461 
2853 2853 
3121 3121 
2204 734 
2293 2293 
2167 721 
3763 3763 
3597 3597 
2055 684 
2262 2262 
3114 3114 
3853 3853 
4768 1588 
2316 6948 
2811 2811 
3396 1131 
3873 11619 
2659 2659 
6487 19461 
1664 4992 
5738 17214 
3247 9741 
4937 14811 
4454 1484 
2365 2365 
3290 1096 
3908 3908 
5326 1774 
3799 3799 
3965 3965 
5317 1771 
3747 11241 
3856 3856 
4398 1465 
5518 16554 
2638 2638 
3369 3369 
3015 3015 
468 1404 
6362 2120 
3262 1086 
2809 2809 
836 278 
1354 450 
4450 13350 
6363 2120 
3678 3678 
4076 1358 
5408 16224 
593 197 
2760 8280 
2260 2260 
4696 14088 
4051 12153 
2936 2936 
4805 14415 
2418 2418 
2759 8277 
6288 2095 
366 121 
4924 14772 
6078 2025 
3280 3280 
3349 3349 
3208 3208 
1511 4533 
2052 683 
4014 4014 
1448 4344 
3182 3182 
6407 19221 
3780 11340 
741 2223 
5673 17019 
3000 3000 
2207 2207 
5431 1809 
3290 3290 
5103 15309 
1037 3111 
24 72 
2750 2750 
1077 3231 
1817 5451 
3310 3310 
3711 3711 
3165 3165 
648 215 
2422 7266 
4102 12306 
5177 1725 
1281 3843 
3227 1075 
4761 14283 
2427 808 
6141 18423 
2953 8859 
3937 1311 
3087 1028 
4319 1439 
5823 1940 
3122 1040 
3696 3696 
4628 13884 
3253 3253 
1637 4911 
1018 3054 
2506 2506 
5501 1833 
3791 3791 
3660 1219 
2875 8625 
1212 403 
1353 4059 
818 272 
4305 4305 
2398 7194 
2483 7449 
2316 771 
4013 4013 
3331 3331 
2939 8817 
2783 2783 
2622 873 
5313 1770 
5096 1698 
1935 5805 
6129 18387 
4850 1616 
2792 2792 
3125 1041 
2715 2715 
1408 468 
4577 1525 
2683 2683 
3940 3940 
5725 1907 
3637 1211 
689 229 
5064 1687 
4614 13842 
2270 756 
2741 2741 
3756 1251 
5277 1758 
2840 2840 
4271 12813 
5330 1776 
4087 12261 
3976 3976 
710 236 
4175 4175 
2845 2845 
1546 514 
100 300 
2038 6114 
4089 4089 
3889 11667 
2752 916 
3923 3923 
5697 1898 
495 1485 
5048 1682 
3128 1042 
2566 2566 
3867 1288 
4539 1512 
4243 4243 
4161 4161 
2279 2279 
604 1812 
5099 15297 
3297 3297 
3550 3550 
3874 3874 
3093 3093 
5986 17958 
1127 3381 
979 2937 
3076 9228 
322 966 
2414 2414 
3490 3490 
1468 4404 
2592 2592 
3407 10221 
3524 1174 
2871 2871 
2569 2569 
3745 11235 
4762 1586 
3007 3007 
811 269 
2757 2757 
3755 11265 
888 2664 
4137 12411 
4605 13815 
6407 2135 
4203 4203 
3653 3653 
4137 1378 
4274 4274 
2922 973 
1841 613 
3978 1325 
3567 1188 
4397 13191 
3756 11268 
412 136 
4487 13461 
5283 15849 
4668 1555 
236 708 
3761 3761 
1663 4989 
1022 3066 
2796 2796 
2764 2764 
4339 13017 
3794 3794 
6057 2018 
2364 7092 
2681 8043 
4070 4070 
3347 1115 
2501 2501 
3542 10626 
3625 10875 
3043 3043 
5444 16332 
4900 1632 
5033 15099 
4196 4196 
3577 1191 
2282 760 
3807 11421 
3084 9252 
2786 928 
5542 1846 
3418 1138 
3481 3481 
3628 10884 
3693 11079 
3210 3210 
2590 862 
2448 2448 
4139 12417 
1007 335 
610 1830 
1219 405 
5611 16833 
3662 10986 
5769 17307 
2756 918 
2522 2522 
5378 16134 
3544 3544 
2343 780 
3457 1151 
5933 17799 
3835 3835 
5666 16998 
2829 2829 
4044 4044 
4077 1358 
5984 17952 
6127 2041 
1115 3345 
2513 7539 
2245 2245 
84 252 
4010 4010 
4300 12900 
2553 2553 
5388 16164 
2700 899 
3188 1062 
3898 3898 
3540 3540 
5483 16449 
3256 3256 
6183 2060 
3547 3547 
295 97 
3056 1018 
5110 15330 
5107 15321 
3526 3526 
3278 9834 
263 789 
2968 2968 
3591 10773 
4376 13128 
3679 3679 
3154 3154 
430 142 
3493 3493 
2317 771 
3920 3920 
4660 1552 
3052 3052 
1275 424 
3418 3418 
4321 4321 
1809 5427 
2255 2255 
858 285 
4082 12246 
4293 4293 
3729 1242 
5563 1853 
3732 3732 
4264 1420 
3341 3341 
3722 11166 
2744 2744 
3902 3902 
585 194 
3610 10830 
6009 2002 
3675 3675 
4346 1448 
2380 2380 
4531 1509 
4043 1347 
4223 4223 
6181 2059 
5203 15609 
3197 9591 
5193 1730 
4066 4066 
3893 11679 
2915 971 
3579 10737 
5685 17055 
2019 6057 
4716 14148 
610 202 
3083 1027 
2927 8781 
4637 1545 
2878 2878 
5127 15381 
5730 1909 
2082 693 
5890 1962 
4748 14244 
1321 3963 
3578 3578 
142 426 
3011 3011 
5035 1677 
2549 7647 
3527 3527 
4352 13056 
3614 3614 
3424 1140 
2248 748 
2557 2557 
3244 9732 
5647 1881 
2421 806 
2782 926 
3574 3574 
4000 4000 
2172 2172 
3379 3379 
3071 3071 
824 2472 
4633 1543 
4768 14304 
1313 437 
3038 3038 
2271 6813 
3956 3956 
2585 2585 
2344 2344 
2287 761 
2737 2737 
732 243 
5960 1986 
4226 1408 
1596 531 
1799 599 
2495 7485 
4961 1653 
5934 1977 
33 99 
3611 3611 
246 738 
3560 10680 
1957 5871 
5071 1689 
4187 12561 
3734 3734 
1931 5793 
3879 3879 
4172 12516 
1011 336 
4811 1603 
5743 17229 
4073 1357 
2024 674 
4581 1526 
3195 1064 
3805 3805 
4427 13281 
4570 1522 
2302 2302 
3681 11043 
3840 11520 
2469 2469 
4468 13404 
2769 8307 
3765 1254 
3050 3050 
6199 18597 
580 1740 
4019 4019 
5589 16767 
2261 6783 
5686 17058 
108 35 
3448 3448 
4300 1432 
2472 2472 
2680 2680 
4003 4003 
4069 1355 
5787 1928 
3008 1002 
4361 1453 
2298 2298 
2874 2874 
3459 3459 
1699 5097 
6130 2042 
3746 3746 
3683 3683 
3394 10182 
3333 9999 
6220 2072 
3046 9138 
3531 3531 
2772 2772 
3762 1253 
5983 1993 
5727 17181 
1624 4872 
6406 2134 
6040 2012 
5825 17475 
4566 1521 
3100 1032 
1823 607 
1896 5688 
5699 17097 
688 2064 
2281 759 
2572 856 
3407 3407 
2520 839 
3024 3024 
450 1350 
5191 15573 
5930 17790 
5587 1861 
5724 1907 
2300 2300 
2580 859 
4361 13083 
1388 4164 
2457 2457 
2687 2687 
625 207 
3500 3500 
2238 2238 
6473 2157 
3045 3045 
3771 1256 
6452 19356 
839 279 
2416 2416 
4781 1593 
1688 5064 
3221 3221 
2762 920 
2555 851 
1381 459 
5660 16980 
3464 10392 
4341 13023 
4377 1458 
272 816 
2621 7863 
6143 18429 
6488 19464 
5654 1884 
3458 3458 
6193 2063 
4268 4268 
4159 4159 
2714 2714 
714 237 
3494 1164 
2864 2864 
3503 10509 
2614 870 
1365 454 
3200 1066 
4597 1531 
2243 6729 
2312 6936 
2426 2426 
3731 3731 
6354 19062 
5848 1948 
2688 2688 
2608 2608 
6394 2130 
2396 2396 
4663 1553 
4123 4123 
2294 764 
2836 2836 
4649 13947 
410 1230 
1960 5880 
2027 6081 
3963 11889 
3857 1285 
2190 2190 
2466 2466 
3362 3362 
2921 2921 
1713 5139 
2417 805 
3091 3091 
5538 16614 
680 2040 
3491 10473 
4872 14616 
6157 2051 
2668 8004 
6276 2091 
3004 3004 
5921 1973 
2394 2394 
3517 10551 
3298 3298 
367 121 
2021 6063 
4549 1515 
5136 15408 
6300 2099 
6306 18918 
271 813 
5820 1939 
3074 3074 
604 200 
224 74 
3650 3650 
2946 2946 
532 176 
6387 2128 
2905 967 
6296 18888 
2345 2345 
3873 3873 
324 972 
5422 16266 
4985 14955 
5562 1853 
1386 4158 
5759 17277 
3435 3435 
880 2640 
1608 535 
3245 3245 
5717 1905 
5943 17829 
3473 3473 
3049 1015 
4090 4090 
2698 2698 
5661 1886 
4599 13797 
4360 1452 
2194 2194 
2876 958 
4268 1422 
3480 3480 
3702 11106 
2197 2197 
5859 17577 
3867 3867 
5365 1787 
2909 8727 
1739 5217 
2933 8799 
3779 3779 
2928 2928 
2841 946 
2785 8355 
3851 3851 
5506 1834 
3654 3654 
3471 3471 
2384 7152 
5860 1952 
1638 4914 
1442 4326 
3649 1215 
2184 2184 
3695 1231 
6329 18987 
2607 2607 
4991 1663 
3666 1221 
5035 15105 
4254 1417 
2658 2658 
4387 13161 
1470 4410 
1423 473 
6461 19383 
2356 784 
3833 3833 
2983 8949 
993 2979 
5869 1955 
3102 3102 
4470 1489 
1039 345 
2893 2893 
4218 4218 
4029 4029 
470 1410 
809 2427 
2883 8649 
6332 18996 
2943 2943 
3075 9225 
2651 2651 
4106 12318 
2732 8196 
2409 7227 
2454 2454 
4194 1397 
3072 1023 
4189 4189 
5437 16311 
5193 15579 
3145 1047 
6173 18519 
3312 3312 
3544 1180 
5798 1932 
1913 5739 
605 201 
4990 1662 
4049 4049 
185 61 
2544 2544 
4809 14427 
2673 2673 
2041 6123 
4197 4197 
1403 467 
3790 3790 
4354 1450 
2083 6249 
2220 739 
285 94 
3817 3817 
3413 3413 
1277 425 
5481 1826 
2397 2397 
6336 2111 
5263 1753 
1597 4791 
3687 3687 
3837 3837 
2547 2547 
4351 1449 
6375 2124 
3299 1099 
2902 966 
2115 704 
435 144 
2817 2817 
1238 3714 
3348 3348 
1816 604 
5313 15939 
6208 2068 
4689 14067 
5123 15369 
2225 2225 
2435 2435 
4425 1474 
2331 2331 
424 1272 
3167 3167 
4258 1418 
2650 882 
2958 2958 
3192 3192 
5120 1706 
4582 13746 
5095 15285 
3353 3353 
1225 407 
2430 809 
6412 2136 
6262 2086 
3110 3110 
2183 6549 
3474 1157 
2465 2465 
2823 2823 
127 41 
2404 800 
5045 1681 
6171 18513 
3282 3282 
5377 16131 
35 105 
3629 3629 
3135 3135 
5171 1723 
4765 1587 
3352 3352 
6446 19338 
1856 5568 
4307 4307 
527 175 
3323 1107 
2168 722 
2644 7932 
4613 13839 
3857 11571 
1689 562 
3505 3505 
4726 1574 
2226 2226 
3599 10797 
245 81 
2747 2747 
1411 469 
536 178 
3404 3404 
3323 3323 
4205 4205 
2841 2841 
2504 2504 
3230 9690 
1241 3723 
4355 13065 
4117 4117 
3536 10608 
4799 1599 
4242 4242 
1646 4938 
2642 880 
5154 15462 
6337 2111 
1830 609 
4564 1520 
3259 3259 
2278 6834 
4195 1397 
1073 357 
2977 991 
19 57 
2422 2422 
2237 2237 
3484 10452 
6346 19038 
5811 1936 
161 483 
5902 17706 
419 139 
2462 2462 
2770 2770 
4270 4270 
1839 612 
771 2313 
452 150 
3764 11292 
1784 594 
6266 2088 
1613 4839 
3440 3440 
2177 2177 
3113 3113 
666 221 
5001 1666 
1964 5892 
6090 2029 
3218 3218 
3415 3415 
2801 2801 
3466 3466 
3995 3995 
927 2781 
171 56 
2813 2813 
3431 3431 
4153 12459 
598 198 
5723 17169 
1114 370 
2584 2584 
2570 7710 
4246 4246 
3069 3069 
3220 3220 
3419 10257 
4312 12936 
1045 3135 
2847 8541 
2322 2322 
5334 16002 
2548 2548 
348 115 
3289 3289 
374 1122 
4251 4251 
3088 3088 
262 86 
3327 1108 
3798 1265 
4155 12465 
5686 1894 
3209 3209 
2520 2520 
2821 939 
2883 960 
3607 3607 
4131 4131 
3432 3432 
3366 3366 
463 153 
2266 2266 
6366 19098 
4401 1466 
4038 12114 
2473 2473 
869 289 
3804 3804 
3899 3899 
5557 1851 
2256 6768 
3882 1293 
3385 3385 
6319 18957 
321 963 
3244 3244 
3676 3676 
5033 1677 
3825 3825 
5005 1667 
616 1848 
380 1140 
4146 4146 
949 2847 
5676 1891 
5384 1794 
3457 10371 
2708 2708 
5300 1766 
3535 3535 
1006 334 
2787 928 
3054 1017 
1112 370 
3998 1332 
5735 1911 
3534 3534 
3596 3596 
298 98 
1730 5190 
3269 3269 
143 429 
5089 15267 
2425 7275 
3900 1299 
914 304 
1680 5040 
2887 961 
2742 2742 
4754 14262 
3551 3551 
2767 921 
3804 1267 
4852 1616 
3262 3262 
3952 11856 
5410 16230 
1790 596 
1867 5601 
4073 4073 
2625 2625 
253 759 
1363 453 
2394 7182 
6305 18915 
2138 6414 
5690 1896 
2530 2530 
3330 3330 
5444 1814 
2672 8016 
3162 3162 
6072 2023 
2230 6690 
3785 1261 
6144 18432 
2573 2573 
182 60 
3696 11088 
6119 18357 
3475 10425 
1280 3840 
5441 16323 
2859 8577 
492 163 
1779 5337 
3557 10671 
2307 2307 
2220 2220 
2367 2367 
1870 622 
721 239 
2733 2733 
3974 3974 
5774 17322 
3022 3022 
166 54 
3590 1196 
3701 1233 
5497 16491 
3675 1224 
1082 3246 
4124 12372 
5093 15279 
2281 2281 
274 822 
3841 3841 
448 1344 
4605 1534 
4365 13095 
4154 4154 
1960 652 
357 1071 
5068 15204 
4279 4279 
4810 14430 
2657 2657 
3513 3513 
2383 2383 
2261 753 
4571 1523 
5662 1886 
3658 3658 
2871 8613 
4024 4024 
315 945 
5374 1790 
4351 13053 
4259 4259 
808 2424 
4667 1555 
5343 1780 
6429 2142 
5222 1740 
4298 4298 
2933 977 
4296 4296 
5449 16347 
1019 339 
2994 2994 
2268 6804 
1409 469 
4879 1625 
3018 3018 
2731 8193 
765 2295 
5445 1814 
1825 607 
57 18 
2776 924 
2489 7467 
1883 5649 
1587 4761 
1282 3846 
1178 3534 
3771 3771 
2695 897 
4602 13806 
3576 3576 
5394 16182 
2390 796 
6147 18441 
2704 2704 
3757 11271 
3863 11589 
4512 1503 
5755 1917 
4736 1578 
3773 3773 
4286 4286 
2209 735 
4018 1338 
740 2220 
3039 3039 
3170 3170 
487 161 
4217 4217 
3214 3214 
5679 17037 
2849 2849 
4994 1664 
4023 12069 
5861 1953 
4289 4289 
3643 3643 
2988 2988 
2180 2180 
135 44 
3571 3571 
3126 1041 
4266 4266 
4186 4186 
4943 14829 
2286 2286 
3247 3247 
4358 1452 
1467 488 
1768 588 
2541 2541 
6028 18084 
5721 1906 
4236 1411 
3441 1146 
5559 1852 
6228 18684 
5047 1681 
3430 3430 
4909 14727 
1815 5445 
3511 3511 
3423 3423 
2938 2938 
1653 4959 
3934 1310 
3648 3648 
1710 5130 
1432 476 
3426 3426 
1806 5418 
878 2634 
4629 13887 
3507 1168 
672 223 
686 2058 
3872 3872 
4198 12594 
4095 12285 
4687 1561 
3449 3449 
3693 3693 
21 6 
3494 10482 
4078 4078 
3701 3701 
210 630 
241 723 
3858 11574 
4405 1467 
4109 4109 
1315 437 
3797 3797 
5676 17028 
2344 7032 
2626 874 
3447 10341 
3802 1266 
3580 1192 
1259 419 
4827 14481 
1542 513 
4327 12981 
3699 11097 
2955 2955 
6454 2150 
3754 3754 
4697 14091 
4326 4326 
3682 3682 
3564 3564 
1759 585 
2082 6246 
1797 598 
2739 2739 
4220 4220 
799 265 
3039 9117 
717 2151 
3997 11991 
4142 4142 
2982 8946 
240 79 
2174 2174 
164 492 
3716 1238 
2650 2650 
2597 2597 
2310 6930 
4329 4329 
3780 3780 
2942 2942 
3403 3403 
4898 14694 
2587 2587 
1987 5961 
2805 8415 
4905 14715 
3994 11982 
5673 1890 
2754 2754 
4031 4031 
3845 1281 
2409 2409 
315 104 
3321 3321 
4199 4199 
4219 4219 
671 223 
2996 998 
5636 16908 
2667 2667 
1043 347 
2186 6558 
2387 2387 
2001 666 
3657 3657 
3809 1269 
2993 2993 
141 46 
4446 1481 
2113 703 
5084 1694 
2231 2231 
3226 3226 
4041 4041 
4201 4201 
3747 1248 
1528 4584 
3307 9921 
6421 2139 
4112 4112 
3518 3518 
3630 3630 
6083 18249 
2647 881 
5765 1921 
2964 8892 
4235 12705 
3419 3419 
3784 3784 
5297 15891 
4100 1366 
2058 685 
994 330 
3443 3443 
1100 366 
4102 4102 
5451 1816 
3239 9717 
2649 882 
2738 8214 
1070 356 
4088 4088 
3709 3709 
6052 18156 
4811 14433 
2360 786 
2456 2456 
3915 3915 
3790 1262 
6294 18882 
991 329 
3241 3241 
3380 3380 
2961 2961 
1741 579 
4136 12408 
5233 15699 
2349 2349 
2497 831 
4070 12210 
3985 1327 
5564 1854 
3545 3545 
4335 1444 
4870 1622 
5996 17988 
4128 1375 
3793 3793 
2900 966 
1747 5241 
6154 18462 
5597 1865 
2486 2486 
5618 16854 
4067 4067 
6470 2156 
4954 14862 
296 888 
2639 7917 
2746 2746 
1154 3462 
1499 4497 
3993 3993 
2207 6621 
2313 2313 
5031 1676 
4256 4256 
2451 816 
537 178 
3117 1038 
3843 1280 
3802 3802 
3516 1171 
6492 19476 
883 2649 
2971 2971 
5042 1680 
2918 8754 
4691 1563 
1228 408 
3930 3930 
93 279 
6244 18732 
528 1584 
683 2049 
370 122 
4741 1579 
1989 5967 
4152 4152 
5397 1798 
4047 4047 
3921 11763 
4903 1633 
4124 4124 
3359 10077 
4261 4261 
2719 2719 
2183 2183 
4241 12723 
6259 2085 
678 2034 
4281 12843 
2561 2561 
1433 4299 
2266 6798 
1110 369 
2416 7248 
136 44 
5689 17067 
1117 3351 
765 254 
638 1914 
4451 13353 
438 145 
1068 355 
3918 3918 
3962 3962 
6242 2080 
5499 16497 
2293 6879 
3555 3555 
2461 7383 
1503 4509 
3383 3383 
6355 2117 
3347 3347 
4951 1649 
6149 18447 
709 2127 
3150 3150 
1856 618 
4118 4118 
958 2874 
3281 3281 
3524 3524 
3913 3913 
2402 2402 
5218 15654 
2947 2947 
6256 18768 
523 1569 
4249 4249 
1946 5838 
2890 2890 
6269 2089 
1609 4827 
1345 4035 
2586 861 
5753 1917 
3243 9729 
3454 3454 
4053 4053 
2335 2335 
6265 18795 
5737 17211 
1105 3315 
2525 2525 
3688 3688 
221 663 
1173 3519 
2361 2361 
1969 655 
4032 12096 
3866 11598 
3814 1270 
841 2523 
2171 6513 
215 645 
4757 14271 
4230 4230 
3475 3475 
2239 2239 
3299 3299 
1620 4860 
2690 8070 
1919 5757 
4027 4027 
2664 2664 
1780 592 
2200 2200 
4383 1460 
4819 14457 
4262 12786 
959 2877 
4205 12615 
3296 9888 
3748 3748 
2945 8835 
4277 4277 
3936 3936 
2628 7884 
3350 10050 
5733 17199 
498 1494 
4883 14649 
11 33 
2545 847 
1112 3336 
3229 3229 
798 2394 
5745 17235 
941 2823 
5966 17898 
245 735 
1578 4734 
2078 6234 
3434 10302 
4540 1512 
4343 1447 
2539 7617 
3767 3767 
235 705 
2451 2451 
3971 3971 
3171 9513 
5630 1876 
3704 3704 
5379 16137 
2110 6330 
637 211 
3919 3919 
3373 10119 
3530 10590 
6088 18264 
3719 3719 
4004 4004 
5170 1722 
4494 1497 
4716 1571 
3740 11220 
3788 3788 
3149 9447 
2467 2467 
2276 2276 
3153 3153 
2895 2895 
2178 2178 
2587 7761 
3852 3852 
5220 1739 
1223 3669 
5208 15624 
4265 12795 
4165 12495 
3272 3272 
4893 14679 
2461 2461 
4917 1638 
5227 1741 
1257 418 
4632 1543 
5826 1941 
3354 3354 
4191 4191 
2969 2969 
5575 16725 
850 282 
3740 3740 
162 53 
2248 2248 
3741 3741 
2253 2253 
5824 1940 
3049 9147 
3681 3681 
3315 3315 
634 1902 
5324 1774 
3717 3717 
2609 2609 
871 289 
4842 14526 
773 257 
3314 3314 
4174 4174 
183 60 
2676 891 
1359 452 
3968 3968 
734 2202 
2578 2578 
3975 11925 
4524 13572 
1106 3318 
2721 2721 
2547 7641 
2470 2470 
3827 3827 
6487 2161 
2979 992 
2602 7806 
6113 18339 
3800 3800 
2090 6270 
1304 3912 
4856 14568 
3082 3082 
3667 3667 
3137 3137 
3213 3213 
3670 3670 
3291 3291 
1155 3465 
588 1764 
6328 18984 
5515 1837 
885 2655 
4097 12291 
4006 4006 
3867 11601 
495 164 
2064 687 
518 1554 
3332 9996 
3755 1251 
2636 2636 
2310 2310 
3599 3599 
3899 1299 
3946 11838 
2321 2321 
5522 1840 
5979 17937 
3124 3124 
6185 2061 
2630 7890 
3559 3559 
3436 3436 
1200 3600 
3981 3981 
3639 3639 
3289 9867 
3030 3030 
1834 5502 
3338 10014 
3664 3664 
2726 2726 
3284 3284 
2753 917 
966 2898 
3292 3292 
4093 4093 
1193 397 
3821 3821 
2727 908 
1498 498 
4068 4068 
3318 3318 
3145 3145 
1531 509 
2987 2987 
4193 4193 
3863 3863 
4079 1359 
6048 2015 
1893 5679 
180 540 
3725 3725 
2145 714 
1079 3237 
874 290 
839 2517 
3996 11988 
134 402 
3645 1214 
5495 16485 
2124 707 
858 2574 
3818 3818 
1847 615 
4623 1540 
5734 17202 
3098 1032 
4833 1610 
2502 833 
2957 2957 
2565 2565 
4399 1465 
3900 3900 
365 121 
3055 9165 
5457 1818 
2903 2903 
6195 2064 
1439 4317 
4908 1635 
2740 912 
3961 11883 
5050 15150 
5343 16029 
3053 1017 
3268 3268 
3698 3698 
5270 1756 
950 2850 
2627 2627 
562 186 
3919 11757 
5946 17838 
3178 1058 
5940 17820 
5312 1770 
6444 19332 
5810 1936 
6211 18633 
6269 18807 
3907 1301 
6067 18201 
4622 1540 
1996 5988 
3395 3395 
1260 3780 
2390 2390 
3947 3947 
2228 2228 
2945 2945 
3303 1100 
5302 1766 
3774 3774 
4167 12501 
2839 2839 
4215 4215 
1548 515 
5139 15417 
4190 4190 
3343 3343 
3848 3848 
3803 3803 
2293 763 
5278 1758 
6095 2031 
2831 8493 
3694 11082 
153 50 
2895 8685 
5226 1741 
3320 1106 
2990 996 
385 1155 
1121 3363 
784 260 
4046 4046 
3063 3063 
3351 3351 
3124 1040 
3649 3649 
2339 2339 
4594 1530 
3951 11853 
2594 2594 
5480 16440 
2674 890 
4272 4272 
1570 522 
3483 3483 
2656 2656 
2408 2408 
1877 625 
3509 3509 
4812 14436 
2539 2539 
2035 6105 
2801 8403 
5134 15402 
3957 3957 
5765 17295 
1046 3138 
3645 3645 
2030 676 
2224 2224 
4070 1356 
5846 17538 
2643 2643 
3440 1146 
2499 2499 
3973 3973 
5137 1711 
5564 16692 
2653 2653 
5627 16881 
2738 2738 
2490 7470 
5229 15687 
1242 3726 
1025 341 
5054 1684 
1951 5853 
2464 820 
2543 7629 
4408 1468 
5362 16086 
3626 3626 
4098 12294 
6028 2008 
3157 3157 
2929 2929 
1056 351 
1770 5310 
767 255 
1396 4188 
2768 8304 
3883 11649 
3092 1030 
1690 562 
4211 4211 
6324 2107 
4258 4258 
3367 3367 
3953 3953 
912 303 
3461 3461 
1639 545 
6082 18246 
4022 4022 
2613 2613 
723 2169 
3342 3342 
1390 4170 
382 126 
377 1131 
3060 3060 
2246 2246 
2740 2740 
116 38 
2876 2876 
2807 2807 
2434 2434 
3625 3625 
1598 532 
4210 1402 
2952 8856 
463 1389 
6445 19335 
5309 15927 
2217 2217 
2538 2538 
3813 3813 
4061 4061 
1315 3945 
4233 4233 
1764 587 
2467 7401 
4006 12018 
3768 1255 
4592 13776 
607 1821 
3842 3842 
5259 1752 
2830 2830 
4577 13731 
5675 1891 
4318 4318 
5833 17499 
6465 2154 
2006 6018 
4269 4269 
3050 1016 
3474 3474 
2314 2314 
2826 2826 
4292 12876 
3398 10194 
1749 582 
5965 1987 
6499 2165 
1828 608 
2682 893 
3402 3402 
3097 3097 
2193 730 
3517 3517 
3472 3472 
3742 1246 
2131 709 
6358 19074 
2870 956 
3593 3593 
6267 2088 
1827 5481 
1356 4068 
2384 794 
2274 2274 
426 1278 
591 1773 
2103 700 
3285 9855 
3338 3338 
2998 2998 
1968 655 
2442 813 
3104 3104 
170 510 
2571 7713 
6426 19278 
2669 2669 
226 74 
4065 1354 
4271 1423 
6172 18516 
3318 1105 
4326 12978 
3429 1142 
3159 9477 
2505 2505 
3225 3225 
1670 556 
3813 11439 
3133 3133 
409 1227 
190 570 
3265 3265 
3480 1159 
2811 8433 
3916 1304 
1541 4623 
2369 789 
3234 3234 
4197 12591 
5634 16902 
1808 602 
3562 3562 
3852 1283 
4018 4018 
5172 1723 
6113 2037 
4697 1565 
2863 953 
4057 4057 
2268 2268 
4092 12276 
1203 400 
4139 4139 
5070 1689 
2778 2778 
363 120 
3252 3252 
6348 2115 
4182 4182 
3598 10794 
4116 4116 
3183 3183 
3233 3233 
3946 3946 
5894 17682 
3053 3053 
2343 2343 
4074 4074 
5582 16746 
328 984 
3921 1306 
5497 1831 
2374 2374 
4187 4187 
6263 18789 
2100 699 
1831 609 
3635 3635 
4573 13719 
3070 3070 
3454 10362 
703 233 
3235 3235 
4787 1595 
3263 3263 
4625 1541 
3583 3583 
4576 13728 
4323 1440 
3623 3623 
5818 17454 
1658 4974 
2896 2896 
6444 2147 
1928 5784 
872 2616 
3171 3171 
1615 537 
3109 3109 
2373 2373 
2328 2328 
218 654 
5669 1889 
4379 13137 
2436 811 
2798 8394 
6123 2040 
3915 11745 
2999 8997 
6074 18222 
5225 1741 
5867 1955 
3466 10398 
556 1668 
2574 2574 
5887 1961 
3018 9054 
2591 2591 
737 245 
1197 398 
2691 2691 
2979 2979 
3990 11970 
1786 594 
5339 16017 
632 1896 
2662 2662 
3439 1145 
3841 11523 
2943 980 
4213 4213 
2327 2327 
2919 2919 
3506 1168 
5219 15657 
2909 2909 
3884 3884 
5340 16020 
2771 2771 
330 990 
3888 3888 
4163 1387 
4130 1376 
2201 2201 
4603 13809 
3424 3424 
3174 9522 
2084 6252 
3059 1019 
4563 1520 
2701 899 
3699 1232 
1237 411 
3134 9402 
3773 11319 
22 66 
2093 697 
3395 1131 
5952 17856 
70 22 
344 1032 
3799 1265 
1888 628 
2936 978 
1617 538 
4390 13170 
3246 3246 
3393 3393 
2072 690 
5391 1796 
3465 3465 
2639 2639 
5681 17043 
2352 2352 
2793 2793 
294 882 
3441 3441 
4711 14133 
348 1044 
11 3 
3041 1013 
4156 1384 
3503 3503 
2491 2491 
2157 6471 
3505 10515 
6497 2165 
901 299 
6110 2036 
707 235 
3735 3735 
1246 414 
1982 660 
3601 3601 
2790 2790 
2200 732 
416 138 
2287 2287 
2785 2785 
6061 2019 
3266 1088 
2420 2420 
2568 2568 
2285 2285 
3179 9537 
2712 903 
2907 8721 
1063 3189 
2489 2489 
778 2334 
2604 2604 
3028 3028 
2169 2169 
3362 1120 
2216 738 
2259 752 
3584 3584 
3344 3344 
1627 541 
2088 6264 
4324 4324 
5428 16284 
3388 10164 
334 110 
1119 3357 
6403 19209 
3106 3106 
5752 17256 
4847 1615 
26 8 
2541 846 
3267 3267 
2888 2888 
1178 392 
4133 1377 
2357 2357 
4133 4133 
1510 4530 
1894 630 
1010 336 
179 59 
3264 3264 
3949 3949 
4118 1372 
499 1497 
3328 3328 
4742 1580 
5164 15492 
4830 1609 
4774 14322 
2596 7788 
3933 3933 
412 1236 
409 135 
4303 4303 
5114 15342 
3527 10581 
579 1737 
4202 12606 
4854 14562 
6318 2105 
3354 1117 
2233 6699 
1245 3735 
5591 16773 
4853 1617 
4318 12954 
3429 3429 
1602 533 
3169 3169 
5662 16986 
6089 18267 
3325 1107 
2604 867 
5085 15255 
2445 2445 
2401 2401 
4029 1342 
2230 2230 
1482 493 
5575 1857 
2437 7311 
4871 1623 
2983 993 
769 2307 
2794 2794 
2229 2229 
4675 1557 
2745 2745 
4514 1504 
4096 12288 
3528 1175 
4582 1526 
6380 2126 
2382 7146 
3787 3787 
6370 2122 
4331 4331 
189 62 
5596 1864 
885 294 
2124 6372 
1978 5934 
4529 1509 
5915 17745 
820 272 
4064 4064 
6154 2050 
1060 3180 
109 35 
5168 1722 
6030 18090 
4797 14391 
4414 1470 
2213 737 
3260 3260 
3499 3499 
3515 3515 
1974 5922 
2866 2866 
6337 19011 
14 42 
3529 1175 
3994 3994 
2444 7332 
2278 2278 
4284 1427 
3324 3324 
1683 5049 
2311 2311 
2206 2206 
3801 1266 
3355 1117 
3618 3618 
200 600 
1820 5460 
2462 7386 
561 1683 
6321 2106 
3089 3089 
5901 1966 
4464 13392 
2019 672 
2514 2514 
2868 2868 
5943 1980 
3054 3054 
1038 345 
3572 1190 
2859 2859 
3486 3486 
1404 467 
3046 3046 
4252 4252 
3021 9063 
3127 3127 
1367 455 
3 9 
3628 1208 
3361 3361 
3211 1069 
4088 12264 
2105 701 
2273 2273 
1392 4176 
2096 6288 
4296 12888 
2883 2883 
353 1059 
3508 3508 
2729 2729 
14 4 
4791 14373 
3225 1074 
2487 828 
6125 2041 
6237 2078 
4861 1619 
3901 1299 
3677 3677 
2906 2906 
1353 450 
1542 4626 
2497 2497 
3453 3453 
4702 14106 
1930 642 
2611 2611 
2686 2686 
2982 993 
904 2712 
5233 1743 
6447 2148 
3498 3498 
4656 1551 
4400 1466 
6145 18435 
2880 2880 
3340 3340 
3033 3033 
4121 4121 
2886 961 
3013 3013 
3237 3237 
2407 2407 
2584 860 
628 208 
4826 1608 
2631 2631 
355 1065 
2931 2931 
5075 15225 
3877 1291 
4134 1377 
2701 2701 
4954 1650 
3300 3300 
1994 664 
3684 11052 
5731 17193 
1725 574 
4009 4009 
5709 17127 
5818 1938 
670 222 
5290 15870 
4427 1475 
4683 1560 
998 332 
4127 4127 
3534 1177 
4015 4015 
4444 1480 
2384 2384 
6 18 
560 186 
1503 500 
1231 3693 
2390 7170 
3080 3080 
2558 2558 
3678 11034 
3397 3397 
4681 14043 
2508 835 
6062 18186 
2367 7101 
3269 9807 
5147 15441 
3389 3389 
9 2 
3655 3655 
5521 16563 
3376 1124 
5891 17673 
1996 664 
1544 4632 
3308 9924 
5113 1703 
2920 2920 
2053 6159 
4656 13968 
1668 555 
3610 3610 
5453 1817 
2834 2834 
2068 688 
1415 4245 
2065 687 
3843 3843 
6310 2102 
3345 10035 
4084 4084 
1804 600 
6430 19290 
2631 7893 
3136 9408 
3835 1277 
2338 2338 
4056 4056 
2385 7155 
2314 770 
1357 4071 
4253 4253 
5959 17877 
1115 371 
3446 1148 
364 120 
2635 2635 
2459 2459 
3807 3807 
458 1374 
2179 6537 
3128 3128 
1013 337 
3009 9027 
5793 1930 
2612 870 
4165 1387 
3310 1102 
1846 614 
3820 3820 
2271 756 
5503 1833 
3652 1216 
3743 3743 
3420 10260 
4063 12189 
3444 3444 
3490 1162 
1122 373 
3064 3064 
3069 9207 
3066 1021 
3092 3092 
1675 557 
3922 1306 
3006 3006 
3006 9018 
3322 3322 
1327 441 
4309 4309 
3489 3489 
3608 3608 
1582 526 
2320 772 
2205 2205 
1852 616 
3588 1195 
4140 12420 
4230 1409 
4273 1423 
3969 1322 
5696 17088 
2789 2789 
2552 2552 
538 1614 
277 91 
4366 1454 
6179 2059 
3467 1155 
2517 2517 
19 5 
2989 995 
6049 2015 
1061 353 
5648 1882 
2515 837 
2901 2901 
4980 14940 
3055 1017 
3537 1178 
2208 2208 
5162 1720 
3083 9249 
5443 16329 
2044 680 
2630 2630 
1006 3018 
4220 1406 
2670 2670 
5331 1776 
2221 2221 
2549 2549 
908 2724 
1062 353 
2280 2280 
804 2412 
1374 457 
4875 1624 
4248 12744 
1952 5856 
3543 3543 
3175 1057 
1140 379 
3055 3055 
2842 2842 
3149 3149 
2023 6069 
3675 11025 
5612 1870 
2734 2734 
3689 3689 
5578 16734 
4235 4235 
6376 2124 
3997 3997 
5762 1920 
3681 1226 
3938 1312 
5418 16254 
582 193 
4050 12150 
4711 1569 
4058 4058 
2474 824 
5073 1690 
3450 3450 
341 113 
2975 2975 
3745 3745 
85 27 
2398 2398 
5291 15873 
6450 2149 
5124 1707 
3941 3941 
3134 3134 
3887 1295 
4661 1553 
2904 2904 
5556 1851 
1580 526 
3590 3590 
1803 600 
4425 13275 
5638 16914 
6073 2023 
2315 6945 
5622 16866 
2633 2633 
2181 6543 
2009 669 
2369 2369 
3276 3276 
6205 2067 
2726 908 
4705 14115 
3578 10734 
2042 6126 
6019 18057 
476 1428 
2450 2450 
5642 16926 
4207 4207 
2990 2990 
4208 4208 
5197 15591 
4574 13722 
3723 1240 
5805 1934 
4183 12549 
3553 3553 
5475 1824 
1141 3423 
5561 16683 
2143 713 
6018 2005 
4196 1398 
5188 15564 
3680 3680 
2187 728 
3977 3977 
8 24 
3248 3248 
3374 10122 
2253 750 
2152 716 
2480 826 
3916 3916 
2378 7134 
4112 12336 
2685 2685 
697 231 
1188 395 
5674 17022 
2985 2985 
1094 364 
3283 3283 
4015 12045 
3684 3684 
4860 1619 
5786 1928 
4946 1648 
5115 15345 
1097 3291 
3866 3866 
2045 6135 
6290 2096 
5406 1801 
4475 1491 
6174 2057 
5838 1945 
754 2262 
5920 1972 
376 124 
2518 7554 
2421 2421 
1933 643 
3887 3887 
3352 10056 
4129 12387 
3857 3857 
3982 1326 
3175 9525 
508 1524 
1094 3282 
3163 3163 
1920 639 
3325 3325 
2885 2885 
2695 2695 
4822 14466 
3830 3830 
1965 5895 
905 301 
4959 14877 
5400 16200 
6065 2021 
4606 13818 
2146 6438 
1752 583 
3532 3532 
2730 2730 
3914 3914 
882 293 
2641 2641 
5452 1816 
5000 15000 
2179 2179 
5856 1951 
6320 2106 
585 1755 
1000 3000 
2243 2243 
3973 1323 
345 1035 
2753 2753 
475 157 
912 2736 
3037 3037 
2760 2760 
4948 14844 
5750 17250 
4147 4147 
5940 1979 
2567 2567 
3993 11979 
2181 726 
133 399 
384 1152 
3400 3400 
1961 653 
4692 1563 
651 1953 
5402 1800 
2428 2428 
2661 7983 
3583 10749 
3573 1190 
3159 3159 
2500 2500 
3217 9651 
2678 8034 
4285 4285 
1505 4515 
1526 4578 
6434 19302 
5225 15675 
4986 1661 
5188 1728 
3935 3935 
3022 9066 
3895 3895 
5235 1744 
4850 14550 
3010 3010 
4749 14247 
4885 14655 
730 2190 
4785 14355 
2861 2861 
1604 4812 
1036 3108 
3317 3317 
2851 2851 
3646 3646 
5713 1903 
3760 3760 
3326 1108 
3656 10968 
848 2544 
1735 5205 
2370 2370 
2582 2582 
3553 1183 
3181 3181 
756 251 
5950 1982 
3702 3702 
4241 1413 
3647 3647 
2615 2615 
2720 2720 
2623 2623 
3217 3217 
3130 3130 
2353 2353 
3341 10023 
3406 3406 
4079 4079 
3336 3336 
4931 14793 
3223 3223 
5024 1674 
4891 1629 
2784 2784 
2670 8010 
1399 4197 
6020 18060 
2915 2915 
2977 2977 
3345 3345 
4002 4002 
2595 2595 
3677 1225 
422 1266 
3327 3327 
470 156 
3943 3943 
1843 5529 
356 118 
5069 1689 
2645 2645 
3316 3316 
1011 3033 
3437 3437 
3781 11343 
2330 776 
4103 4103 
3888 1295 
3355 3355 
605 1815 
1934 644 
2624 2624 
2366 2366 
2987 8961 
5294 1764 
3639 1212 
898 2694 
1126 374 
1593 4779 
2319 2319 
4375 1457 
2768 2768 
2192 2192 
4132 4132 
3435 10305 
2948 2948 
2891 2891 
2382 793 
5740 17220 
3251 3251 
1058 3174 
4291 4291 
3026 1008 
2295 2295 
2848 2848 
2446 2446 
3342 10026 
5273 15819 
5536 16608 
3122 3122 
2586 7758 
3526 1174 
2703 900 
3770 3770 
12 36 
3749 11247 
3460 3460 
3519 10557 
3285 3285 
4493 1497 
2766 921 
2779 925 
1524 4572 
2828 2828 
6181 18543 
1621 539 
6320 18960 
2468 2468 
3542 1180 
4303 12909 
5627 1875 
6082 2026 
2986 994 
3160 3160 
824 274 
3437 1145 
2371 2371 
2424 2424 
1052 350 
4299 4299 
4576 1524 
4172 4172 
1294 430 
4644 13932 
1479 492 
1920 5760 
2854 2854 
2533 7599 
2751 916 
6093 2030 
4083 4083 
874 2622 
3789 3789 
72 216 
3580 10740 
3889 3889 
4125 4125 
2882 2882 
5207 1735 
565 1695 
1333 3999 
4212 4212 
2666 2666 
3828 3828 
2795 2795 
3384 10152 
2654 2654 
2509 2509 
4091 4091 
399 1197 
1801 5403 
3679 1225 
3405 10215 
2346 2346 
2149 6447 
2542 846 
3700 3700 
3266 3266 
4328 4328 
3358 10074 
4364 13092 
665 1995 
4060 1352 
4273 4273 
1437 4311 
3206 1068 
32 10 
3387 3387 
6465 19395 
4082 4082 
2519 2519 
6372 2123 
2918 2918 
5020 1672 
3785 3785 
2395 2395 
3080 1026 
129 42 
3360 3360 
5334 1777 
3744 3744 
2870 2870 
3522 3522 
3633 3633 
2012 6036 
443 1329 
2495 2495 
4602 1533 
3707 3707 
842 280 
5801 1933 
3704 1234 
2189 2189 
4320 4320 
6249 2082 
6196 18588 
4514 13542 
2412 2412 
2416 804 
5076 1691 
2386 2386 
804 267 
2116 6348 
3416 3416 
2527 2527 
2224 6672 
4193 12579 
2503 833 
3516 3516 
2442 2442 
5956 17868 
6186 18558 
3058 3058 
478 158 
2458 2458 
2341 2341 
2952 2952 
5698 17094 
1972 656 
4695 14085 
5377 1791 
3273 3273 
4236 4236 
2678 2678 
3745 1247 
6291 2096 
5739 1912 
4011 4011 
2825 2825 
3989 3989 
3421 10263 
2242 2242 
2192 6576 
3029 9087 
6479 2159 
5888 1962 
404 1212 
2782 8346 
6417 2138 
4581 13743 
425 141 
2140 712 
3775 3775 
3549 3549 
3150 9450 
447 1341 
4094 4094 
3751 3751 
3782 1260 
847 2541 
2709 902 
3478 3478 
3275 3275 
2389 795 
3200 3200 
1574 4722 
478 1434 
2914 2914 
2513 2513 
4066 1354 
4994 14982 
2292 2292 
2962 2962 
4701 1566 
3826 3826 
5176 15528 
5251 1749 
4758 1585 
4081 4081 
5920 17760 
2215 737 
2827 2827 
5062 15186 
1667 555 
658 218 
2166 721 
801 2403 
5584 16752 
2914 970 
3110 1036 
3277 3277 
3240 1079 
168 55 
952 316 
3357 3357 
2925 2925 
2707 2707 
2029 6087 
3792 1263 
2261 2261 
3487 3487 
6108 18324 
1839 5517 
950 316 
2314 6942 
4256 12768 
4140 4140 
3034 3034 
867 2601 
492 1476 
1091 3273 
2692 2692 
4151 4151 
3309 1102 
2966 8898 
3017 3017 
6241 18723 
5779 1925 
2991 2991 
4183 1393 
5460 1819 
3386 3386 
3834 3834 
2317 2317 
3356 3356 
2304 2304 
1183 3549 
6383 19149 
2831 2831 
1279 425 
2954 8862 
4918 1638 
4288 4288 
4841 14523 
4349 1449 
2407 801 
2560 852 
3221 1073 
1354 4062 
4232 4232 
3019 9057 
4002 1333 
2032 6096 
5301 15903 
5022 1673 
3432 1143 
549 182 
3095 3095 
5508 1835 
3507 3507 
3119 9357 
2921 973 
4451 1483 
3864 3864 
32 96 
1281 426 
1031 3093 
3850 3850 
6377 2125 
2603 2603 
2555 7665 
3201 3201 
1120 3360 
1356 451 
3627 3627 
2881 2881 
107 35 
4593 13779 
2323 2323 
5154 1717 
2966 2966 
2655 7965 
2905 2905 
3549 10647 
4276 4276 
2259 2259 
1128 3384 
6214 18642 
2426 7278 
3533 3533 
6030 2009 
2601 2601 
2284 2284 
4561 1519 
4878 14634 
3673 3673 
4071 4071 
3529 3529 
2820 8460 
2962 8886 
4290 1429 
983 2949 
3477 10431 
4434 1477 
4368 1455 
4731 1576 
73 23 
2464 2464 
2046 6138 
3738 1245 
3447 3447 
3337 3337 
5458 1818 
2588 2588 
1261 3783 
5583 1860 
4125 12375 
5738 1912 
65 21 
3923 1307 
3059 3059 
2232 2232 
2437 2437 
1569 4707 
4020 4020 
3747 3747 
4030 4030 
2679 8037 
3952 3952 
1685 561 
3382 3382 
3522 10566 
2503 2503 
4295 12885 
2951 2951 
2355 7065 
3175 3175 
1733 577 
3189 1062 
5667 17001 
2040 6120 
3655 1217 
2640 2640 
2992 2992 
4065 4065 
1194 397 
3809 11427 
2269 6807 
2637 2637 
3859 3859 
1814 5442 
1273 3819 
2821 2821 
3856 1284 
5646 16938 
2505 7515 
2483 2483 
1253 417 
3715 3715 
3765 3765 
2689 2689 
6367 2121 
2218 6654 
89 29 
3883 3883 
4997 14991 
3286 3286 
764 2292 
1599 532 
2922 2922 
5376 16128 
3147 3147 
2453 2453 
2908 2908 
2616 7848 
6216 2071 
6471 2156 
1454 484 
3558 3558 
1889 5667 
5543 16629 
1046 348 
6442 2146 
2487 2487 
6048 18144 
3528 3528 
5869 17607 
3042 1013 
2889 962 
3622 10866 
2652 2652 
639 1917 
5417 1805 
2050 682 
3420 3420 
2842 8526 
3586 3586 
4467 13401 
2376 2376 
2869 2869 
970 2910 
3132 1043 
3319 1105 
5043 15129 
5185 15555 
3464 1154 
6013 18039 
3514 3514 
3763 1253 
3764 1254 
1642 546 
5486 1828 
1530 4590 
945 2835 
3924 1307 
388 1164 
6458 2152 
3810 3810 
432 1296 
5435 1811 
3620 3620 
2784 8352 
3008 3008 
917 2751 
3955 1317 
2800 2800 
5903 1967 
6238 18714 
4032 4032 
3047 3047 
69 22 
3117 9351 
2355 784 
3147 9441 
967 321 
3445 1147 
3363 3363 
1310 3930 
4150 4150 
1385 4155 
5382 16146 
3939 1312 
2168 2168 
464 154 
2182 2182 
3556 3556 
2383 7149 
3468 3468 
2170 2170 
2641 879 
980 326 
4168 4168 
2283 2283 
5802 1933 
2410 2410 
5794 1930 
2682 8046 
5716 17148 
109 327 
6437 2145 
3446 3446 
3187 3187 
5065 15195 
2173 723 
4092 4092 
1482 4446 
3399 3399 
4210 4210 
6448 19344 
4028 4028 
715 237 
3972 3972 
6046 18138 
5624 1874 
3709 1235 
4145 4145 
3212 9636 
2528 842 
4262 4262 
4302 1433 
3412 3412 
6343 2113 
4198 4198 
2747 8241 
3162 1053 
1944 647 
1725 5175 
1272 3816 
4001 4001 
886 2658 
5410 1802 
130 390 
4415 13245 
3312 1103 
3723 3723 
2169 722 
3320 3320 
3574 1190 
3313 3313 
2502 2502 
3123 1040 
1017 3051 
383 127 
1089 362 
2750 916 
5255 15765 
749 2247 
6303 18909 
3875 3875 
4808 14424 
1148 382 
3488 10464 
3051 3051 
3570 3570 
2900 8700 
4712 1570 
3986 1328 
2812 2812 
4876 1624 
2769 2769 
3638 1212 
3991 11973 
5455 16365 
3521 1173 
814 270 
4642 1546 
5552 16656 
3699 3699 
2483 827 
6278 18834 
2429 2429 
4840 1612 
3000 999 
5733 1910 
3502 10506 
660 1980 
5412 1803 
4222 1406 
3573 3573 
78 234 
3907 3907 
3640 1212 
2347 2347 
5289 1762 
1054 3162 
3306 3306 
4166 1388 
2447 815 
2838 2838 
4683 14049 
1022 340 
3073 3073 
3987 3987 
3202 3202 
3476 1158 
4655 13965 
613 203 
5473 16419 
3811 3811 
4045 4045 
4492 1496 
3964 3964 
2070 6210 
1492 496 
726 2178 
988 2964 
4317 4317 
4007 4007 
4195 4195 
3619 10857 
2660 2660 
3880 3880 
4055 4055 
3072 3072 
534 1602 
5843 17529 
4175 12525 
2808 2808 
5720 1906 
2187 6561 
4135 12405 
829 2487 
2516 7548 
6341 2113 
339 112 
1787 5361 
2595 864 
3311 3311 
188 564 
4063 4063 
2963 8889 
3087 3087 
3557 3557 
2194 730 
5653 1883 
4927 1641 
1783 5349 
2941 979 
4799 14397 
3819 3819 
4319 4319 
4228 4228 
6075 2024 
3585 3585 
5665 16995 
3384 3384 
3268 9804 
3126 3126 
5903 17709 
2791 8373 
1908 5724 
3081 3081 
4202 1400 
2286 6858 
3313 9939 
2676 2676 
6058 18174 
5393 1797 
2735 2735 
6494 19482 
2960 2960 
3772 3772 
4241 4241 
6292 18876 
2929 8787 
6070 2022 
2865 8595 
50 150 
6115 2037 
5243 1747 
2203 2203 
2935 2935 
2970 2970 
3896 3896 
4138 4138 
4312 4312 
2337 2337 
5639 1879 
3890 3890 
6325 2107 
1395 4185 
6027 18081 
2546 2546 
4611 13833 
429 142 
3838 3838 
564 1692 
2860 2860 
2290 6870 
1774 5322 
4333 12999 
5582 1860 
2634 2634 
3912 3912 
2447 2447 
5914 17742 
481 159 
3168 3168 
137 411 
2758 2758 
952 2856 
3462 3462 
5953 17859 
3565 3565 
2533 2533 
810 269 
1368 4104 
4598 13794 
4239 4239 
1990 5970 
4242 12726 
3836 11508 
5850 1949 
3084 1027 
3108 3108 
3350 3350 
6027 2008 
4988 1662 
5793 17379 
3753 1250 
1086 3258 
2524 2524 
617 205 
699 232 
2364 2364 
309 102 
4878 1625 
3434 3434 
2134 6402 
2471 823 
5254 15762 
3096 3096 
4949 14847 
3056 3056 
3716 3716 
3463 3463 
1164 387 
2254 2254 
3482 10446 
4184 1394 
3155 3155 
5058 15174 
2401 799 
4048 4048 
1551 4653 
5717 17151 
2362 2362 
5389 1795 
2802 2802 
2797 2797 
3626 1208 
4573 1523 
2911 969 
3903 3903 
5743 1913 
3048 1015 
4163 4163 
6136 18408 
3212 1070 
2508 2508 
6112 18336 
3829 11487 
2867 955 
3409 3409 
4720 14160 
3078 3078 
3036 9108 
1053 350 
2940 8820 
4820 1606 
2959 2959 
1166 388 
4332 4332 
2694 2694 
314 942 
2763 2763 
3721 3721 
1880 5640 
2411 2411 
6413 2137 
3902 11706 
4941 1646 
4734 14202 
3685 11055 
1858 618 
2902 2902 
2429 7287 
3728 3728 
4325 4325 
6065 18195 
3376 3376 
2191 2191 
3495 3495 
6246 2081 
3849 11547 
3189 3189 
4517 13551 
2478 2478 
2642 7926 
1819 5457 
6009 18027 
4883 1627 
5694 17082 
1782 5346 
860 2580 
4953 1650 
3107 3107 
1704 5112 
3966 11898 
1821 5463 
2619 2619 
2476 824 
58 174 
1421 4263 
432 143 
3007 9021 
2219 2219 
2494 830 
4835 1611 
135 405 
1150 3450 
578 1734 
1117 371 
3983 3983 
5476 1824 
5985 17955 
3587 1195 
5262 15786 
3837 1278 
3482 1160 
3827 1275 
3028 9084 
3544 10632 
1076 3228 
459 1377 
2560 2560 
4170 4170 
4012 1336 
995 331 
2441 2441 
6316 18948 
1896 631 
2912 970 
5194 15582 
5060 1686 
3146 3146 
580 192 
4115 4115 
3148 3148 
1974 657 
6080 2026 
3600 3600 
350 1050 
3787 1261 
5631 1876 
5395 16185 
6121 2039 
4854 1617 
3373 1123 
2863 2863 
5688 1895 
2554 7662 
2891 963 
74 24 
5150 1716 
5436 1811 
4650 1549 
5425 1807 
6172 2056 
4641 1546 
4178 4178 
2712 2712 
3166 3166 
2959 985 
1427 4281 
1999 665 
2534 2534 
3892 11676 
3617 3617 
2825 8475 
5922 17766 
4545 1514 
3390 1129 
1043 3129 
4017 4017 
6416 19248 
4206 4206 
2359 2359 
6486 19458 
2617 7851 
2598 2598 
5697 17091 
687 2061 
3476 3476 
5755 17265 
2443 2443 
1386 461 
2413 7239 
4755 14265 
1296 431 
1340 4020 
3631 3631 
2191 6573 
1549 4647 
5827 17481 
5731 1909 
3539 1179 
6397 19191 
2400 7200 
5933 1977 
5445 16335 
5730 17190 
2240 2240 
1027 341 
2219 739 
3243 3243 
6292 2096 
3174 3174 
2026 674 
2444 2444 
787 261 
5036 15108 
5111 1703 
2375 2375 
3929 3929 
4814 14442 
4045 12135 
4372 1456 
3016 3016 
5468 16404 
2776 2776 
4435 13305 
3925 3925 
4179 4179 
4559 1519 
2436 2436 
5566 16698 
5260 1752 
4140 1379 
4137 4137 
2628 2628 
1092 363 
2241 6723 
2621 2621 
3206 3206 
351 116 
4297 12891 
2326 2326 
4977 1658 
3951 3951 
2563 2563 
2790 8370 
2175 2175 
4585 1527 
3755 3755 
3714 3714 
1702 5106 
2591 7773 
3371 3371 
3391 3391 
3100 3100 
2432 2432 
1600 532 
2400 799 
2899 8697 
4144 4144 
4028 12084 
3642 3642 
1380 4140 
2427 2427 
1266 3798 
4406 13218 
2781 2781 
3215 1071 
2590 2590 
3023 3023 
1118 372 
4877 1625 
2647 2647 
4248 4248 
4042 4042 
5209 15627 
892 296 
5087 1695 
1098 3294 
3878 3878 
3025 9075 
5830 17490 
3651 3651 
6484 19452 
3295 3295 
4482 1493 
5643 16929 
3461 10383 
2858 2858 
4031 1343 
3792 3792 
5672 17016 
4158 4158 
595 197 
1171 3513 
4162 4162 
2306 2306 
4412 1470 
3686 3686 
6415 19245 
2804 2804 
2582 860 
2172 723 
3536 3536 
1846 5538 
1485 4455 
485 161 
5557 16671 
5844 17532 
4156 4156 
2927 2927 
3894 11682 
4168 12504 
2531 2531 
2731 2731 
3257 9771 
23 69 
3788 1262 
6439 2145 
4104 1367 
3272 1090 
4096 4096 
2782 2782 
3295 1097 
942 313 
2460 2460 
4571 13713 
3388 3388 
6228 2075 
3051 9153 
1451 4353 
2664 7992 
1872 5616 
2897 2897 
4769 14307 
2415 2415 
1438 478 
5213 1737 
2732 2732 
2743 2743 
2432 810 
1377 4131 
4836 1611 
5102 1700 
4851 14553 
94 30 
4254 4254 
1891 629 
854 2562 
6451 19353 
2912 2912 
3976 11928 
5626 16878 
328 108 
2350 2350 
2160 719 
4026 12078 
3577 3577 
3239 3239 
5519 1839 
6423 19269 
3567 3567 
2319 772 
4519 1505 
4983 14949 
4255 4255 
2327 775 
5173 15519 
6124 18372 
964 320 
4012 4012 
3115 1037 
3258 3258 
3519 3519 
2966 988 
960 319 
3370 10110 
3166 1054 
1080 359 
1295 3885 
4151 12453 
159 477 
3795 3795 
887 295 
2268 755 
6165 2054 
2563 7689 
6078 18234 
3815 3815 
3778 3778 
3469 3469 
3875 11625 
3083 3083 
4210 12630 
758 2274 
3621 3621 
4209 4209 
3029 3029 
1076 358 
5809 1935 
162 486 
6402 2133 
2534 844 
588 195 
1309 435 
4034 4034 
3589 3589 
4510 13530 
3216 3216 
2218 2218 
2749 2749 
318 105 
3211 3211 
3470 3470 
3788 11364 
4596 13788 
5992 17976 
806 2418 
3684 1227 
1837 5511 
4063 1353 
2400 2400 
5463 16389 
6168 18504 
2269 2269 
2510 836 
894 2682 
2356 2356 
5078 1692 
2439 2439 
3744 1247 
2257 2257 
4636 13908 
4005 1334 
2403 2403 
1143 380 
6363 19089 
2717 2717 
1097 365 
583 193 
6043 18129 
4327 4327 
2567 7701 
3513 10539 
4750 1582 
231 76 
1767 588 
2485 827 
3308 3308 
6289 18867 
4314 4314 
2939 2939 
493 1479 
1241 413 
3519 1172 
5839 17517 
5591 1863 
6101 2033 
3334 3334 
2518 2518 
5711 17133 
4544 1514 
3219 9657 
542 180 
3552 3552 
4192 12576 
3297 9891 
2777 2777 
4504 1500 
3990 3990 
441 146 
5336 1778 
6344 19032 
4678 14034 
4933 1643 
5975 1991 
6480 2159 
127 381 
2064 6192 
2537 7611 
821 273 
3003 3003 
3371 10113 
132 43 
5268 15804 
3445 10335 
6370 19110 
4130 4130 
2466 821 
1588 4764 
2176 2176 
459 152 
1265 3795 
4505 13515 
1589 4767 
306 918 
4133 12399 
4108 4108 
2535 2535 
4308 1435 
3831 3831 
572 190 
1211 3633 
2813 8439 
3844 3844 
139 45 
3814 3814 
159 52 
3612 3612 
3056 9168 
4295 4295 
6241 2079 
1099 3297 
5505 1834 
1679 559 
5082 15246 
2573 7719 
4498 1498 
2861 953 
5796 1931 
4487 1495 
5019 1672 
1629 542 
2581 859 
4051 1349 
3417 3417 
2455 2455 
4390 1462 
3658 1218 
1941 5823 
3924 3924 
3210 1069 
4760 1586 
6498 19494 
3471 1156 
46 14 
2233 743 
2331 776 
3942 1313 
3921 3921 
1652 550 
695 2085 
1458 485 
5849 17547 
3892 3892 
5726 17178 
2248 6744 
4926 14778 
3057 3057 
2254 750 
682 2046 
1698 5094 
4489 13467 
4644 1547 
4316 4316 
3069 1022 
2391 2391 
1973 5919 
3346 3346 
2301 2301 
4424 1474 
837 278 
