6000 4000
1920 639 
3451 3451 
3397 3397 
2711 2711 
2484 827 
2726 2726 
5977 17931 
1689 5067 
3072 3072 
2238 745 
2780 2780 
3721 3721 
2502 2502 
3354 3354 
5227 15681 
4833 14499 
1115 3345 
1723 5169 
2160 6480 
3500 3500 
3046 3046 
3131 3131 
3359 1119 
2416 2416 
3449 3449 
3156 3156 
4707 1568 
2260 2260 
2280 2280 
819 272 
414 137 
3881 3881 
5898 1965 
5321 15963 
5879 1959 
3201 1066 
2075 2075 
3699 3699 
4214 1404 
5509 1835 
2961 2961 
3747 3747 
5039 15117 
2341 2341 
1846 5538 
4927 1641 
2845 8535 
362 1086 
3540 3540 
2399 2399 
2729 2729 
4959 14877 
2720 2720 
5654 16962 
4430 1476 
5710 17130 
3872 3872 
3336 1111 
5737 17211 
3189 3189 
2052 2052 
4917 1638 
5432 1810 
1668 555 
3267 9801 
4503 13509 
2243 2243 
3484 1160 
3355 3355 
4188 1395 
3887 1295 
3991 3991 
2980 2980 
2747 2747 
1205 401 
3058 3058 
2299 2299 
3649 3649 
189 567 
3063 9189 
3062 3062 
2626 874 
5622 16866 
1200 399 
5521 16563 
728 2184 
255 84 
166 498 
5792 17376 
3521 3521 
3437 3437 
3910 3910 
2007 6021 
3115 3115 
2722 8166 
2774 2774 
4675 1557 
1151 383 
1074 3222 
3651 3651 
3439 1145 
2318 772 
2695 8085 
1425 4275 
2342 7026 
4252 12756 
4786 1594 
1296 3888 
1541 4623 
529 1587 
1731 5193 
3361 1119 
2422 7266 
3411 3411 
3427 10281 
1646 4938 
1536 511 
2511 2511 
3193 3193 
5425 1807 
2608 2608 
2240 2240 
5136 15408 
4303 12909 
3147 3147 
5819 17457 
841 279 
594 197 
268 88 
3146 9438 
3406 3406 
2821 2821 
2897 2897 
3382 3382 
2228 2228 
5755 1917 
2562 2562 
5514 1837 
3737 3737 
4598 1532 
4073 1357 
3685 11055 
5328 1775 
135 44 
2057 2057 
3494 1164 
3611 3611 
3400 3400 
2808 2808 
2639 2639 
2997 998 
3578 3578 
307 921 
5649 16947 
3623 3623 
5611 16833 
2858 2858 
3843 3843 
3166 3166 
3775 11325 
1393 463 
3990 3990 
1353 4059 
4180 1392 
4550 1516 
2340 2340 
4225 1407 
4859 1619 
2522 840 
5035 15105 
2400 2400 
5503 1833 
3044 9132 
425 1275 
169 507 
2130 2130 
2096 698 
3158 3158 
3782 1260 
4937 1645 
4222 12666 
3186 3186 
1120 372 
2922 2922 
68 22 
4468 1488 
1692 563 
5487 1828 
2955 2955 
5022 15066 
2825 2825 
3074 9222 
3135 3135 
3079 9237 
5112 1703 
5714 17142 
4897 14691 
4192 1396 
3145 3145 
3438 3438 
2741 913 
781 2343 
5400 1799 
5518 16554 
4223 1407 
5480 1826 
2631 2631 
2366 2366 
3463 3463 
105 34 
2761 919 
5270 15810 
5482 16446 
2686 2686 
2647 2647 
4344 1447 
2967 8901 
3536 3536 
2747 915 
2289 762 
529 175 
1861 5583 
2070 2070 
3934 3934 
974 324 
3985 1327 
3083 9249 
5878 17634 
3210 9630 
4934 14802 
3184 9552 
3232 9696 
3802 11406 
215 71 
4035 1344 
5045 15135 
2453 2453 
4366 13098 
632 1896 
4571 13713 
3517 3517 
401 1203 
802 2406 
3657 3657 
3798 3798 
2438 2438 
2191 2191 
3627 3627 
2903 2903 
836 2508 
2968 2968 
2124 707 
2085 2085 
1227 408 
2586 2586 
3403 3403 
822 273 
351 1053 
2520 2520 
881 293 
2773 2773 
363 1089 
2975 2975 
5240 15720 
2216 738 
1536 4608 
2446 2446 
3633 3633 
3683 3683 
4239 12717 
3908 3908 
3569 1189 
2133 2133 
5946 1981 
2500 7500 
3636 10908 
4189 12567 
5772 17316 
3914 1304 
3000 3000 
4716 1571 
1002 333 
4739 14217 
4989 1662 
2760 8280 
3828 3828 
1041 346 
1761 586 
300 99 
5980 17940 
3369 3369 
1551 516 
3116 3116 
2957 2957 
3067 9201 
2441 2441 
2210 736 
2131 2131 
3686 1228 
718 238 
3457 3457 
4057 12171 
2863 2863 
3466 3466 
4968 14904 
2266 2266 
360 1080 
3079 1025 
2259 2259 
3534 3534 
4898 1632 
4569 1522 
2124 2124 
2285 2285 
2291 2291 
3760 11280 
333 110 
3895 3895 
5209 15627 
3781 3781 
4428 1475 
4790 14370 
2622 2622 
2740 2740 
3410 10230 
3989 1329 
5942 17826 
924 307 
3509 1169 
63 189 
5137 1711 
2468 2468 
2194 6582 
668 222 
234 702 
1215 3645 
3347 3347 
1051 349 
129 387 
2978 2978 
3943 1313 
4282 12846 
460 1380 
5663 16989 
3856 11568 
3211 3211 
2467 2467 
1350 4050 
2166 6498 
2938 8814 
4636 1544 
2977 2977 
3414 3414 
3495 3495 
4747 14241 
1481 493 
4013 12039 
5067 1688 
4160 12480 
798 265 
2506 2506 
2734 2734 
4240 12720 
5727 1908 
3450 3450 
2699 899 
4836 14508 
2580 2580 
2043 6129 
2660 2660 
1219 3657 
5895 17685 
3934 1310 
3184 3184 
2880 959 
3113 9339 
4321 1439 
239 79 
2027 6081 
2172 2172 
2887 2887 
3093 3093 
4332 1443 
2002 2002 
803 267 
3501 3501 
2340 779 
2236 2236 
2295 2295 
4264 12792 
2605 2605 
5769 1922 
1381 4143 
3073 3073 
3070 3070 
2097 2097 
2839 2839 
375 124 
3150 3150 
1535 4605 
3860 3860 
2916 8748 
5891 17673 
4537 13611 
3981 3981 
3148 3148 
4211 12633 
829 275 
2856 2856 
3569 3569 
2207 2207 
4276 12828 
315 945 
2143 2143 
4050 12150 
2206 6618 
2264 2264 
5572 16716 
4203 1400 
2218 738 
2068 2068 
5623 16869 
484 160 
424 140 
3010 3010 
2339 779 
3473 3473 
3925 3925 
2303 2303 
5659 1885 
2577 2577 
4869 1622 
1262 420 
256 768 
3768 11304 
834 2502 
574 1722 
1017 338 
1086 3258 
4201 1399 
3290 3290 
5186 1728 
4485 1494 
3292 1096 
178 534 
4543 1513 
5263 1753 
2986 994 
494 1482 
2154 2154 
3991 1329 
597 198 
2122 6366 
2680 2680 
910 2730 
3841 3841 
1000 332 
3013 3013 
4849 1615 
3905 11715 
1129 375 
5289 1762 
4010 1336 
2931 2931 
3040 3040 
3568 3568 
4766 1588 
2364 2364 
4938 1645 
3486 1161 
4368 13104 
5319 15957 
3674 3674 
3981 11943 
805 2415 
3971 1323 
3014 3014 
2373 790 
2523 2523 
2602 2602 
5414 16242 
5901 1966 
4596 1531 
200 66 
2201 733 
5386 1794 
2433 810 
155 51 
297 98 
3 9 
1424 4272 
5763 1920 
2571 2571 
878 292 
2267 2267 
3452 3452 
2479 7437 
5276 15828 
2044 6132 
2995 2995 
1070 356 
5155 1717 
3596 3596 
5740 1912 
440 1320 
2344 780 
3818 3818 
3038 3038 
4500 1499 
2049 2049 
2646 2646 
5847 1948 
3911 1303 
1989 5967 
2954 8862 
2245 2245 
2695 2695 
4694 14082 
3161 3161 
2516 2516 
2239 2239 
3555 3555 
697 231 
4749 1582 
1952 650 
5462 1820 
2197 2197 
4527 13581 
2282 2282 
4183 1393 
1043 347 
3848 3848 
112 36 
2901 2901 
5100 15300 
2758 918 
3835 11505 
2897 965 
2200 2200 
2061 2061 
3318 3318 
1316 438 
2158 2158 
1876 5628 
2004 667 
1096 3288 
3594 3594 
3769 11307 
3127 3127 
2044 2044 
2900 2900 
525 1575 
2253 2253 
4079 12237 
3743 1247 
704 234 
3873 1290 
465 154 
3511 3511 
2794 2794 
5719 17157 
3954 3954 
2244 2244 
1117 3351 
3396 3396 
3098 3098 
2526 2526 
2294 2294 
5594 16782 
4853 14559 
2162 720 
1748 582 
3412 3412 
4033 1343 
2298 765 
755 251 
2486 7458 
2522 2522 
3807 11421 
4957 1651 
1534 4602 
3523 3523 
2457 2457 
2441 813 
3464 3464 
40 120 
555 184 
5765 1921 
5405 16215 
3662 3662 
2331 2331 
987 2961 
793 2379 
3715 11145 
2793 2793 
5513 16539 
2537 845 
2830 8490 
5388 1795 
5883 1960 
2663 887 
4734 14202 
3787 3787 
2146 2146 
3573 3573 
2558 852 
3770 11310 
2527 2527 
2483 827 
2171 6513 
5686 17058 
3362 3362 
3560 3560 
3941 1313 
171 56 
1464 4392 
4172 12516 
3527 3527 
3904 11712 
1593 4779 
2705 2705 
3234 9702 
5069 1689 
3715 3715 
2479 2479 
3343 1113 
586 1758 
2227 2227 
3660 3660 
1182 3546 
3792 3792 
3123 3123 
3950 3950 
2020 2020 
2976 991 
2505 2505 
3629 1209 
2829 2829 
5860 17580 
1931 643 
2401 799 
2942 2942 
3733 3733 
1698 565 
5912 17736 
1500 499 
1185 3555 
3746 3746 
5624 1874 
3642 1213 
4995 14985 
2022 673 
1559 4677 
5174 1724 
5962 17886 
3075 9225 
3691 1229 
3943 3943 
2307 2307 
2704 8112 
2013 2013 
2946 8838 
1366 4098 
4981 1659 
2370 7110 
4679 14037 
2101 699 
3421 3421 
2700 2700 
1377 4131 
2460 2460 
2148 2148 
3132 3132 
2087 695 
1648 548 
3042 9126 
2398 798 
2159 2159 
5617 16851 
3036 3036 
3707 3707 
521 1563 
2652 7956 
5244 1747 
3373 3373 
460 152 
2530 2530 
4290 1429 
3451 1149 
1655 4965 
4820 1606 
3929 1309 
2943 2943 
3202 9606 
4594 1530 
3016 3016 
1139 3417 
3505 3505 
1887 5661 
107 321 
2769 2769 
3238 9714 
4770 1589 
3286 9858 
1438 478 
5272 15816 
3325 1107 
5408 16224 
359 1077 
724 2172 
3628 3628 
735 244 
2485 2485 
3366 3366 
2159 6477 
2141 713 
2619 2619 
3553 3553 
4112 12336 
4502 1500 
3948 3948 
2426 2426 
5655 1884 
308 102 
1921 5763 
1056 351 
3410 3410 
5213 1737 
840 2520 
1411 4233 
1540 512 
199 65 
5655 16965 
2265 2265 
522 173 
993 330 
2866 954 
2088 2088 
2916 2916 
2128 2128 
2573 2573 
5870 17610 
5100 1699 
2186 2186 
3533 1177 
3963 3963 
2610 869 
2122 2122 
2574 7722 
1317 3951 
2036 6108 
3089 3089 
477 1431 
4790 1596 
3795 3795 
2990 8970 
1903 633 
1241 3723 
3543 3543 
968 322 
2080 6240 
2561 2561 
2215 2215 
1026 3078 
3390 3390 
216 71 
2592 2592 
4460 1486 
2185 2185 
3884 3884 
4312 12936 
1516 4548 
4685 14055 
5726 17178 
2170 722 
3799 1265 
2354 2354 
2181 2181 
1763 587 
3197 9591 
2092 6276 
3685 3685 
3609 3609 
2847 948 
2182 2182 
3348 3348 
3691 3691 
275 91 
385 127 
2508 835 
4721 14163 
2882 960 
4754 1584 
5832 1943 
2544 2544 
2636 2636 
3168 9504 
842 2526 
4542 1513 
3360 3360 
5953 17859 
2045 681 
4513 13539 
4376 1458 
1653 4959 
2873 2873 
262 86 
3577 3577 
3422 3422 
3256 1084 
3817 3817 
3442 3442 
3722 3722 
2823 940 
1584 527 
3416 3416 
3112 9336 
2527 841 
2908 2908 
2959 2959 
3857 3857 
1640 546 
5680 17040 
4238 12714 
2777 2777 
317 105 
2094 2094 
2759 2759 
2090 2090 
3604 3604 
3888 3888 
4538 13614 
2477 7431 
2992 2992 
2016 2016 
5159 1719 
5947 17841 
5723 17169 
2312 770 
5027 15081 
3921 3921 
495 1485 
4813 1603 
3179 3179 
358 1074 
3087 3087 
1774 5322 
5502 1833 
1563 4689 
1279 3837 
86 28 
59 177 
3081 1026 
3139 3139 
1655 551 
3853 3853 
778 258 
439 145 
1883 627 
3060 3060 
4622 13866 
3025 3025 
2601 2601 
1892 630 
842 280 
3487 3487 
4957 14871 
3887 11661 
3935 3935 
4585 13755 
2964 987 
1263 3789 
3630 3630 
2345 781 
1129 3387 
4911 14733 
2063 2063 
3314 3314 
2206 734 
2189 2189 
3081 3081 
2490 2490 
3321 3321 
2488 828 
3828 1275 
778 2334 
2050 6150 
2424 2424 
317 951 
3189 1062 
3171 3171 
5559 1852 
5497 16491 
3750 3750 
5306 15918 
355 117 
3234 1077 
3957 3957 
217 651 
4565 13695 
3580 3580 
5867 1955 
592 1776 
1623 4869 
3937 11811 
5960 1986 
764 254 
1490 4470 
481 1443 
2879 8637 
1171 3513 
2938 2938 
3650 10950 
2553 2553 
2137 2137 
5199 15597 
1578 525 
71 213 
2835 2835 
163 489 
647 215 
5457 16371 
2041 6123 
3830 3830 
5575 1857 
5009 15027 
547 1641 
3873 11619 
3124 9372 
1611 536 
3370 3370 
103 309 
2468 7404 
2691 2691 
5567 1855 
1766 5298 
3363 3363 
4510 13530 
4591 1529 
3053 9159 
3735 3735 
3292 9876 
498 165 
4193 12579 
2590 2590 
3616 1204 
2062 6186 
364 1092 
2603 2603 
2384 2384 
2160 2160 
531 1593 
4702 1566 
4166 1388 
4423 1473 
3709 3709 
3163 3163 
5823 1940 
2469 822 
2693 2693 
1031 3093 
3104 1034 
2011 2011 
1184 394 
5840 1946 
1840 612 
2488 2488 
1695 564 
3749 3749 
2103 2103 
1659 552 
3865 3865 
3534 10602 
2002 666 
5298 15894 
850 282 
2343 2343 
3255 1084 
612 203 
214 70 
2363 7089 
1816 5448 
3987 3987 
4327 12981 
2804 2804 
3430 1142 
539 1617 
1873 623 
3338 3338 
3333 9999 
679 2037 
3304 3304 
4821 14463 
100 300 
3606 3606 
3282 1093 
2895 8685 
2498 832 
1731 576 
2760 919 
2394 2394 
5818 1938 
808 2424 
2983 2983 
5337 1778 
3427 3427 
3837 1278 
3768 3768 
5157 1718 
1982 5946 
2002 6006 
3191 3191 
3572 3572 
3692 1230 
4329 1442 
3656 1218 
2664 2664 
1163 3489 
5863 1953 
4928 1642 
2659 2659 
2861 953 
3138 3138 
5292 15876 
1274 3822 
5826 17478 
2704 900 
936 311 
824 2472 
1566 521 
3143 1047 
5054 15162 
3479 10437 
418 1254 
615 204 
3668 3668 
2709 2709 
5816 1938 
3428 3428 
2292 2292 
5171 15513 
5678 17034 
4651 13953 
5996 1998 
3328 1108 
2403 2403 
3843 11529 
4051 1349 
447 148 
3997 3997 
2128 708 
2885 2885 
4019 12057 
256 84 
5394 16182 
5402 16206 
1061 353 
2830 2830 
2971 2971 
3486 3486 
4916 14748 
4258 12774 
3458 3458 
658 1974 
1446 481 
3576 3576 
3581 1193 
3694 3694 
3978 11934 
2670 2670 
1606 4818 
2743 8229 
5143 1713 
2373 7119 
1374 457 
3893 3893 
2791 2791 
2749 2749 
2783 927 
2422 2422 
542 1626 
2198 2198 
5685 1894 
3970 3970 
1013 337 
5440 1812 
1224 3672 
3643 10929 
3507 10521 
2018 2018 
4205 1401 
2786 928 
4072 12216 
2754 2754 
2556 851 
1473 490 
5613 16839 
5330 1776 
3541 3541 
1131 3393 
3249 1082 
4243 1413 
2056 2056 
5167 15501 
2428 808 
5583 16749 
4331 12993 
1327 3981 
1242 3726 
3999 11997 
2095 6285 
1557 518 
2365 2365 
1223 407 
430 142 
2771 2771 
1168 388 
2348 2348 
3529 3529 
2480 7440 
2835 944 
3771 3771 
3952 11856 
1248 415 
5283 15849 
2266 6798 
4357 13071 
789 2367 
1779 5337 
3478 3478 
3425 1141 
818 2454 
5673 1890 
708 235 
21 63 
476 158 
164 54 
3731 1243 
4528 1508 
5803 17409 
2094 6282 
2408 2408 
1844 614 
2439 2439 
1291 429 
5255 15765 
2106 2106 
3142 9426 
2248 2248 
4222 1406 
2763 920 
3090 3090 
5178 1725 
3340 3340 
5385 1794 
1419 472 
3988 3988 
3248 9744 
4800 14400 
3924 11772 
5253 15759 
3099 3099 
4745 14235 
5767 17301 
3839 3839 
970 2910 
3224 3224 
1476 4428 
2423 2423 
2206 2206 
4473 1490 
495 164 
1434 477 
901 299 
2142 2142 
4284 12852 
1348 448 
5889 1962 
2118 2118 
5441 1813 
3867 3867 
4877 1625 
2218 2218 
4519 13557 
5150 15450 
3389 3389 
4299 1432 
1143 3429 
4779 14337 
2512 2512 
2143 6429 
5933 1977 
2486 2486 
1416 4248 
3365 3365 
2552 2552 
2786 2786 
4248 12744 
3035 3035 
2902 2902 
3703 3703 
1902 5706 
4666 1554 
2659 7977 
3584 3584 
3146 1048 
2254 6762 
188 564 
3635 3635 
5788 1928 
4278 12834 
2378 792 
3309 3309 
1949 5847 
2668 2668 
1005 334 
3169 3169 
3120 3120 
2222 6666 
5745 1914 
4733 1577 
1018 338 
2202 2202 
1345 4035 
5097 1698 
3261 3261 
1757 585 
5397 1798 
5647 16941 
4227 1408 
3339 3339 
2970 2970 
420 139 
260 86 
2593 7779 
210 69 
3621 10863 
2634 2634 
1393 4179 
1098 3294 
3133 3133 
2356 7068 
5256 1751 
2910 969 
1588 4764 
5968 1988 
853 283 
1431 4293 
2781 2781 
5268 15804 
4146 12438 
4510 1502 
4069 12207 
743 2229 
2058 685 
3222 1073 
3259 9777 
5269 15807 
3835 3835 
2880 2880 
4427 1475 
5429 1809 
5294 15882 
2314 2314 
485 161 
3811 1269 
5606 1868 
3765 11295 
2283 6849 
1415 471 
3567 3567 
3793 11379 
5510 1836 
723 240 
3091 3091 
3218 3218 
2015 2015 
1046 3138 
2788 2788 
1469 489 
3725 3725 
1310 3930 
649 1947 
3748 11244 
3767 11301 
3402 1133 
2276 6828 
4285 1427 
1533 4599 
885 2655 
5107 1701 
3957 11871 
2782 926 
3291 1096 
608 202 
2347 2347 
3096 3096 
2450 2450 
2629 2629 
2010 669 
588 195 
478 1434 
1379 4137 
3488 3488 
4968 1655 
5586 16758 
3048 9144 
5920 1972 
2713 903 
2358 2358 
2449 2449 
5782 1926 
2849 8547 
1370 456 
2840 8520 
3056 3056 
4455 13365 
447 1341 
3027 3027 
3640 3640 
1584 4752 
5063 1687 
2930 2930 
377 125 
3507 3507 
742 2226 
2325 2325 
3876 1291 
2924 2924 
5430 1809 
1691 5073 
2194 2194 
3490 10470 
3916 3916 
5932 1976 
1661 553 
2949 2949 
5159 15477 
3117 9351 
4340 13020 
5965 1987 
1063 3189 
2111 6333 
4746 14238 
5645 16935 
2404 2404 
4963 1653 
2893 8679 
1585 4755 
2185 6555 
4306 12918 
3192 3192 
3790 1262 
2022 2022 
2655 7965 
2348 7044 
2589 2589 
3100 3100 
3453 3453 
2098 6294 
2812 2812 
109 35 
2529 842 
770 256 
5864 17592 
3040 1012 
3587 3587 
3159 1052 
2601 866 
989 2967 
2499 2499 
3825 1274 
1854 5562 
3136 9408 
5167 1721 
867 288 
2224 2224 
2910 2910 
2800 932 
1737 578 
2753 917 
343 113 
2351 2351 
4906 1634 
811 2433 
3208 1068 
2462 2462 
3593 3593 
21 6 
2246 748 
2265 754 
1292 3876 
3288 3288 
4759 1585 
5694 1897 
5380 16140 
1145 3435 
3170 9510 
3046 1014 
2755 2755 
4796 1598 
5897 1965 
515 171 
3945 3945 
3502 1166 
2413 2413 
2023 6069 
2765 8295 
652 216 
2933 2933 
3477 3477 
1277 3831 
4093 12279 
4427 13281 
3619 3619 
4412 1470 
1275 424 
4589 13767 
4670 14010 
3292 3292 
3669 3669 
2009 6027 
2857 951 
3707 1235 
1825 5475 
4242 12726 
1648 4944 
1771 5313 
3394 3394 
5774 1924 
9 2 
2468 822 
4348 13044 
5813 1937 
3997 1331 
3794 3794 
895 2685 
236 708 
1953 5859 
4435 1477 
1290 3870 
2519 7557 
3462 1153 
123 40 
2783 2783 
4251 12753 
3833 11499 
4594 13782 
2398 2398 
5519 16557 
3378 3378 
5196 1731 
3332 3332 
2263 2263 
3846 3846 
4499 1499 
434 1302 
5542 16626 
664 220 
2518 7554 
2098 2098 
2733 2733 
2253 750 
5078 1692 
3589 3589 
3173 3173 
2020 6060 
3664 3664 
5841 17523 
2890 2890 
4751 1583 
3286 1094 
2884 8652 
599 199 
4828 14484 
33 10 
2532 7596 
2071 2071 
2823 2823 
297 891 
1955 5865 
1721 573 
2548 848 
1166 388 
1730 5190 
2379 2379 
1706 568 
551 183 
2982 993 
4855 1617 
1176 3528 
4221 1406 
3372 3372 
1710 5130 
2834 2834 
3367 3367 
5382 1793 
5620 1872 
3019 3019 
2335 7005 
4293 12879 
2606 7818 
5082 15246 
1827 5481 
2680 8040 
139 45 
3960 3960 
5995 17985 
3310 3310 
2251 749 
3503 3503 
3099 1032 
3876 3876 
185 555 
2916 971 
2349 2349 
4850 1616 
5794 17382 
5114 1704 
3786 3786 
4800 1599 
4607 13821 
3358 10074 
2041 679 
2801 933 
5845 17535 
1808 5424 
2851 2851 
3270 3270 
2150 716 
3526 3526 
1867 621 
2607 7821 
605 1815 
3187 3187 
2063 687 
5825 17475 
2007 2007 
3629 10887 
5461 1819 
5161 15483 
4899 14697 
2928 2928 
1724 5172 
530 176 
4749 14247 
2210 2210 
482 160 
59 19 
604 1812 
5789 1929 
3575 3575 
890 296 
2859 8577 
4792 14376 
2798 932 
5030 1676 
1178 3534 
2671 2671 
5361 1786 
3125 3125 
303 909 
774 2322 
4205 12615 
2492 2492 
3819 1272 
1680 559 
3186 9558 
2257 751 
2975 991 
3051 3051 
4148 1382 
2258 2258 
1703 5109 
5149 1715 
3030 3030 
4131 12393 
2112 2112 
3232 3232 
2086 2086 
2939 2939 
2242 2242 
4258 1418 
2212 2212 
16 48 
4464 13392 
3391 10173 
5190 15570 
5328 15984 
4947 1648 
3538 10614 
3154 9462 
2355 7065 
2718 2718 
4789 1595 
344 114 
5758 1918 
3739 1245 
3176 3176 
1170 389 
175 525 
2848 2848 
3591 3591 
4935 1644 
3751 3751 
2300 2300 
2597 2597 
3118 3118 
2338 2338 
966 321 
4368 1455 
3122 9366 
2714 2714 
4767 14301 
3293 3293 
3719 11157 
2806 2806 
5905 17715 
3673 3673 
2385 2385 
3626 3626 
3641 3641 
1020 3060 
5700 17100 
5738 1912 
2988 2988 
1647 4941 
3806 11418 
4360 1452 
4326 12978 
2621 873 
3151 3151 
2529 2529 
734 2202 
2257 2257 
2982 2982 
1522 506 
3952 3952 
920 2760 
2855 8565 
1962 653 
3042 3042 
3432 10296 
4620 13860 
5764 17292 
43 13 
1540 4620 
1025 341 
3274 1090 
2620 2620 
2390 2390 
2220 2220 
3705 1234 
3325 3325 
2727 2727 
4488 13464 
1351 449 
4492 13476 
1086 361 
4406 1468 
4831 1609 
2679 8037 
5141 1713 
2125 2125 
3642 3642 
2330 2330 
780 2340 
3352 3352 
4994 1664 
5444 1814 
3446 1148 
746 2238 
3321 1106 
3564 3564 
4504 13512 
4357 1451 
3760 3760 
1406 4218 
513 170 
2515 2515 
3648 3648 
4095 1364 
4255 12765 
5402 1800 
2585 2585 
522 1566 
2708 8124 
3344 3344 
2730 2730 
4371 13113 
2375 2375 
1077 358 
2421 2421 
1362 4086 
3016 1004 
3592 3592 
2657 2657 
3963 11889 
3474 10422 
1693 563 
2941 8823 
3742 1246 
3019 9057 
3810 1269 
2426 7278 
369 1107 
4442 1480 
3586 3586 
2437 2437 
975 324 
3687 3687 
2988 995 
4420 13260 
3048 3048 
3518 3518 
2546 2546 
2739 2739 
2986 2986 
1363 453 
5600 1866 
3692 3692 
4215 1404 
3473 1157 
3277 9831 
2752 2752 
1079 359 
3463 1153 
137 411 
2015 6045 
179 537 
2354 784 
3080 3080 
3962 3962 
4085 1361 
493 163 
3610 1202 
4186 12558 
3980 3980 
4156 12468 
3399 1132 
2645 2645 
3072 1023 
2888 8664 
5311 15933 
3892 3892 
3331 9993 
1456 4368 
200 600 
1789 5367 
5182 15546 
1085 3255 
3421 1139 
3489 3489 
70 22 
2552 7656 
280 840 
2569 7707 
4155 12465 
732 243 
4482 13446 
3467 3467 
3554 10662 
3352 1116 
3576 10728 
2965 8895 
1251 3753 
1150 382 
3677 3677 
3572 10716 
5992 1996 
3877 11631 
2903 8709 
334 110 
3639 1212 
2476 7428 
848 282 
3854 1284 
2692 8076 
4766 14298 
3530 3530 
3608 10824 
2799 2799 
412 1236 
4736 14208 
1105 367 
2196 2196 
3626 1208 
2965 987 
3441 3441 
3982 3982 
3812 3812 
1095 3285 
3853 11559 
1891 5673 
3690 3690 
4472 1490 
1443 4329 
5054 1684 
3574 10722 
1881 626 
3847 3847 
1800 599 
4942 14826 
5652 16956 
2099 2099 
994 2982 
4868 1622 
2377 7131 
1341 446 
3312 1103 
5782 17346 
5580 16740 
5330 15990 
2756 2756 
2498 7494 
4630 1542 
1441 4323 
5812 1936 
2175 2175 
3226 3226 
2607 2607 
511 169 
2760 2760 
2778 925 
2314 6942 
3471 10413 
353 1059 
3312 9936 
1098 365 
5246 1748 
4151 1383 
2109 2109 
4144 12432 
1920 5760 
3732 3732 
2226 2226 
3021 3021 
2489 7467 
143 429 
3561 3561 
3765 3765 
3154 3154 
3346 3346 
2750 2750 
3994 1330 
5281 1759 
4809 14427 
422 1266 
2752 8256 
3392 3392 
2864 8592 
3049 3049 
3880 3880 
2933 8799 
2116 6348 
2414 2414 
3047 3047 
2666 7998 
2352 2352 
3515 3515 
1702 566 
1470 4410 
1019 3057 
2524 2524 
2665 2665 
3983 3983 
2101 2101 
2948 8844 
801 266 
3119 3119 
3724 3724 
4360 13080 
2543 847 
2373 2373 
2649 2649 
3656 3656 
5963 17889 
3429 3429 
892 2676 
4355 13065 
2141 2141 
4950 14850 
2785 2785 
3840 3840 
2213 2213 
2517 7551 
2879 2879 
1688 5064 
2358 7074 
3454 3454 
4470 13410 
3266 1088 
2491 2491 
2853 950 
5024 15072 
4319 1439 
324 107 
3842 11526 
2744 2744 
511 1533 
413 137 
5865 17595 
1102 366 
5630 16890 
5993 1997 
3398 3398 
1015 3045 
1786 594 
5264 1754 
4887 1628 
620 1860 
2666 2666 
5458 16374 
3242 3242 
5859 1952 
3248 3248 
2820 2820 
3777 3777 
2611 7833 
3637 3637 
618 1854 
3039 9117 
5710 1902 
2673 2673 
5436 1811 
5612 16836 
902 300 
3377 10131 
4519 1505 
2282 760 
1639 4917 
1169 3507 
2145 2145 
1404 4212 
2731 8193 
445 1335 
4282 1426 
2662 2662 
2586 861 
2903 967 
1333 443 
2106 6318 
3181 9543 
2173 2173 
5615 16845 
3730 3730 
3306 3306 
1237 3711 
4731 1576 
5352 1783 
3644 3644 
819 2457 
3974 11922 
4 0 
4051 12153 
2987 2987 
1499 499 
5868 17604 
4132 12396 
2069 689 
750 249 
5230 1742 
2960 8880 
2108 2108 
2113 2113 
3382 10146 
1237 411 
5508 16524 
4599 13797 
5117 1705 
2068 688 
5614 1870 
2619 7857 
5612 1870 
1313 437 
385 1155 
239 717 
2121 2121 
2396 7188 
3697 3697 
622 1866 
2302 2302 
5984 17952 
2682 2682 
3155 9465 
3426 3426 
716 2148 
4912 14736 
2252 2252 
2909 8727 
167 55 
2282 6846 
1624 540 
3044 1014 
2893 2893 
2921 2921 
5083 15249 
4727 14181 
3185 3185 
2388 2388 
4492 1496 
1645 4935 
570 189 
1555 517 
5002 1666 
4464 1487 
659 1977 
4775 1591 
1011 3033 
2382 7146 
3858 1285 
650 1950 
2316 771 
342 113 
905 301 
3233 3233 
4254 12762 
3026 3026 
3605 3605 
2950 982 
782 260 
4003 1333 
1273 3819 
5752 17256 
3057 1018 
5683 1893 
3212 1070 
2334 2334 
5274 1757 
4463 1487 
3285 3285 
4476 1491 
3922 3922 
5618 1872 
4865 14595 
2874 2874 
1747 581 
171 513 
2589 7767 
4101 1366 
1502 4506 
972 2916 
2565 2565 
1184 3552 
4062 12186 
4673 1557 
4419 1472 
4403 1467 
496 1488 
2271 2271 
58 174 
2637 2637 
2936 978 
3710 3710 
3277 3277 
2918 8754 
1970 5910 
1261 419 
915 2745 
2781 926 
2535 7605 
2223 740 
2497 2497 
3111 3111 
1365 4095 
3221 1073 
2284 2284 
3652 1216 
1786 5358 
3311 3311 
2947 981 
4356 1451 
3247 3247 
4305 1434 
3590 3590 
2275 2275 
1342 4026 
3542 3542 
2297 6891 
2823 8469 
5615 1871 
2407 2407 
3408 1135 
5041 1679 
155 465 
4194 12582 
3621 3621 
3613 3613 
2936 2936 
1032 3096 
4388 1462 
4802 14406 
1167 3501 
2033 2033 
2089 2089 
1806 5418 
3843 1280 
2309 769 
4818 1605 
1343 4029 
3716 11148 
2363 2363 
1221 406 
3134 3134 
5231 15693 
3894 3894 
4710 1569 
868 288 
2408 7224 
3379 3379 
3419 10257 
2157 2157 
3481 3481 
2928 8784 
2684 2684 
288 95 
676 224 
2374 2374 
1189 3567 
2112 703 
2558 7674 
5179 15537 
2618 2618 
1603 533 
4046 1348 
45 14 
5715 17145 
5651 16953 
2937 2937 
5582 16746 
3683 11049 
5875 17625 
3399 3399 
5566 16698 
5753 1917 
3756 3756 
5194 15582 
836 278 
2882 2882 
3696 3696 
3761 1253 
228 684 
5355 1784 
2575 857 
2861 8583 
5880 1959 
3466 10398 
3971 3971 
5670 17010 
2849 2849 
3059 9177 
3025 1007 
3173 1057 
2039 679 
2973 990 
3245 3245 
4498 13494 
764 2292 
3206 3206 
3353 10059 
4354 13062 
3875 3875 
4903 14709 
4712 1570 
2543 2543 
2571 856 
4333 12999 
1029 3087 
546 181 
3455 3455 
252 756 
3101 3101 
3024 3024 
2550 2550 
2642 2642 
930 2790 
1229 409 
3652 3652 
2837 2837 
3110 3110 
3516 3516 
2927 2927 
190 62 
832 276 
1206 3618 
2156 2156 
3047 9141 
1001 333 
5144 1714 
3136 3136 
5602 16806 
2698 898 
2193 2193 
5522 16566 
3863 3863 
3673 1223 
2014 2014 
2606 2606 
5961 1986 
5630 1876 
671 2013 
5350 16050 
3855 3855 
4734 1577 
1059 352 
3253 3253 
680 2040 
5916 1971 
539 179 
840 279 
4852 14556 
727 241 
2312 2312 
2414 7242 
4010 12030 
2625 2625 
1510 502 
2862 2862 
3436 3436 
3582 3582 
3786 1261 
3162 3162 
3494 3494 
5697 17091 
3654 3654 
2072 2072 
3618 1205 
3695 11085 
3220 1072 
1271 423 
3498 10494 
425 141 
4012 12036 
4896 1631 
3784 3784 
3570 3570 
3338 10014 
4865 1621 
3018 3018 
2151 2151 
3255 3255 
2054 684 
5191 1729 
3906 3906 
1486 4458 
3284 3284 
4667 1555 
1452 4356 
3393 3393 
3898 3898 
3029 3029 
1875 5625 
1924 5772 
4737 1578 
4755 14265 
868 2604 
5464 16392 
5967 1988 
815 2445 
2275 757 
1732 576 
3889 3889 
5203 1733 
2445 7335 
4486 1494 
5682 1893 
1938 5814 
2869 2869 
4724 14172 
2871 8613 
1986 5958 
3196 3196 
834 277 
3187 9561 
2317 2317 
119 357 
2596 2596 
3974 3974 
3704 1234 
3421 10263 
1922 5766 
3271 9813 
2188 6564 
2472 7416 
1816 604 
3519 3519 
1705 567 
1722 5166 
3482 3482 
2799 8397 
2857 2857 
2809 2809 
2719 905 
3015 3015 
2540 846 
1091 3273 
236 78 
1942 5826 
3282 3282 
3791 11373 
3243 1080 
1509 4527 
5563 16689 
2768 2768 
3912 3912 
3996 1331 
3540 10620 
889 295 
2053 2053 
4330 1442 
5262 1753 
2315 2315 
251 753 
3487 10461 
2176 2176 
1923 5769 
2083 2083 
1561 4683 
5468 16404 
1382 460 
3326 9978 
4760 1586 
3721 1239 
17 5 
3560 1186 
4625 1541 
814 270 
1071 356 
2958 2958 
1934 644 
2721 906 
4296 1431 
4740 1579 
2539 2539 
2132 2132 
393 1179 
4085 12255 
2023 2023 
2038 2038 
2954 2954 
4206 12618 
1773 590 
533 177 
3643 3643 
2826 8478 
5277 1758 
2802 933 
2093 2093 
3638 3638 
287 861 
2482 2482 
2115 2115 
2990 2990 
4327 1441 
5455 1817 
2648 2648 
2739 912 
2308 768 
3633 10899 
3265 3265 
4889 14667 
2631 876 
3405 3405 
2878 958 
226 74 
3659 1219 
2473 7419 
2504 7512 
3904 3904 
2280 6840 
3883 3883 
3289 3289 
3489 10467 
2293 2293 
1113 3339 
2123 2123 
2402 2402 
5506 1834 
3958 1318 
104 312 
1232 3696 
3008 3008 
2878 2878 
4273 1423 
1052 350 
1574 524 
2221 2221 
195 585 
2397 2397 
3708 3708 
244 732 
2503 2503 
3275 3275 
3708 1235 
2630 876 
2310 2310 
1055 3165 
5780 17340 
3870 3870 
3470 3470 
3207 9621 
5435 1811 
3976 1324 
14 4 
4295 12885 
5092 15276 
2824 8472 
1108 368 
375 1125 
5551 1849 
80 240 
2928 975 
5327 1775 
46 14 
3784 1260 
626 1878 
540 179 
451 1353 
2836 8508 
2776 924 
3834 3834 
4456 13368 
4089 12267 
2677 2677 
2937 978 
1252 416 
3511 1169 
2891 2891 
1904 634 
2929 975 
4005 1334 
3238 3238 
1375 4125 
1598 532 
3524 10572 
5689 1895 
3995 1331 
4004 12012 
2973 8919 
3303 3303 
4279 12837 
653 1959 
3430 3430 
980 2940 
1676 558 
961 2883 
5935 1977 
2420 2420 
3648 1215 
2792 2792 
5086 1694 
3202 3202 
3179 1059 
4893 14679 
4126 1374 
4090 12270 
2732 8196 
1388 4164 
2214 2214 
2411 2411 
3689 1229 
1515 4545 
2872 2872 
5175 1724 
3175 1057 
3968 3968 
5908 17724 
3557 3557 
3845 1281 
4064 1354 
1566 4698 
2440 812 
418 138 
2547 2547 
3734 3734 
3813 3813 
222 73 
527 175 
5609 16827 
3043 1013 
1817 605 
2339 2339 
3493 3493 
1144 380 
2285 761 
3334 10002 
5343 1780 
2988 8964 
2466 2466 
3330 3330 
3319 3319 
2050 682 
2117 2117 
2084 2084 
2460 819 
4198 1398 
3510 3510 
5248 1748 
5803 1933 
4901 1633 
3611 10833 
2966 2966 
3011 3011 
5265 15795 
2879 959 
2081 2081 
5571 16713 
2566 2566 
2401 2401 
5234 15702 
3371 3371 
3157 3157 
346 114 
3879 1292 
5742 17226 
2740 8220 
2231 743 
1963 5889 
2028 675 
898 298 
82 26 
5417 1805 
334 1002 
2969 989 
1487 4461 
3249 3249 
1072 3216 
2984 994 
1256 418 
247 81 
3818 11454 
5280 15840 
4803 1600 
478 158 
2538 2538 
2685 2685 
2198 6594 
2694 8082 
5245 1747 
1713 5139 
3064 3064 
5257 15771 
2797 8391 
2010 2010 
2478 2478 
2195 2195 
583 1749 
2748 2748 
3930 3930 
3522 3522 
4883 1627 
2692 2692 
3754 1250 
2287 2287 
2953 2953 
2296 2296 
2047 2047 
4524 13572 
212 70 
3942 3942 
3601 3601 
3616 10848 
2144 6432 
468 1404 
5501 16503 
1741 579 
5994 1997 
2545 2545 
4859 14577 
4400 1466 
4522 13566 
19 5 
1610 4830 
3267 3267 
5711 1903 
5347 16041 
4658 13974 
3617 1205 
2984 2984 
52 16 
4704 14112 
3100 9300 
5419 1805 
3053 3053 
5613 1870 
166 54 
328 984 
630 1890 
1231 409 
3199 3199 
3742 3742 
2005 6015 
3938 3938 
2319 2319 
5699 1899 
3165 3165 
2884 2884 
146 438 
879 2637 
3482 1160 
178 58 
3802 1266 
3773 3773 
2763 2763 
4566 13698 
4153 1383 
4941 14823 
5700 1899 
3865 1287 
5778 1925 
4926 14778 
3956 1318 
2797 2797 
5842 1946 
2599 2599 
4307 1435 
3518 1172 
3222 3222 
2650 2650 
5934 1977 
1792 5376 
3501 10503 
699 232 
3330 9990 
3382 1126 
5877 1958 
4036 12108 
2104 6312 
1402 4206 
538 178 
3924 3924 
5592 16776 
3559 10677 
2238 6714 
4161 1386 
5505 16515 
3190 3190 
5244 15732 
1249 415 
2222 2222 
2688 2688 
3137 1045 
1488 4464 
3003 1000 
5481 1826 
5498 1832 
3474 3474 
1782 5346 
3431 10293 
2281 2281 
2454 2454 
2247 2247 
1821 5463 
3741 3741 
3107 3107 
3706 1234 
67 201 
2944 8832 
979 325 
2272 6816 
2581 2581 
803 2409 
3204 3204 
3354 10062 
3374 3374 
2483 7449 
806 268 
5316 15948 
3845 3845 
4032 12096 
3975 11925 
1335 444 
2415 2415 
5797 1931 
5626 1874 
2080 2080 
4204 1400 
603 200 
3782 3782 
4605 13815 
2633 7899 
5780 1926 
3061 3061 
1960 5880 
2772 2772 
2237 2237 
2894 2894 
3279 3279 
2196 6588 
1801 599 
3729 3729 
4866 14598 
3386 3386 
3234 3234 
3138 9414 
2333 2333 
221 663 
111 333 
2870 8610 
3923 1307 
5289 15867 
5855 1951 
3744 3744 
5019 15057 
94 282 
2946 2946 
3765 1254 
3389 10167 
5854 17562 
33 99 
5725 17175 
1014 337 
3065 3065 
5052 15156 
5106 1701 
2316 2316 
2914 2914 
5735 17205 
3295 3295 
5814 1937 
2743 2743 
725 241 
3126 3126 
3758 1252 
1449 4347 
3795 11385 
3979 3979 
5702 17106 
5394 1797 
157 51 
3378 1125 
816 2448 
4804 14412 
4887 14661 
5883 17649 
3258 3258 
4240 1412 
4658 1552 
2455 2455 
2741 2741 
4498 1498 
2924 8772 
42 13 
1463 487 
702 233 
2477 2477 
5810 1936 
3600 3600 
2640 2640 
1178 392 
2729 8187 
2170 6510 
2755 8265 
3539 10617 
2427 2427 
5243 1747 
630 209 
3391 1129 
2963 8889 
4158 1385 
3989 3989 
2541 7623 
231 76 
276 91 
1698 5094 
1130 3390 
2474 2474 
4352 1450 
3800 3800 
3657 10971 
3153 3153 
4809 1602 
2344 7032 
4948 14844 
3268 3268 
4359 1452 
4545 1514 
2715 2715 
3479 3479 
4925 14775 
2478 825 
2575 2575 
349 1047 
2225 2225 
2171 2171 
3914 3914 
3380 3380 
22 6 
3468 3468 
2320 2320 
2350 782 
3178 3178 
1022 3066 
698 232 
4392 1463 
965 2895 
4743 1580 
911 303 
4499 13497 
2258 6774 
4476 13428 
4648 1548 
2124 6372 
2893 963 
2245 747 
5959 1985 
2565 7695 
4629 1542 
1440 479 
203 67 
3512 10536 
1518 4554 
4370 13110 
2235 2235 
2767 2767 
5779 1925 
3796 1264 
3130 1042 
2017 2017 
38 114 
5437 1811 
4982 1660 
2667 8001 
3547 3547 
2120 2120 
4667 14001 
198 65 
1075 357 
4888 1628 
3851 1283 
871 289 
994 330 
3371 10113 
2230 2230 
1717 5151 
4716 14148 
1042 3126 
2308 2308 
710 2130 
844 2532 
1908 5724 
3714 1237 
2372 790 
2790 2790 
1596 531 
4426 13278 
3537 3537 
3328 3328 
667 221 
4248 1415 
3935 11805 
4754 14262 
1437 4311 
3826 1274 
5291 1763 
3595 3595 
5952 1983 
3004 3004 
5561 16683 
1027 3081 
3256 3256 
5658 16974 
28 84 
5938 17814 
3964 3964 
2429 2429 
3705 3705 
3005 3005 
4563 1520 
2913 2913 
5887 17661 
193 579 
5661 16983 
1079 3237 
3815 11445 
3131 1043 
3441 10323 
2934 8802 
3283 3283 
4647 13941 
1580 4740 
3459 3459 
3057 3057 
2867 2867 
1188 395 
2379 7137 
580 1740 
2920 8760 
3104 3104 
3550 3550 
12 3 
5448 16344 
4953 14859 
3608 3608 
1632 543 
3504 3504 
5720 17160 
3936 3936 
4728 1575 
3825 11475 
2357 2357 
3985 3985 
4932 14796 
5329 1775 
1074 357 
2931 976 
102 33 
2495 2495 
4308 12924 
2507 2507 
5389 16167 
1720 5160 
3097 3097 
3975 3975 
3596 10788 
917 2751 
2176 724 
3526 1174 
2523 7569 
4 12 
508 1524 
2192 2192 
1395 464 
5621 1873 
4193 1397 
367 121 
2306 2306 
873 2619 
3846 11538 
5176 1724 
3750 1249 
301 99 
3229 3229 
3528 3528 
1122 3366 
2822 2822 
3549 3549 
3794 1264 
3608 1202 
1908 635 
2496 2496 
3342 3342 
5144 15432 
3335 3335 
3009 3009 
3809 3809 
3679 11037 
373 1119 
2111 2111 
3693 3693 
3227 3227 
2326 2326 
3973 3973 
2095 697 
3977 11931 
2313 6939 
5675 17025 
27 81 
3514 3514 
5053 1683 
3956 3956 
2860 2860 
2400 799 
3114 3114 
284 852 
4580 1526 
5204 1734 
3680 1226 
2455 7365 
17 51 
2172 6516 
886 294 
2661 2661 
179 59 
4644 1547 
5846 1948 
2512 836 
3229 9687 
1613 4839 
3300 9900 
5657 16971 
1985 661 
3475 3475 
352 116 
1457 4371 
1376 458 
3917 3917 
2768 8304 
2840 2840 
3905 1301 
5308 15924 
313 103 
5501 1833 
4871 1623 
753 250 
4567 13701 
5434 1810 
2594 2594 
3129 3129 
4388 13164 
1527 508 
1502 500 
1402 466 
3259 3259 
3074 3074 
3319 1105 
5426 1808 
1080 359 
4345 1447 
5974 17922 
2985 8955 
5276 1758 
4047 1348 
3660 10980 
4126 12378 
4913 1637 
2393 2393 
1552 4656 
1529 4587 
3203 3203 
259 777 
2297 2297 
2564 2564 
5254 1750 
5998 1998 
3854 3854 
2758 2758 
83 249 
3946 3946 
3719 3719 
1186 394 
4143 12429 
2569 2569 
1555 4665 
3733 1243 
3032 1010 
4884 14652 
5210 15630 
3478 1158 
4823 1607 
2708 2708 
5716 17148 
4639 13917 
3846 1281 
4053 12159 
5044 15132 
1103 367 
2813 2813 
5639 1879 
429 142 
5425 16275 
3456 3456 
5481 16443 
3357 10071 
4440 13320 
5986 17958 
2724 907 
2188 2188 
4839 14517 
4803 14409 
3625 3625 
3584 1194 
4413 1470 
2260 6780 
3789 3789 
5581 16743 
4682 1560 
690 2070 
657 218 
847 281 
3907 1301 
3128 3128 
3639 3639 
2425 7275 
3766 11298 
4620 1539 
1054 3162 
2518 2518 
3425 3425 
2201 2201 
38 12 
2704 2704 
5483 16449 
278 834 
2360 786 
2934 2934 
4023 12069 
5640 16920 
3012 3012 
3603 3603 
2524 7572 
1982 660 
5422 16266 
2058 2058 
567 188 
3172 1056 
2861 2861 
3681 3681 
2677 8031 
4451 13353 
2648 882 
3133 9399 
3653 3653 
3887 3887 
2028 2028 
3409 3409 
5421 16263 
2750 8250 
5147 1715 
3759 3759 
3483 3483 
2475 2475 
4267 1421 
688 2064 
3695 3695 
5387 1795 
4311 1436 
757 2271 
2918 2918 
300 900 
3972 3972 
1936 644 
3228 3228 
817 271 
1324 3972 
3563 3563 
3407 3407 
1651 549 
2701 2701 
3359 3359 
3574 3574 
2469 2469 
3329 1109 
2762 2762 
5233 1743 
3927 3927 
5876 17628 
1057 3171 
3395 3395 
463 1389 
370 1110 
3339 10017 
3257 3257 
5823 17469 
2104 2104 
2096 2096 
2736 2736 
359 119 
1282 426 
2994 2994 
2662 886 
943 313 
3155 3155 
1229 3687 
1094 364 
5656 16968 
267 801 
3785 3785 
192 576 
3757 3757 
3207 1068 
5430 16290 
2911 2911 
5878 1958 
3960 11880 
99 32 
2533 2533 
2678 2678 
5997 17991 
72 216 
733 2199 
3755 3755 
144 47 
1846 614 
1961 653 
2510 836 
2616 7848 
2071 6213 
2568 2568 
4607 1535 
3769 3769 
3175 9525 
4953 1650 
2941 2941 
3424 3424 
636 211 
2410 2410 
2521 2521 
3085 3085 
5570 1856 
4096 12288 
2689 2689 
2482 826 
2272 2272 
3549 1182 
4481 1493 
1287 428 
2641 7923 
57 18 
5520 16560 
2588 7764 
4713 1570 
5794 1930 
2886 2886 
2382 2382 
5513 1837 
3297 3297 
3716 3716 
1581 526 
5036 15108 
2784 2784 
3764 3764 
2917 2917 
5870 1956 
1980 5940 
3436 1144 
3878 3878 
2370 2370 
2593 2593 
2694 2694 
4996 14988 
4857 14571 
2328 2328 
3156 9468 
2380 7140 
3791 1263 
2040 6120 
2428 2428 
2530 7590 
3007 9021 
1862 620 
4415 13245 
3334 3334 
5000 15000 
4577 13731 
2037 2037 
5301 15903 
2231 2231 
3890 3890 
5841 1946 
2751 8253 
4628 1542 
1630 542 
3241 3241 
3341 10023 
4331 1443 
2155 2155 
5168 1722 
3680 3680 
4055 12165 
3832 3832 
74 24 
5596 16788 
2845 2845 
2679 2679 
5611 1869 
2464 2464 
5503 16509 
3300 3300 
4708 14124 
3676 3676 
3003 3003 
1824 5472 
5173 15519 
3954 11862 
5771 17313 
2532 2532 
3926 1308 
821 273 
5484 16452 
2832 2832 
2152 2152 
1855 5565 
3558 3558 
2895 2895 
3838 3838 
371 123 
4719 14157 
2436 2436 
2415 7245 
3907 11721 
5979 1992 
1222 3666 
4237 1411 
603 1809 
2926 2926 
5168 15504 
3996 3996 
3182 3182 
4841 1613 
127 381 
1830 5490 
2579 859 
191 63 
428 142 
1358 452 
3766 3766 
1691 563 
4541 13623 
4289 12867 
5080 1692 
4715 14145 
5829 17487 
3544 3544 
3405 1134 
5548 1848 
1923 640 
1322 440 
4608 1535 
2178 725 
2386 2386 
181 59 
3055 3055 
2273 2273 
2 6 
1505 4515 
3648 10944 
1289 429 
5905 1967 
4872 14616 
5221 1739 
3181 3181 
3498 3498 
16 4 
2651 883 
3442 1146 
145 435 
3901 3901 
296 98 
5403 1800 
5288 1762 
2229 2229 
817 2451 
2091 2091 
309 102 
3530 1176 
5682 17046 
2701 899 
2828 2828 
2078 2078 
3965 3965 
3969 3969 
2802 2802 
5127 1708 
2083 6249 
279 92 
4037 1345 
3363 10089 
1023 3069 
2818 2818 
5603 1867 
2751 2751 
3689 3689 
5769 17307 
5209 1735 
2651 7953 
4018 1338 
2201 6603 
1788 595 
84 27 
133 43 
5049 1682 
2579 2579 
3079 3079 
2187 728 
1781 593 
3240 1079 
2102 6306 
2651 2651 
1544 514 
1264 3792 
1394 4182 
3106 3106 
3699 1232 
4939 1645 
101 303 
1040 3120 
4345 13035 
2349 7047 
168 55 
3461 3461 
3063 3063 
3762 3762 
3816 3816 
1439 479 
3022 9066 
2609 7827 
2569 855 
2713 2713 
3333 1110 
1663 553 
745 2235 
2054 2054 
3444 1147 
797 265 
2508 2508 
2833 2833 
3197 3197 
1788 5364 
2288 2288 
5926 1974 
90 270 
3532 3532 
4712 14136 
3531 3531 
3864 3864 
1267 421 
2274 2274 
2925 2925 
3462 3462 
777 2331 
5043 15129 
5706 17118 
1885 5655 
1097 365 
3675 3675 
3210 1069 
5629 16887 
3402 3402 
3388 3388 
3423 1140 
4502 13506 
2951 2951 
3431 3431 
3747 11241 
4351 1449 
3992 3992 
2581 859 
3740 3740 
41 13 
5187 1728 
3471 3471 
355 1065 
2838 2838 
2422 806 
1859 619 
4661 1553 
4303 1433 
1164 3492 
4889 1629 
2850 2850 
2633 2633 
2498 2498 
3066 3066 
4218 12654 
949 315 
3395 1131 
2989 995 
3338 1112 
2503 833 
2623 7869 
2384 794 
2263 753 
2009 2009 
2577 858 
2864 2864 
1298 3894 
2703 2703 
2728 2728 
3726 3726 
2231 6693 
3336 3336 
3538 3538 
3137 9411 
3121 3121 
5777 1925 
3148 9444 
2805 2805 
4629 13887 
2759 919 
2304 6912 
2669 2669 
3022 3022 
2301 2301 
2216 2216 
3146 3146 
3523 1173 
4318 12954 
2800 8400 
3266 9798 
5754 1917 
3110 9330 
3075 3075 
2630 2630 
4976 1658 
977 325 
2456 2456 
3165 1054 
4312 1436 
1370 4110 
2907 2907 
2069 2069 
3581 3581 
2037 6111 
4798 14394 
3882 3882 
4099 12297 
2935 977 
3636 1211 
3702 3702 
613 1839 
3307 3307 
337 1011 
4122 1373 
2481 2481 
2060 6180 
150 49 
1643 4929 
4692 1563 
3976 3976 
3385 3385 
3041 3041 
3102 1033 
2738 2738 
2742 913 
1161 386 
3324 3324 
3815 3815 
2149 2149 
1799 5397 
1174 390 
3822 1273 
906 2718 
2032 2032 
4219 1405 
4961 1653 
3435 3435 
5441 16323 
3158 1052 
5389 1795 
2337 2337 
5811 1936 
1938 645 
2951 983 
2144 2144 
2463 7389 
3545 3545 
1595 4785 
3304 9912 
695 2085 
2962 8886 
5180 1726 
2536 2536 
3917 11751 
3073 1023 
3619 1205 
3902 3902 
3884 1294 
784 260 
2026 2026 
3264 3264 
3350 3350 
2846 2846 
3665 3665 
1261 3783 
3437 1145 
4708 1568 
1825 607 
4014 12042 
2027 2027 
2103 6309 
3879 3879 
2489 2489 
5787 17361 
2105 701 
2578 2578 
2761 2761 
307 101 
975 2925 
2220 739 
4131 1376 
1639 545 
3736 3736 
4677 1558 
526 1578 
5488 1828 
2030 2030 
1860 5580 
4178 1392 
4048 12144 
4310 12930 
3149 3149 
2452 2452 
5074 1690 
3446 3446 
3391 3391 
1076 3228 
870 2610 
5705 17115 
5882 17646 
3443 3443 
741 246 
2516 7548 
3631 3631 
3995 3995 
1742 580 
2483 2483 
3611 1203 
2276 2276 
4031 1343 
5992 17976 
5536 1844 
5890 17670 
3285 1094 
2279 2279 
3718 11154 
3896 3896 
2235 6705 
3616 3616 
3873 3873 
2487 828 
5711 17133 
3746 11238 
1573 4719 
5783 1927 
2035 2035 
3551 3551 
4082 1360 
130 42 
4156 1384 
1745 581 
3066 9198 
1484 494 
2764 2764 
3246 3246 
3607 3607 
2147 715 
3143 3143 
5587 16761 
894 2682 
3357 3357 
4921 1639 
5964 1987 
3844 11532 
1401 466 
436 1308 
424 1272 
1950 5850 
2383 2383 
4437 1478 
2919 2919 
5369 1789 
2603 867 
248 744 
2580 859 
2153 2153 
1485 494 
2391 2391 
2397 7191 
133 399 
3097 1031 
218 654 
3646 3646 
3039 3039 
4722 1573 
2227 6681 
2865 2865 
3909 3909 
1155 3465 
2155 717 
3704 3704 
1815 5445 
1331 443 
3933 3933 
94 30 
3414 10242 
4223 12669 
4753 1583 
1971 5913 
1418 4254 
1959 5877 
270 810 
5373 1790 
5504 16512 
44 132 
1890 5670 
5672 17016 
558 1674 
1696 5088 
2979 8937 
2184 6552 
3784 11352 
2246 2246 
2444 2444 
2082 6246 
2417 2417 
3767 3767 
1132 376 
2022 6066 
972 323 
151 453 
2255 2255 
5946 17838 
666 221 
5556 1851 
494 164 
72 23 
2742 2742 
3971 11913 
3377 3377 
1831 609 
3440 10320 
2286 2286 
301 903 
2779 2779 
591 1773 
2992 8976 
3554 3554 
2654 2654 
3016 9048 
3124 1040 
3353 3353 
2746 2746 
2041 2041 
3675 11025 
3281 3281 
2795 2795 
1519 505 
2299 6897 
2076 2076 
5151 1716 
221 73 
4039 1345 
2831 2831 
2425 2425 
5284 15852 
4415 1471 
5212 1736 
5576 16728 
2321 773 
3851 3851 
3201 3201 
988 2964 
2815 937 
5489 1829 
2859 2859 
3998 11994 
3808 1268 
46 138 
5736 1911 
3775 3775 
660 1980 
1676 5028 
486 161 
4820 14460 
2048 2048 
2621 2621 
3984 3984 
4655 1551 
3263 3263 
79 237 
1082 3246 
4279 1425 
24 7 
212 636 
3652 10956 
2193 730 
1438 4314 
4590 1529 
3735 1244 
861 2583 
3152 3152 
5008 1668 
4560 1519 
3457 10371 
2450 816 
1070 3210 
3105 1034 
2086 694 
591 196 
4580 13740 
742 246 
916 2748 
4978 1658 
2074 2074 
225 675 
3542 10626 
2374 7122 
3617 3617 
2554 2554 
2342 2342 
2550 7650 
2947 2947 
2458 2458 
277 91 
4837 1611 
5597 1865 
1718 572 
2042 2042 
2340 7020 
3212 3212 
3939 3939 
3845 11535 
3030 1009 
3739 3739 
2717 2717 
4814 14442 
2702 2702 
84 252 
2249 2249 
5558 1852 
929 309 
5020 1672 
4343 1447 
1686 5058 
105 315 
2460 7380 
1739 5217 
2132 6396 
3140 3140 
3499 3499 
2447 2447 
518 172 
3068 9204 
2144 714 
3302 3302 
3349 3349 
1725 5175 
3735 11205 
3188 1062 
5929 1975 
3484 3484 
1616 4848 
2177 2177 
5568 16704 
3891 3891 
3805 3805 
4778 14334 
443 147 
1507 501 
2409 7227 
3512 3512 
3230 9690 
5207 15621 
3208 3208 
2517 2517 
381 1143 
3069 3069 
47 141 
5478 1825 
5056 1684 
2232 2232 
923 307 
711 2133 
2898 965 
1257 3771 
1307 435 
2019 2019 
4369 1455 
2324 2324 
3031 3031 
2655 2655 
2372 2372 
3709 1235 
712 236 
2240 6720 
408 1224 
2559 2559 
1388 462 
1134 3402 
3477 10431 
3645 3645 
5798 1932 
5135 15405 
2433 2433 
1804 5412 
2923 973 
1891 629 
748 248 
1225 407 
290 870 
4751 14253 
3820 3820 
3020 3020 
892 296 
5943 1980 
1226 408 
5183 1727 
5197 1731 
1549 515 
303 100 
2801 2801 
2396 2396 
2429 7287 
2777 925 
1730 576 
5966 1988 
4791 14373 
3619 10857 
897 2691 
1425 474 
4232 1410 
904 2712 
3929 3929 
2169 2169 
3343 3343 
1380 459 
4934 1644 
3714 3714 
3444 3444 
1752 5256 
3826 3826 
858 2574 
4729 14187 
2574 857 
2333 777 
2663 2663 
2060 2060 
3023 3023 
3496 3496 
2626 7878 
963 2889 
2997 2997 
2100 2100 
2136 2136 
4626 1541 
3682 3682 
2703 900 
5163 15489 
1576 524 
2213 6639 
3779 3779 
4730 1576 
3032 3032 
2261 2261 
5342 16026 
2697 2697 
2605 867 
5559 16677 
2614 2614 
5775 1924 
4243 12729 
1735 577 
1313 3939 
5580 1859 
874 2622 
3890 11670 
3864 11592 
4852 1616 
3141 3141 
5260 15780 
2778 8334 
3658 3658 
3745 3745 
2208 6624 
1496 498 
4680 1559 
2558 2558 
3810 3810 
2634 877 
3910 1302 
5772 1923 
3759 11277 
3819 3819 
4702 14106 
2531 2531 
1206 401 
2584 2584 
2970 989 
3722 1240 
1874 5622 
2870 956 
2042 680 
5619 16857 
5528 1842 
2361 2361 
4794 14382 
3408 3408 
5139 1712 
1909 635 
4765 1587 
381 126 
341 1023 
2789 2789 
3243 3243 
196 64 
1530 509 
2732 2732 
3206 9618 
2785 927 
1570 522 
2795 931 
5690 17070 
5216 15648 
4266 12798 
2685 894 
2459 2459 
2535 844 
789 262 
4385 13155 
3122 3122 
4139 12417 
5957 1985 
2187 2187 
205 615 
3038 9114 
330 109 
5641 1879 
5164 1720 
2449 815 
4404 1467 
4505 13515 
2462 7386 
2775 2775 
5674 1890 
3032 9096 
5310 15930 
2024 2024 
1260 3780 
4727 1575 
3641 10923 
3585 3585 
1758 5274 
3017 1005 
3962 1320 
4522 1506 
114 342 
1684 560 
2385 794 
4313 12939 
4698 1565 
5862 17586 
1885 627 
3373 10119 
4996 1664 
4175 12525 
3947 3947 
5268 1755 
4988 1662 
3525 3525 
2278 6834 
3650 3650 
5672 1890 
2098 698 
2215 737 
2817 2817 
869 289 
2472 2472 
2853 2853 
2043 2043 
1852 616 
2501 2501 
2991 2991 
479 1437 
5356 16068 
79 25 
3174 9522 
5775 17325 
2670 889 
3251 3251 
6000 1999 
2612 2612 
3364 3364 
792 2376 
3599 1199 
5902 17706 
3612 3612 
2818 8454 
2174 2174 
3796 3796 
2967 2967 
856 284 
2614 870 
651 1953 
4853 1617 
661 1983 
2514 2514 
3007 1001 
2365 787 
1250 416 
1993 5979 
2803 2803 
4466 13398 
2233 743 
2745 2745 
295 97 
1687 5061 
5239 1745 
5622 1873 
4514 13542 
3281 1093 
280 92 
433 1299 
358 118 
4445 1481 
4503 1500 
3788 3788 
859 285 
4183 12549 
4060 12180 
5042 1680 
4973 14919 
2848 8544 
5116 15348 
1392 463 
3666 3666 
2242 6726 
2139 2139 
3885 3885 
5177 15531 
1963 653 
1197 398 
2346 2346 
3967 3967 
3038 1012 
2773 923 
2826 2826 
414 1242 
4992 14976 
2710 2710 
3665 1221 
2081 6243 
4578 13734 
2031 2031 
1349 449 
2140 2140 
2941 979 
1709 5127 
2357 785 
4130 12390 
1328 3984 
3791 3791 
2368 2368 
3083 1027 
3943 11829 
2672 2672 
2963 2963 
2135 2135 
3632 3632 
1481 4443 
1801 5403 
3088 3088 
3483 10449 
3907 3907 
4784 1594 
5550 1849 
3285 9855 
323 107 
1901 5703 
3679 3679 
2381 7143 
3678 3678 
2898 2898 
4030 12090 
2059 2059 
3375 3375 
2551 2551 
4018 12054 
3051 1016 
5089 1695 
3420 1139 
2621 7863 
296 888 
2110 2110 
3717 3717 
593 1779 
5079 15237 
3491 3491 
3223 3223 
3808 3808 
4602 13806 
3480 3480 
2107 701 
3859 3859 
1554 4662 
3576 1191 
2958 985 
3776 3776 
1717 571 
1007 335 
3955 3955 
3230 3230 
5456 16368 
3188 3188 
138 414 
3646 10938 
2405 2405 
5080 15240 
2875 2875 
2847 2847 
1803 600 
1732 5196 
2409 2409 
2034 6102 
3105 3105 
2430 7290 
2595 2595 
3037 1011 
2257 6771 
3085 1027 
3083 3083 
349 115 
1412 4236 
4609 13827 
4178 12534 
2360 7080 
285 94 
1328 442 
5834 1944 
4845 1614 
2200 6600 
3043 3043 
4714 1570 
2944 2944 
4054 1350 
4001 12003 
5593 1863 
3291 3291 
1056 3168 
2392 2392 
4835 14505 
4649 1549 
254 84 
926 308 
4564 13692 
3579 3579 
2065 2065 
2350 2350 
3559 3559 
3136 1044 
695 231 
5463 1820 
3260 3260 
3827 3827 
3096 9288 
4336 1444 
3417 3417 
5130 1709 
2371 2371 
1203 3609 
2164 6492 
3148 1048 
2001 666 
2812 936 
2237 6711 
2674 2674 
5375 1791 
1715 5145 
2029 2029 
2821 939 
1260 419 
3294 9882 
665 221 
2446 7338 
1795 597 
1882 626 
3312 3312 
3497 10491 
4454 13362 
5354 1784 
5906 1968 
2318 2318 
1025 3075 
4030 1342 
4036 1344 
2676 2676 
2270 2270 
2702 8106 
3059 1019 
402 1206 
5186 15558 
5909 17727 
931 2793 
3688 3688 
3753 3753 
3172 3172 
772 2316 
2960 2960 
2567 2567 
2179 2179 
2548 2548 
2659 885 
2190 2190 
4621 1539 
3622 10866 
2067 2067 
2684 894 
3240 9720 
4981 14943 
3169 1055 
2560 2560 
5015 15045 
5317 15951 
3627 10881 
3137 3137 
2646 881 
3440 3440 
1988 662 
2852 2852 
3424 10272 
2762 8286 
2435 811 
5751 1916 
2667 2667 
3958 3958 
984 2952 
872 2616 
4573 13719 
1323 440 
1780 592 
5126 15378 
3502 3502 
1157 385 
3905 3905 
1777 5331 
18 54 
2870 2870 
3352 10056 
4630 13890 
2305 2305 
2980 8940 
5816 17448 
595 1785 
207 68 
5252 1750 
3701 3701 
5335 16005 
2877 2877 
3937 3937 
2167 2167 
4324 1440 
3798 11394 
641 213 
13 39 
752 250 
5331 15993 
1749 5247 
4645 1547 
1644 4932 
2493 2493 
4242 1413 
2268 2268 
2963 987 
2652 2652 
3245 9735 
5707 1901 
1020 339 
2707 2707 
3142 3142 
2362 7086 
589 1767 
5496 1831 
3761 3761 
2036 2036 
3492 3492 
4287 12861 
48 144 
3718 3718 
312 103 
1254 417 
3276 3276 
2943 980 
2168 2168 
4147 1381 
3326 3326 
2474 7422 
4393 1463 
1809 602 
351 116 
4310 1436 
2039 2039 
3080 9240 
2547 848 
4181 1393 
3986 3986 
2077 2077 
2883 2883 
1624 4872 
3167 3167 
1834 5502 
4147 12441 
5584 16752 
2423 7269 
5605 16815 
3052 3052 
5659 16977 
4390 1462 
2587 2587 
3946 1314 
5435 16305 
3496 1164 
3928 11784 
1815 604 
1395 4185 
4676 14028 
5050 1682 
3031 9093 
3235 3235 
1701 566 
3832 11496 
2667 888 
3663 3663 
2964 2964 
1486 494 
1705 5115 
4533 1510 
708 2124 
3932 3932 
5451 16353 
3262 3262 
4107 1368 
3539 3539 
3920 3920 
2091 6273 
1327 441 
2463 2463 
5984 1994 
2973 2973 
809 269 
2219 6657 
5004 15012 
2724 2724 
2004 2004 
4133 12399 
2921 8763 
2524 840 
3778 3778 
4873 14619 
5954 1984 
5688 17064 
2613 2613 
4417 1471 
2579 7737 
2164 2164 
5299 1765 
564 1692 
3844 3844 
928 2784 
2974 2974 
4299 12897 
2563 2563 
3585 1194 
2534 2534 
4581 1526 
5885 17655 
3520 3520 
3103 3103 
232 696 
1571 4713 
3738 3738 
1053 350 
3909 1302 
4246 12738 
4056 12168 
5731 17193 
2691 8073 
2381 793 
520 172 
3824 3824 
4897 1631 
3597 3597 
985 2955 
4295 1431 
2134 2134 
2205 6615 
5414 1804 
4050 1349 
3087 1028 
5114 15342 
209 627 
2876 2876 
2574 2574 
4449 1482 
5098 1698 
3078 3078 
3337 10011 
3583 3583 
3400 1132 
2112 6336 
2487 2487 
5076 1691 
1585 527 
2714 8142 
3214 3214 
3095 1031 
3298 9894 
2960 986 
862 286 
1728 5184 
2025 2025 
5588 16764 
4609 1535 
3170 3170 
3169 9507 
3239 3239 
2140 712 
2377 2377 
4788 14364 
3974 1324 
5301 1766 
4562 1520 
3763 3763 
2199 6597 
4743 14229 
1871 5613 
3933 1310 
3213 3213 
650 216 
720 239 
4871 14613 
2834 8502 
3419 3419 
3149 1049 
3994 3994 
4379 1459 
3759 1252 
2119 2119 
3961 3961 
1416 471 
4339 13017 
3837 3837 
2814 2814 
3086 3086 
4675 14025 
5936 17808 
4505 1501 
5128 15384 
2005 2005 
1156 384 
2226 741 
5011 1669 
3006 3006 
5994 17982 
1848 5544 
5281 15843 
2717 905 
3897 3897 
3670 3670 
2900 8700 
2904 2904 
3849 3849 
4336 13008 
1670 556 
3278 3278 
3305 3305 
2351 783 
2616 2616 
2419 2419 
4812 14436 
1053 3159 
1456 484 
2024 6072 
2269 2269 
5334 16002 
2409 802 
3317 3317 
705 234 
5097 15291 
3117 3117 
700 232 
2288 762 
2535 2535 
5010 1669 
2480 2480 
2147 2147 
3885 11655 
3731 3731 
5521 1839 
5779 17337 
1473 4419 
1144 3432 
2336 2336 
653 217 
1969 655 
3862 3862 
4284 1427 
4564 1520 
3124 3124 
5088 1695 
3598 3598 
2731 2731 
2515 7545 
1546 514 
2120 706 
2393 797 
2824 2824 
5384 1794 
5390 1796 
162 53 
2063 6189 
3113 3113 
161 483 
1073 357 
2989 2989 
736 2208 
3752 3752 
3368 3368 
3861 11583 
3965 1321 
1870 622 
3433 3433 
4705 1567 
1090 3270 
2653 2653 
2380 2380 
2525 841 
2345 2345 
3217 3217 
4595 1531 
671 223 
1550 4650 
2509 2509 
5996 17988 
70 210 
1684 5052 
243 729 
2501 833 
5643 1880 
5204 15612 
2719 2719 
5709 1902 
3305 1101 
3737 11211 
2473 2473 
4443 13329 
1552 516 
3777 11331 
432 143 
2905 2905 
2389 2389 
3232 1076 
2645 881 
2993 2993 
5661 1886 
3636 3636 
3078 1025 
2725 2725 
3771 11313 
3979 11937 
3919 3919 
4647 1548 
2443 2443 
2378 2378 
2868 2868 
2034 2034 
3718 1238 
3054 3054 
3832 1276 
5232 15696 
4884 1627 
3225 1074 
2756 8268 
4210 12630 
1660 552 
3601 1199 
541 179 
1747 5241 
3836 3836 
2617 2617 
1907 5721 
2729 909 
2985 2985 
2213 737 
3915 3915 
2362 2362 
3618 3618 
2209 2209 
2208 2208 
3899 1299 
3469 3469 
5690 1896 
2696 8088 
5205 15615 
4677 14031 
260 780 
3869 3869 
2174 724 
2589 862 
2211 2211 
3094 3094 
2930 976 
3098 1032 
2149 6447 
1494 4482 
5411 1803 
5555 16665 
2375 7125 
4191 1396 
3801 3801 
3340 1112 
3562 3562 
503 1509 
4924 14772 
5423 1807 
1650 4950 
1514 4542 
3811 3811 
2764 920 
3744 1247 
3296 3296 
4525 13575 
3659 10977 
2475 7425 
2353 2353 
1332 3996 
3194 1064 
5516 1838 
2782 8346 
3215 3215 
3774 3774 
3068 3068 
4572 13716 
3348 10044 
3114 1037 
2490 829 
2294 764 
3019 1005 
4613 1537 
3936 1311 
2183 727 
2915 2915 
2095 2095 
3548 1182 
4490 1496 
3460 3460 
3655 3655 
869 2607 
2706 8118 
2289 2289 
1768 588 
2892 2892 
3050 3050 
2881 2881 
3959 3959 
1354 4062 
967 2901 
2322 2322 
3027 1008 
3314 1104 
5062 1686 
2448 2448 
2576 2576 
3770 3770 
2528 842 
316 948 
3774 11322 
4973 1657 
3859 1285 
2811 2811 
4426 1474 
2705 901 
689 229 
3252 3252 
4920 1639 
2610 2610 
3177 9531 
3474 1157 
2067 6201 
3092 3092 
2225 741 
302 906 
3367 10101 
5228 15684 
792 263 
2635 2635 
952 316 
3649 10947 
1165 3495 
2588 2588 
4361 13083 
210 630 
2866 2866 
5553 16659 
1115 371 
5959 17877 
1337 4011 
4876 1624 
2798 2798 
4000 1332 
1062 353 
3949 3949 
2040 2040 
5867 17601 
804 2412 
2079 2079 
3899 3899 
2540 2540 
3268 9804 
4377 1458 
3164 3164 
3926 11778 
3823 3823 
3794 11382 
1362 453 
4170 12510 
5762 17286 
1024 3072 
4669 1555 
3780 3780 
2906 2906 
3034 3034 
3567 1188 
1980 659 
4773 1590 
5147 15441 
1913 5739 
4380 1459 
1744 5232 
2628 2628 
3210 3210 
3280 3280 
2179 6537 
5396 1798 
62 20 
2324 774 
1580 526 
2046 2046 
3886 3886 
754 250 
3606 1201 
5629 1875 
3533 3533 
5247 15741 
3772 3772 
3999 3999 
92 276 
3712 3712 
2613 7839 
5136 1711 
4552 13656 
456 151 
1508 4524 
128 384 
1004 3012 
2432 2432 
5026 15078 
3180 3180 
4662 13986 
5445 16335 
3175 3175 
846 2538 
1283 427 
1633 543 
3828 11484 
2948 2948 
3453 1150 
5380 1792 
3808 11424 
3911 3911 
1652 550 
3236 1078 
2451 816 
2998 2998 
3286 3286 
3322 3322 
3983 11949 
2912 2912 
4847 14541 
1734 5202 
2642 880 
634 1902 
2962 2962 
3361 3361 
2367 2367 
624 207 
5290 15870 
4858 1618 
3126 9378 
4447 13341 
1385 461 
2978 8934 
1772 590 
5493 1830 
1286 428 
409 1227 
3277 1091 
2287 761 
3614 3614 
5072 1690 
76 24 
3244 3244 
3728 3728 
5125 1707 
1620 539 
2259 752 
5921 17763 
699 2097 
5299 15897 
3725 11175 
3928 3928 
4229 12687 
2844 2844 
4249 12747 
396 1188 
4094 12282 
5371 1789 
4404 13212 
1454 4362 
4461 13383 
5093 1697 
5856 17568 
2815 2815 
3316 3316 
2638 2638 
2140 6420 
2223 6669 
315 104 
3299 3299 
2581 7743 
5351 1783 
2800 2800 
5578 1858 
2929 2929 
4319 12957 
3713 1237 
3304 1100 
1173 3519 
5667 17001 
2254 2254 
2453 817 
2419 805 
2996 2996 
5377 1791 
4269 12807 
703 2109 
1042 346 
2554 850 
2102 2102 
3195 3195 
2629 875 
4951 1649 
3871 3871 
3431 1143 
2698 2698 
801 2403 
5032 1676 
1941 646 
2335 2335 
2418 2418 
2932 2932 
3237 3237 
5064 1687 
2549 2549 
1670 5010 
3006 9018 
2725 8175 
3231 3231 
74 222 
3998 3998 
4813 14439 
10 30 
909 2727 
2860 952 
188 62 
3866 3866 
2278 2278 
2977 8931 
2046 681 
3978 3978 
5637 16911 
4738 14214 
4821 1606 
5494 1830 
1849 5547 
3548 10644 
5934 17802 
1501 4503 
3465 3465 
1021 3063 
3067 3067 
3771 1256 
932 310 
3571 3571 
4547 13641 
1750 582 
946 2838 
1791 5373 
1088 3264 
4365 13095 
3308 3308 
3763 1253 
3459 10377 
4013 1337 
5076 15228 
3821 3821 
3852 3852 
5899 17697 
4843 1613 
2021 2021 
3221 3221 
2542 7626 
1719 572 
3497 1165 
3273 3273 
4914 1637 
1253 3759 
5491 1829 
2476 2476 
3993 3993 
3318 1105 
2331 776 
2556 2556 
1591 529 
4777 14331 
5644 1880 
3445 3445 
5731 1909 
3509 10527 
3940 3940 
2626 2626 
2606 868 
3560 10680 
2199 2199 
4142 12426 
2827 2827 
973 323 
4715 1571 
1524 507 
3733 11199 
2975 8925 
3545 1181 
3503 1167 
3720 3720 
2266 754 
3076 3076 
4563 13689 
5309 15927 
3253 1083 
2598 2598 
5982 1993 
3671 3671 
2074 6222 
2570 7710 
2782 2782 
4707 14121 
2449 7347 
472 1416 
3320 3320 
3506 3506 
2722 2722 
2819 2819 
2886 8658 
4200 12600 
3082 3082 
2114 2114 
595 197 
2402 800 
2723 2723 
3002 3002 
1221 3663 
2935 2935 
2440 2440 
466 154 
3264 1087 
3037 3037 
2406 2406 
5576 1858 
3299 9897 
5928 17784 
4092 12276 
411 1233 
4906 14718 
3216 3216 
3622 1206 
2950 2950 
2854 2854 
2504 2504 
4000 4000 
2681 2681 
5704 17112 
5188 1728 
2619 872 
1381 459 
3423 3423 
1636 4908 
409 135 
3868 3868 
3588 3588 
153 50 
3900 3900 
3099 9297 
5189 1729 
2136 711 
194 582 
864 287 
5980 1992 
1209 402 
1100 3300 
906 301 
2699 2699 
1179 392 
5264 15792 
2242 746 
1869 622 
4720 1572 
3667 3667 
2442 813 
3194 3194 
1683 5049 
2376 2376 
5280 1759 
5516 16548 
2807 2807 
288 864 
3271 3271 
1026 341 
4587 13761 
2327 2327 
3202 1066 
2600 2600 
2767 921 
3599 3599 
3524 3524 
5428 16284 
1807 5421 
3400 10200 
156 468 
1246 3738 
4187 1395 
5363 16089 
4149 1382 
5443 1813 
2127 2127 
4854 14562 
4398 13194 
3527 1175 
3622 3622 
3021 9063 
3485 3485 
3071 9213 
5871 17613 
2531 843 
3272 3272 
880 292 
3413 3413 
2163 2163 
3331 3331 
1797 5391 
2845 947 
5869 17607 
3028 3028 
4982 14946 
4899 1632 
3004 9012 
2885 961 
5637 1878 
429 1287 
3219 3219 
3643 1213 
3365 10095 
2796 2796 
2050 2050 
4919 14757 
5108 1702 
2256 6768 
1879 5637 
4781 1593 
2641 879 
3577 10731 
3783 3783 
3439 3439 
2223 2223 
5674 17022 
5562 1853 
3208 9624 
2836 2836 
2736 8208 
5544 16632 
5420 16260 
3063 1020 
5278 1758 
5857 17571 
4998 14994 
4080 12240 
4634 1544 
5295 15885 
461 153 
2273 757 
1667 555 
1841 5523 
1805 5415 
2324 6972 
3754 3754 
2311 2311 
3088 9264 
2458 7374 
3037 9111 
5185 1727 
2205 2205 
4500 13500 
3743 3743 
5555 1851 
5522 1840 
3606 10818 
1226 3678 
2572 2572 
3287 3287 
3790 3790 
4394 1464 
5800 17400 
3102 3102 
2470 2470 
3661 3661 
908 2724 
2678 8034 
4985 14955 
4169 12507 
4199 1399 
2923 2923 
2484 2484 
4263 1420 
2153 6459 
5653 16959 
3301 3301 
2073 6219 
4726 14178 
2424 7272 
3995 11985 
3624 3624 
3700 3700 
3183 3183 
2675 2675 
5048 15144 
3713 3713 
4771 14313 
2615 2615 
4799 1599 
2979 2979 
5597 16791 
281 843 
2203 2203 
2459 7377 
3822 3822 
3376 1124 
1716 571 
4089 1362 
2233 2233 
1929 5787 
5747 17241 
3748 1248 
2713 8139 
1248 3744 
3602 3602 
5257 1751 
1625 541 
3351 3351 
2611 2611 
4567 1521 
5904 17712 
2296 6888 
15 4 
1572 4716 
851 2553 
3552 3552 
1283 3849 
28 8 
2620 7860 
3918 3918 
2525 2525 
1087 361 
2256 751 
2889 2889 
97 31 
3783 1260 
2369 789 
2138 2138 
156 51 
3327 3327 
1325 3975 
3764 11292 
4944 1647 
2096 6288 
3613 10839 
3793 3793 
4553 13659 
3831 3831 
3420 3420 
2843 2843 
3447 3447 
383 1149 
2955 984 
1212 3636 
5970 1989 
4200 1399 
2115 6345 
3144 3144 
214 642 
3820 1272 
1220 3660 
4102 1366 
2062 2062 
3476 3476 
3941 3941 
1560 519 
3711 3711 
5095 1697 
4938 14814 
5037 15111 
2435 2435 
1151 3453 
2842 2842 
5983 1993 
569 1707 
3684 3684 
4699 14097 
5918 17754 
1790 5370 
3044 3044 
2244 6732 
3266 3266 
5530 1842 
2277 2277 
3508 3508 
4717 14151 
3371 1123 
5393 16179 
1638 4914 
1128 375 
3250 3250 
3923 11769 
2644 2644 
2766 2766 
758 252 
5910 1969 
2321 2321 
2896 964 
2976 2976 
3686 3686 
2165 2165 
2555 2555 
2920 2920 
4380 13140 
5423 16269 
2582 7746 
1911 636 
3088 1028 
5214 15642 
2899 2899 
1134 377 
235 77 
4281 1426 
3672 3672 
2377 791 
1081 3243 
4231 1409 
739 2217 
1462 4386 
2045 2045 
387 128 
5033 15099 
5490 16470 
2051 2051 
3131 9393 
3641 1213 
1459 4377 
3647 3647 
3842 3842 
2430 2430 
1389 4167 
2177 6531 
3159 3159 
4687 14061 
2542 2542 
3108 3108 
80 26 
1517 4551 
5826 1941 
1244 3732 
2369 2369 
768 2304 
5610 16830 
253 759 
5916 17748 
4041 1346 
3706 3706 
5658 1885 
2869 955 
3329 3329 
3939 1312 
2105 2105 
828 2484 
1354 450 
3408 10224 
707 2121 
89 267 
2383 7149 
2066 2066 
1028 342 
3842 1280 
3256 9768 
2405 801 
3629 3629 
3384 3384 
3358 3358 
2480 826 
5369 16107 
1762 5286 
290 96 
3748 3748 
2624 2624 
11 33 
4774 14322 
634 210 
3874 3874 
2412 2412 
2583 2583 
4799 14397 
2182 726 
1984 660 
3814 3814 
3109 3109 
5944 17832 
2332 2332 
1922 640 
5266 1754 
2687 2687 
4515 13545 
4477 1491 
550 182 
259 85 
2225 6675 
1851 5553 
5184 1727 
2632 2632 
3803 3803 
2604 2604 
2290 2290 
954 317 
3401 3401 
3045 3045 
3130 9390 
4818 14454 
3850 3850 
4180 12540 
4944 14832 
4917 14751 
2656 2656 
2583 7749 
1653 550 
5474 16422 
2972 990 
3814 1270 
480 159 
2283 2283 
152 456 
2006 2006 
3758 3758 
5318 1772 
2776 2776 
3315 3315 
3513 3513 
3858 3858 
4744 14232 
497 165 
2537 2537 
5864 1954 
3041 1013 
4508 13524 
3920 11760 
571 1713 
2053 6159 
2344 2344 
4816 1604 
5761 17283 
1661 4983 
5047 15141 
1213 3639 
3042 1013 
3977 3977 
3729 11187 
535 177 
3923 3923 
5055 15165 
3615 3615 
176 58 
4774 1590 
2945 8835 
4048 1348 
2237 745 
2981 2981 
3624 10872 
3535 3535 
4915 1637 
3376 3376 
3262 1086 
4054 12162 
3112 1036 
2770 2770 
47 15 
2450 7350 
5822 1940 
4610 1536 
3155 1051 
3368 10104 
1492 4476 
5372 16116 
4247 1415 
4632 13896 
584 1752 
2927 8781 
3386 10158 
5914 1970 
5124 15372 
3065 1021 
2284 760 
4883 14649 
5123 1707 
2627 2627 
4918 1638 
2251 2251 
3763 11289 
2790 8370 
2853 8559 
1352 4056 
1498 498 
2313 2313 
3434 3434 
507 1521 
2945 2945 
3168 3168 
174 57 
4394 13182 
3109 9327 
3882 1293 
537 1611 
3453 10359 
659 219 
3951 3951 
3374 10122 
441 146 
3723 3723 
4579 13737 
3620 3620 
4260 12780 
2570 2570 
4465 13395 
2184 2184 
3105 9315 
5417 16251 
2757 2757 
2239 6717 
3077 3077 
50 150 
2180 2180 
2841 2841 
4506 13518 
710 236 
1284 3852 
2183 2183 
625 207 
3337 3337 
3200 3200 
2118 705 
1234 410 
3802 3802 
1311 436 
124 40 
3356 3356 
3926 3926 
5857 1951 
4931 1643 
4321 12963 
2602 866 
1345 447 
2003 2003 
3167 1055 
5725 1907 
1338 445 
944 314 
2888 2888 
2690 2690 
3492 10476 
2819 8457 
2658 2658 
2641 2641 
2219 2219 
3059 3059 
4532 13596 
3385 1127 
2738 912 
2012 2012 
6002 2000 
2116 2116 
677 2031 
2356 2356 
3381 3381 
3345 3345 
5610 1869 
1692 5076 
3797 3797 
3432 3432 
2809 935 
3510 10530 
4870 1622 
1016 338 
2256 2256 
3715 1237 
2329 2329 
3806 3806 
2721 2721 
3115 1037 
3565 3565 
3804 3804 
4742 1580 
2069 6207 
1142 3426 
5122 1706 
2049 6147 
4725 14175 
4272 1423 
3898 1298 
2787 2787 
3106 1034 
3634 3634 
3897 1298 
3944 3944 
2250 2250 
438 1314 
3721 11163 
2513 2513 
706 2118 
2774 924 
5295 1764 
4523 13569 
3610 3610 
1766 588 
3228 1075 
4674 14022 
3490 3490 
2360 2360 
2402 7206 
4763 1587 
4364 13092 
2557 2557 
3209 3209 
2126 2126 
1503 4509 
2877 8631 
2217 2217 
4052 1350 
1099 365 
1878 5634 
127 41 
1101 366 
3127 1041 
5766 17298 
4969 1655 
3393 1130 
5802 1933 
3007 3007 
2998 998 
2643 2643 
3548 3548 
309 927 
2965 2965 
5650 16950 
4858 14574 
3269 1089 
3270 1089 
1998 665 
2309 2309 
5692 1896 
2204 2204 
2298 2298 
978 325 
787 261 
2406 801 
5158 15474 
189 62 
2442 2442 
4141 1379 
1889 629 
1455 484 
2778 2778 
4693 14079 
839 2517 
4082 12246 
364 120 
4641 13923 
3071 3071 
3566 3566 
4703 14109 
1960 652 
3461 10383 
2716 2716 
2793 8379 
5205 1734 
1863 5589 
930 309 
3005 9015 
4042 12126 
3799 11397 
1941 5823 
2896 2896 
1231 3693 
5407 1801 
5339 1779 
1372 456 
2398 7194 
3418 3418 
2366 7098 
4847 1615 
2178 2178 
4597 1531 
3978 1325 
3293 9879 
855 284 
4742 14226 
3207 3207 
4325 12975 
751 249 
4204 12612 
5178 15534 
894 297 
2092 2092 
992 330 
1940 5820 
5814 17442 
3177 3177 
1880 626 
2952 2952 
4604 1534 
2130 709 
5321 1773 
3240 3240 
5567 16701 
2355 2355 
219 657 
3727 3727 
3966 3966 
4375 13125 
3422 10266 
1528 4584 
3043 9129 
1419 4257 
2777 8331 
549 182 
2582 2582 
1485 4455 
718 2154 
3799 3799 
607 201 
1085 361 
4428 13284 
3220 3220 
3294 3294 
5796 17388 
376 1128 
2461 2461 
2591 2591 
4402 1466 
3687 11061 
3303 9909 
2533 843 
1567 521 
2623 2623 
5345 1781 
5999 1999 
3333 3333 
2699 8097 
2810 2810 
5776 1924 
1928 5784 
1527 4581 
3931 3931 
1433 477 
5006 1668 
2645 7935 
1121 373 
2765 2765 
3839 11517 
2381 2381 
1002 3006 
2142 713 
3868 1288 
3472 3472 
4315 12945 
3913 3913 
3341 3341 
2750 916 
2909 2909 
3383 3383 
3033 3033 
2735 2735 
3896 11688 
3198 3198 
2161 2161 
3497 3497 
2871 2871 
2733 8199 
4214 12642 
5334 1777 
2500 2500 
2150 2150 
5735 1911 
4483 13449 
3918 11754 
5011 15033 
2939 979 
2443 7329 
2471 2471 
4812 1603 
4652 1550 
3174 3174 
4987 14961 
5646 1881 
3084 3084 
3448 3448 
4448 1482 
5282 1760 
1819 5457 
3323 3323 
1477 491 
693 230 
1378 4134 
5138 15414 
2190 6570 
3132 9396 
3095 3095 
293 97 
305 915 
2969 2969 
1949 649 
172 516 
3827 11481 
4590 13770 
1012 336 
2104 700 
2445 2445 
3455 10365 
2609 2609 
2939 8817 
3509 3509 
3017 3017 
2510 2510 
2064 2064 
5185 15555 
2855 2855 
5930 1976 
5271 15813 
2451 2451 
2055 2055 
913 303 
3953 3953 
1659 4977 
1531 509 
3222 9666 
3247 9741 
4470 1489 
3247 1081 
1811 603 
4273 12819 
3195 9585 
3944 1314 
4827 1608 
976 324 
3269 3269 
3829 3829 
2431 2431 
3237 9711 
3778 11334 
3130 3130 
2162 2162 
2359 2359 
2107 2107 
872 290 
291 873 
3807 3807 
2434 2434 
2387 2387 
3556 3556 
3833 3833 
5790 17370 
2008 2008 
4375 1457 
2161 6483 
752 2256 
5229 15687 
2678 892 
3123 1040 
2426 808 
3349 10047 
3626 10878 
3825 3825 
2166 2166 
1523 507 
2082 2082 
1119 372 
2252 750 
332 110 
2706 2706 
565 187 
2323 2323 
5412 16236 
811 269 
2999 2999 
888 295 
5085 1694 
4741 1579 
1304 3912 
4539 1512 
1159 3477 
4681 1559 
2465 2465 
1546 4638 
3041 9123 
5907 17721 
4280 1426 
2956 2956 
3298 3298 
1657 4971 
3546 3546 
2087 2087 
3205 3205 
3404 3404 
3225 3225 
2546 7638 
2241 2241 
3187 1061 
2073 2073 
3415 3415 
3274 3274 
2541 2541 
3413 1137 
2792 930 
3313 3313 
5633 1877 
2084 6252 
2753 2753 
4323 1440 
3397 1131 
2170 2170 
2972 2972 
2395 2395 
3698 3698 
5101 1699 
2737 2737 
2208 735 
1685 561 
1319 439 
325 975 
3468 10404 
36 108 
5896 1964 
3861 3861 
2129 2129 
3903 3903 
2718 8154 
2837 8511 
1965 654 
3856 3856 
3236 3236 
4111 12333 
5848 1948 
5894 1964 
2712 2712 
3596 1198 
4780 1592 
594 1782 
3503 10509 
974 2922 
1436 478 
2528 2528 
2304 2304 
5445 1814 
2078 6234 
5124 1707 
2234 2234 
3160 3160 
5965 17895 
1462 486 
2519 2519 
2238 2238 
3254 3254 
2494 2494 
3420 10260 
5404 16212 
3001 3001 
745 247 
5717 17151 
3877 3877 
4155 1384 
780 259 
3815 1271 
516 1548 
1398 465 
3470 1156 
4198 12594 
2696 2696 
3588 10764 
1268 3804 
2816 2816 
2103 700 
2683 2683 
2940 2940 
3726 1241 
3334 1110 
2020 672 
3387 3387 
2262 2262 
3659 3659 
3112 3112 
4559 13677 
299 99 
1702 5106 
2650 7950 
3330 1109 
5427 1808 
4443 1480 
2690 8070 
