6000 7000
466 1398 
751 249 
281 93 
3800 1266 
2435 2435 
2675 2675 
4171 1389 
3383 3383 
3439 1145 
5565 1854 
2803 2803 
6000 18000 
4066 12198 
2503 833 
3513 3513 
3107 9321 
3333 9999 
3738 11214 
3143 9429 
3394 1130 
5625 16875 
2966 2966 
393 130 
2740 8220 
2348 2348 
1306 3918 
2737 911 
4480 1492 
2235 2235 
2117 2117 
5984 1994 
3153 3153 
1539 4617 
3788 11364 
1374 4122 
3842 1280 
5750 17250 
5127 15381 
1377 458 
4560 13680 
912 2736 
4519 1505 
2480 2480 
3708 3708 
1530 509 
3570 1189 
3702 3702 
548 182 
1761 5283 
4352 1450 
571 1713 
5039 15117 
2790 8370 
2824 940 
4669 14007 
3315 3315 
3219 3219 
4688 1562 
1848 5544 
3244 1080 
3552 1183 
3720 3720 
3078 3078 
5559 1852 
1002 3006 
660 219 
1794 597 
3817 1271 
5528 1842 
4570 13710 
3731 1243 
967 321 
3144 9432 
2176 6528 
594 1782 
3423 3423 
3319 3319 
1470 489 
2639 2639 
139 45 
3711 11133 
1045 347 
641 1923 
1376 4128 
3528 1175 
3156 3156 
3136 1044 
5186 15558 
1363 453 
4875 14625 
5129 15387 
3942 11826 
5542 16626 
3622 3622 
2589 862 
433 1299 
4474 1490 
5204 1734 
1835 5505 
5217 15651 
1297 431 
4043 1347 
2873 8619 
2166 721 
2621 7863 
188 62 
667 2001 
3301 3301 
1692 5076 
3660 3660 
8 2 
3919 3919 
2199 732 
3853 3853 
3095 1031 
2696 2696 
2652 2652 
3766 1254 
2806 2806 
2214 2214 
3792 3792 
5999 17997 
5686 17058 
3051 3051 
166 54 
3595 10785 
2537 7611 
1582 526 
4235 12705 
1462 4386 
4734 1577 
4611 13833 
2949 2949 
2835 2835 
2970 989 
2159 2159 
3780 11340 
2513 2513 
4493 13479 
1782 593 
2027 2027 
5781 17343 
2448 815 
2010 2010 
4761 1586 
2775 2775 
3487 10461 
3018 9054 
2330 2330 
3616 3616 
2566 854 
1991 5973 
2676 2676 
2645 881 
818 2454 
3248 3248 
3788 1262 
3848 3848 
2361 7083 
3786 1261 
3558 10674 
5011 15033 
3742 1246 
277 91 
658 1974 
56 18 
517 171 
5124 1707 
5008 1668 
5273 1757 
5151 15453 
3633 3633 
3407 3407 
2882 2882 
4228 12684 
5507 1835 
2711 2711 
2103 2103 
3104 3104 
3632 3632 
4145 1381 
4497 1498 
3039 9117 
2033 2033 
3916 3916 
1053 350 
2525 2525 
1154 3462 
4661 13983 
3979 3979 
5500 1832 
3942 3942 
3233 1077 
3114 3114 
3309 1102 
2772 2772 
2355 2355 
2795 2795 
5018 15054 
1415 4245 
712 2136 
1267 3801 
2541 846 
349 1047 
735 2205 
4585 1527 
5277 15831 
2394 2394 
3791 11373 
3956 3956 
5096 15288 
2259 6777 
3914 11742 
1074 357 
1337 445 
5725 1907 
3322 3322 
4075 12225 
1194 397 
1883 627 
212 70 
3023 3023 
2643 2643 
3524 3524 
5022 1673 
3695 3695 
2711 903 
4219 12657 
2354 784 
4471 13413 
2714 2714 
3374 1124 
3977 1325 
37 111 
3585 3585 
3304 3304 
2387 7161 
4852 14556 
1572 4716 
5787 17361 
2746 2746 
3446 1148 
5388 16164 
2867 955 
5494 16482 
4074 1357 
4495 13485 
3952 1316 
4922 1640 
2974 2974 
2335 2335 
4628 13884 
3921 3921 
3539 3539 
3422 3422 
1731 5193 
2899 2899 
2032 6096 
2376 791 
3946 3946 
3610 3610 
2659 7977 
2395 2395 
3552 10656 
846 2538 
3357 3357 
3617 1205 
5978 17934 
5347 16041 
2371 2371 
853 2559 
3902 3902 
2876 2876 
1896 5688 
177 58 
2026 6078 
3833 11499 
2643 880 
2538 7614 
2633 2633 
1102 366 
2777 925 
1482 4446 
3017 3017 
2963 2963 
1682 560 
4921 1639 
1395 464 
2567 2567 
3594 1197 
3960 3960 
5133 1710 
2315 2315 
1492 4476 
5595 1864 
2677 891 
2782 2782 
3513 10539 
5739 1912 
4917 1638 
2689 8067 
1646 4938 
1744 5232 
1604 4812 
5020 15060 
2463 820 
5144 1714 
3214 1070 
264 792 
1262 420 
2443 813 
2255 2255 
4264 12792 
1828 608 
2809 2809 
3255 9765 
7 1 
3602 1200 
2802 2802 
3109 3109 
1792 596 
3044 1014 
4242 1413 
4305 1434 
2886 961 
2091 2091 
5714 17142 
5616 1871 
5087 15261 
487 1461 
3637 3637 
4328 12984 
4785 14355 
7 21 
2519 2519 
4960 14880 
4900 14700 
3828 3828 
3077 3077 
537 1611 
2914 2914 
4395 13185 
3408 3408 
3415 3415 
1162 3486 
2484 2484 
3968 3968 
2243 2243 
3545 10635 
2212 2212 
2391 7173 
3239 3239 
1847 615 
4670 1556 
213 639 
2972 8916 
5900 17700 
4988 1662 
3543 10629 
2640 7920 
1433 4299 
414 1242 
4531 13593 
3660 1219 
2458 2458 
3165 1054 
2572 2572 
813 2439 
3669 3669 
2981 2981 
327 981 
1396 4188 
3245 3245 
4431 13293 
2755 917 
6001 1999 
2628 7884 
2880 8640 
3993 1330 
5288 15864 
2160 6480 
3425 3425 
1583 4749 
3654 3654 
2089 2089 
3477 3477 
1459 4377 
2783 927 
2330 6990 
2658 2658 
3528 10584 
5065 1687 
3565 10695 
4076 1358 
3711 3711 
5265 15795 
2251 749 
130 42 
4057 12171 
954 2862 
1471 489 
2792 8376 
3024 3024 
2793 2793 
5548 1848 
4399 1465 
1811 5433 
1100 366 
1996 664 
3306 3306 
2540 2540 
426 1278 
4771 14313 
3845 3845 
1823 5469 
3238 1078 
2542 846 
2445 2445 
3503 3503 
2489 2489 
5564 16692 
2559 2559 
2066 2066 
3001 9003 
2451 7353 
908 2724 
5300 15900 
5868 1955 
3337 1111 
2778 2778 
2081 2081 
2701 899 
1522 4566 
2163 2163 
3236 9708 
4528 1508 
2750 2750 
272 816 
5842 1946 
3355 3355 
3129 3129 
743 247 
5334 16002 
2640 2640 
3475 3475 
2990 2990 
3340 1112 
3836 3836 
3391 1129 
3372 3372 
5906 17718 
2383 2383 
3225 3225 
2621 2621 
1543 4629 
3732 3732 
4692 14076 
492 163 
3223 1073 
3146 1048 
3134 3134 
5639 1879 
4680 1559 
4930 14790 
1314 437 
2408 802 
4614 13842 
3621 3621 
2817 2817 
1167 388 
3095 3095 
1644 4932 
4374 13122 
2365 2365 
246 738 
2048 682 
2111 2111 
2186 728 
2979 2979 
2514 837 
2940 2940 
3572 3572 
5949 17847 
2947 2947 
3828 1275 
1907 5721 
4931 14793 
4387 13161 
1202 3606 
2917 2917 
3128 3128 
2100 699 
3406 3406 
2526 841 
5405 16215 
2925 2925 
2398 2398 
1268 3804 
3935 3935 
4121 1373 
3344 3344 
2920 2920 
3194 3194 
4134 1377 
3482 3482 
5350 1782 
2957 2957 
2194 6582 
2507 835 
5628 16884 
2123 2123 
886 294 
2022 2022 
1240 412 
953 317 
3692 1230 
3510 3510 
2849 8547 
5732 17196 
941 313 
3375 3375 
2530 2530 
5780 1926 
636 1908 
3329 1109 
3516 10548 
2651 883 
22 66 
4115 1371 
4866 1621 
5646 16938 
1220 406 
5929 1975 
1452 4356 
2284 2284 
3310 3310 
2150 6450 
1895 631 
2822 2822 
1874 5622 
2590 862 
2586 861 
3354 3354 
4161 12483 
5363 1787 
24 72 
5589 1862 
4178 1392 
1638 4914 
3566 10698 
2185 2185 
3905 1301 
2690 896 
533 1599 
2217 738 
4401 13203 
5675 1891 
3891 3891 
2306 6918 
2219 2219 
2448 7344 
3543 3543 
3096 3096 
5888 17664 
2007 668 
5684 17052 
922 306 
5882 17646 
183 60 
4628 1542 
4306 12918 
2198 732 
1569 4707 
1109 3327 
3764 11292 
551 183 
3183 9549 
2303 2303 
2660 2660 
1893 5679 
3642 3642 
5551 16653 
3625 3625 
2787 2787 
2446 2446 
796 2388 
2320 2320 
2197 2197 
1786 5358 
2907 8721 
3905 3905 
2379 792 
2213 6639 
1147 3441 
3297 9891 
2300 2300 
3730 3730 
4845 14535 
2509 835 
2774 2774 
2601 866 
3657 3657 
245 81 
4612 13836 
3428 3428 
3075 9225 
2811 2811 
4368 1455 
1305 3915 
2466 2466 
4493 1497 
2836 944 
3019 3019 
1501 4503 
3889 1295 
1469 4407 
4441 13323 
5367 16101 
1719 572 
3839 11517 
4540 13620 
3583 3583 
3783 1260 
3434 3434 
3898 1298 
5803 17409 
3180 3180 
384 127 
4088 1362 
3649 3649 
3683 1227 
2130 709 
592 1776 
3474 10422 
2153 2153 
3032 3032 
3999 11997 
2953 2953 
5585 1861 
3046 3046 
2877 2877 
2739 8217 
2095 2095 
3936 3936 
4848 14544 
2878 2878 
2485 2485 
641 213 
3567 10701 
5107 1701 
2996 998 
3254 3254 
4798 1598 
4561 13683 
5450 16350 
2892 963 
3151 3151 
2229 742 
5788 17364 
5436 1811 
154 462 
1465 4395 
2644 7932 
3726 3726 
930 2790 
3725 1241 
2851 949 
3761 3761 
2115 2115 
1242 413 
1482 493 
5183 15549 
3515 3515 
3750 3750 
1913 5739 
3571 3571 
3755 11265 
445 1335 
1853 617 
3456 1151 
2517 838 
3379 3379 
5944 17832 
1799 599 
543 180 
2009 669 
2869 2869 
2635 2635 
2795 8385 
3426 1141 
1528 4584 
3458 1152 
3634 3634 
2307 6921 
1507 501 
2026 2026 
2472 2472 
109 327 
2760 8280 
5210 1736 
3779 3779 
5856 1951 
5088 15264 
3615 10845 
3593 3593 
5795 17385 
1289 3867 
3724 11172 
5426 1808 
5239 15717 
2236 2236 
3368 3368 
2356 2356 
803 267 
2204 2204 
3741 3741 
4261 1419 
3460 3460 
3241 1079 
2508 7524 
2016 671 
2952 2952 
3872 3872 
3188 3188 
3222 1073 
3601 1199 
3580 3580 
985 2955 
2192 730 
3279 9837 
2203 2203 
12 3 
90 270 
725 2175 
3599 1199 
2951 2951 
3441 10323 
2166 2166 
3795 1264 
5603 1867 
3605 3605 
3678 3678 
4584 1527 
5990 17970 
4776 1591 
5137 15411 
1472 490 
4051 1349 
3005 3005 
2227 2227 
3834 3834 
978 2934 
903 2709 
4309 12927 
2860 8580 
4384 1460 
3425 10275 
2544 7632 
3920 11760 
5832 1943 
2448 2448 
5891 1963 
2301 2301 
4665 13995 
4929 14787 
3018 3018 
2748 2748 
4359 13077 
1316 3948 
3149 3149 
1681 559 
1868 5604 
3570 10710 
1271 3813 
4140 12420 
882 2646 
5838 17514 
2161 2161 
2397 2397 
1586 528 
2342 7026 
2199 2199 
2705 901 
4327 12981 
430 1290 
5796 17388 
3715 1237 
1859 619 
3349 1115 
3100 3100 
1084 3252 
3928 3928 
3057 1018 
3286 1094 
2575 857 
3291 1096 
3802 3802 
5420 1806 
1291 3873 
2161 6483 
855 2565 
2086 2086 
1394 4182 
720 2160 
3011 3011 
1614 4842 
3 0 
5431 1809 
5874 17622 
5710 1902 
3009 3009 
5402 16206 
2272 2272 
3983 3983 
4395 1464 
2267 6801 
4159 12477 
5488 1828 
4940 14820 
3682 3682 
3026 3026 
1508 4524 
3369 1122 
4365 13095 
2660 886 
2261 6783 
624 207 
822 273 
3505 10515 
2276 2276 
2717 8151 
3197 3197 
4801 14403 
709 235 
454 150 
1992 5976 
1737 578 
3863 3863 
2408 2408 
3289 1095 
4109 12327 
1964 654 
3404 3404 
4814 14442 
3469 1155 
1385 4155 
1607 535 
2715 2715 
680 2040 
3590 3590 
5200 1732 
5585 16755 
3222 3222 
2181 2181 
2363 2363 
4402 13206 
5926 17778 
5321 1773 
3661 10983 
5884 1960 
5391 16173 
2382 2382 
3279 3279 
1798 5394 
431 1293 
3051 9153 
2441 2441 
3521 10563 
2768 8304 
2173 2173 
1596 531 
1936 5808 
2055 2055 
2473 2473 
1167 3501 
3144 3144 
2704 900 
1921 5763 
1517 4551 
4696 14088 
3416 3416 
5732 1910 
2597 2597 
1335 4005 
4748 14244 
2055 6165 
2862 2862 
4841 14523 
2533 2533 
4160 12480 
2175 724 
2298 2298 
4356 1451 
843 2529 
3505 3505 
4065 1354 
2389 2389 
4039 12117 
2095 697 
3872 1290 
3444 1147 
5217 1738 
724 240 
3619 3619 
2996 2996 
489 1467 
2062 6186 
3599 3599 
2014 2014 
2402 2402 
5540 16620 
5386 1794 
3778 3778 
2866 2866 
2249 2249 
2543 7629 
3639 3639 
1643 547 
2883 2883 
3974 1324 
3959 3959 
5688 17064 
3890 3890 
4338 13014 
2830 2830 
2659 2659 
3213 1070 
2496 2496 
528 175 
2384 794 
4153 1383 
1783 593 
5670 17010 
2891 2891 
2864 2864 
235 705 
2072 6216 
3031 3031 
5805 1934 
3968 1322 
2380 2380 
280 840 
2376 2376 
5264 15792 
2475 7425 
1486 4458 
3446 10338 
1042 3126 
3008 3008 
2523 7569 
3278 3278 
4742 1580 
5503 1833 
2815 2815 
536 178 
2264 2264 
5615 16845 
2213 2213 
5243 1747 
5354 16062 
690 2070 
51 16 
1777 591 
3640 1212 
1696 564 
3589 3589 
1495 4485 
3086 9258 
2453 2453 
249 82 
2589 2589 
1963 653 
2224 740 
2434 810 
2571 7713 
3701 3701 
1964 5892 
4812 1603 
2893 2893 
73 219 
2150 2150 
4965 14895 
5697 17091 
785 261 
1943 647 
4762 1586 
4963 14889 
2901 2901 
1102 3306 
2106 6318 
3199 1065 
3259 1085 
1382 4146 
89 267 
1925 641 
3437 1145 
2796 931 
4442 13326 
3798 3798 
2352 783 
3296 3296 
2207 6621 
2446 7338 
3981 3981 
3885 1294 
2296 764 
5818 17454 
2613 2613 
2254 2254 
4973 1657 
376 124 
2490 2490 
2275 2275 
3073 3073 
5367 1788 
877 291 
2762 2762 
2542 2542 
1104 367 
3253 1083 
3274 3274 
3370 3370 
3721 11163 
1939 645 
338 112 
3915 3915 
2169 2169 
5727 17181 
2704 8112 
2035 6105 
4966 1654 
2477 7431 
5534 16602 
4742 14226 
145 435 
3954 3954 
402 133 
1960 5880 
1757 585 
2954 984 
1449 4347 
3021 3021 
2972 2972 
2497 2497 
2375 791 
3269 3269 
3414 3414 
3806 1268 
2143 2143 
546 1638 
2738 912 
3686 3686 
3794 11382 
3995 1331 
5597 1865 
2065 6195 
3894 1297 
4251 12753 
376 1128 
2138 712 
3869 3869 
2451 2451 
1321 3963 
3465 10395 
681 226 
1636 4908 
2827 2827 
3263 9789 
5664 16992 
5082 1693 
2355 784 
2107 2107 
289 95 
2200 2200 
120 360 
2823 940 
3347 3347 
3338 10014 
3067 3067 
2524 2524 
5038 15114 
2663 887 
1511 503 
3895 3895 
3491 3491 
4450 13350 
4979 14937 
3218 3218 
3108 1035 
4674 1557 
782 260 
572 1716 
222 73 
5373 1790 
2138 2138 
1011 336 
4963 1653 
2762 920 
3211 3211 
3435 1144 
2072 2072 
534 1602 
5051 15153 
4278 1425 
473 157 
3305 3305 
5271 1756 
2573 2573 
3340 3340 
2937 2937 
2959 2959 
3760 3760 
2224 2224 
3712 11136 
231 693 
4331 12993 
1596 4788 
3917 3917 
4705 14115 
2644 2644 
5505 1834 
5725 17175 
192 576 
2372 2372 
2388 2388 
2894 2894 
2680 8040 
2625 874 
3126 9378 
2782 8346 
3499 3499 
2202 733 
3770 11310 
4854 14562 
2888 2888 
4535 1511 
3288 3288 
3089 3089 
2240 746 
2457 2457 
2315 6945 
1813 5439 
1996 5988 
2027 675 
3902 11706 
2182 6546 
1610 4830 
2579 2579 
3631 10893 
4238 12714 
3820 3820 
2632 2632 
3807 3807 
3588 3588 
4721 14163 
2723 2723 
1634 4902 
3207 3207 
5527 16581 
669 222 
1805 601 
2158 2158 
668 222 
178 534 
40 120 
3811 3811 
1067 3201 
2417 805 
1846 614 
3709 3709 
2776 924 
4997 1665 
1542 4626 
4037 12111 
1435 4305 
2527 841 
5035 1677 
2017 2017 
4733 1577 
5776 1924 
2291 6873 
3826 3826 
4620 13860 
2108 2108 
3844 11532 
169 55 
1567 4701 
4569 13707 
4974 14922 
2407 2407 
3690 3690 
3736 1244 
3126 3126 
1172 3516 
1840 5520 
5375 16125 
318 105 
3801 3801 
5146 1714 
3600 10800 
3415 1137 
2309 2309 
3559 3559 
3996 3996 
2042 680 
3377 3377 
3803 3803 
5664 1887 
4129 12387 
1670 556 
5236 1744 
2615 2615 
3060 3060 
772 2316 
2964 2964 
1560 519 
3991 11973 
2648 7944 
1720 572 
3253 3253 
2082 2082 
4504 13512 
567 188 
1821 5463 
2845 947 
5690 17070 
4507 13521 
3341 3341 
1340 446 
3062 3062 
5245 1747 
3492 3492 
2065 2065 
3876 3876 
3742 3742 
5329 15987 
4586 13758 
2207 2207 
3892 3892 
3821 3821 
2777 8331 
4263 12789 
2323 6969 
2823 2823 
2334 2334 
4613 13839 
3061 3061 
2896 8688 
5804 1934 
755 2265 
3982 3982 
2819 939 
3385 1127 
3494 3494 
3353 10059 
1784 594 
2415 2415 
5528 16584 
2884 8652 
308 924 
3572 10716 
6 1 
2885 2885 
3277 3277 
3583 10749 
687 2061 
3195 3195 
4230 1409 
2520 839 
2387 2387 
3232 9696 
3788 3788 
3940 3940 
1214 3642 
3867 11601 
2544 2544 
1761 586 
4188 1395 
867 288 
2483 2483 
5169 1722 
5106 1701 
3369 3369 
3719 3719 
2276 758 
3832 1276 
2454 817 
674 2022 
1138 378 
3717 11151 
2165 2165 
1189 3567 
2847 948 
3223 9669 
5156 15468 
5535 16605 
2701 2701 
3542 3542 
5839 17517 
4244 1414 
2378 792 
1365 454 
5869 17607 
4044 12132 
3898 3898 
2854 2854 
202 66 
3737 1245 
1193 397 
2230 2230 
4322 1440 
3133 3133 
1375 4125 
2007 2007 
4004 1334 
3951 11853 
3142 1046 
1255 3765 
2411 2411 
3721 1239 
4292 12876 
4233 1410 
2288 762 
3606 3606 
2455 2455 
4302 12906 
2548 2548 
5379 1792 
3756 3756 
2789 929 
4925 1641 
3637 10911 
4766 14298 
3763 3763 
2669 889 
441 146 
3260 3260 
4373 13119 
3249 3249 
3285 3285 
683 2049 
1644 547 
2018 6054 
865 2595 
3727 3727 
3444 3444 
3938 3938 
5031 1676 
5852 17556 
2727 2727 
5143 15429 
1783 5349 
2595 864 
3262 3262 
1199 399 
2318 2318 
3565 3565 
265 87 
3078 9234 
1515 4545 
3666 3666 
1166 3498 
1023 340 
5235 15705 
3438 3438 
2085 694 
3658 3658 
464 154 
3389 10167 
3705 3705 
5231 1743 
4223 1407 
957 318 
3107 3107 
3986 11958 
2628 2628 
4551 1516 
3483 10449 
2158 718 
3217 3217 
3756 11268 
2436 7308 
3922 3922 
1776 5328 
4494 1497 
2991 2991 
626 208 
2709 2709 
2215 2215 
3099 1032 
3669 1222 
5312 1770 
4586 1528 
3040 1012 
2119 2119 
2605 867 
5533 1843 
979 325 
2584 7752 
4341 13023 
3537 3537 
3696 3696 
5758 1918 
3816 3816 
2267 2267 
1109 369 
4653 1550 
1771 589 
2957 8871 
2985 2985 
970 2910 
1224 407 
2653 7959 
3694 3694 
2189 6567 
4299 12897 
5375 1791 
1176 3528 
3693 1230 
3058 3058 
1754 5262 
2332 2332 
4481 1493 
1915 637 
5216 1738 
2426 808 
3927 3927 
5186 1728 
5502 16506 
1410 4230 
4837 1611 
3626 3626 
2962 2962 
2389 7167 
2913 2913 
2880 2880 
5495 16485 
5550 1849 
4583 13749 
2068 2068 
2113 6339 
3324 3324 
2436 2436 
4552 13656 
5635 16905 
21 63 
829 2487 
3877 3877 
5629 1875 
2551 2551 
2935 2935 
3677 3677 
2528 2528 
1389 462 
3725 11175 
3429 3429 
2694 8082 
2494 2494 
316 948 
3977 3977 
2603 867 
5788 1928 
3534 3534 
5192 1730 
5637 16911 
368 122 
1387 4161 
4209 12627 
5421 16263 
2803 933 
3487 3487 
4937 14811 
1978 658 
3750 1249 
580 192 
3145 3145 
1822 5466 
1223 407 
5845 1947 
5898 1965 
3676 11028 
3135 9405 
890 2670 
3682 11046 
4777 1591 
4572 1523 
2104 2104 
4428 13284 
915 2745 
3765 3765 
2605 7815 
1872 5616 
2331 6993 
2871 8613 
1357 451 
2018 2018 
4174 1390 
5573 16719 
1025 3075 
878 292 
594 197 
2464 820 
5021 1673 
3901 3901 
3504 10512 
2987 2987 
4603 1533 
824 2472 
104 312 
1127 375 
4909 14727 
4567 13701 
3032 1010 
5859 17577 
23 69 
2518 7554 
2810 2810 
1336 444 
538 178 
2434 7302 
2724 2724 
2292 763 
5400 1799 
3635 3635 
3635 10905 
2007 6021 
3859 3859 
2152 2152 
1952 5856 
4713 1570 
3540 1179 
437 145 
4151 1383 
3858 11574 
4534 13602 
2059 2059 
3200 3200 
2269 2269 
4841 1613 
5309 1769 
2177 725 
2401 2401 
2788 2788 
1782 5346 
5089 1695 
3714 1237 
4781 1593 
2546 7638 
3264 3264 
3481 3481 
2513 7539 
3334 1110 
3823 3823 
3471 3471 
2462 2462 
2879 959 
2954 2954 
1349 4047 
3854 3854 
2603 2603 
2243 6729 
944 2832 
5621 1873 
5911 17733 
2667 8001 
3004 3004 
2495 2495 
3657 10971 
3178 3178 
3744 3744 
3777 3777 
4602 13806 
2030 2030 
1424 4272 
3094 9282 
216 71 
3071 9213 
5812 17436 
3233 3233 
4048 1348 
397 131 
3769 3769 
736 2208 
3299 9897 
38 12 
3049 9147 
897 298 
5917 1971 
2562 7686 
5469 16407 
3208 3208 
4630 13890 
4734 14202 
62 186 
3012 1003 
3951 3951 
5479 1825 
2883 960 
3987 11961 
3706 3706 
3036 3036 
2416 7248 
4856 1618 
3866 3866 
2468 7404 
1522 506 
1739 5217 
1591 529 
2205 2205 
3313 9939 
3923 3923 
2971 2971 
3824 3824 
164 54 
3932 11796 
3027 3027 
3829 11487 
3467 1155 
5617 16851 
3834 1277 
3068 3068 
2872 2872 
4318 1438 
2285 2285 
2326 2326 
3716 3716 
5259 15777 
4225 1407 
511 169 
1006 334 
1130 376 
3755 3755 
2406 2406 
3467 3467 
2720 2720 
4889 1629 
4453 1483 
2534 7602 
2534 2534 
4496 13488 
2349 2349 
2297 2297 
4934 14802 
2124 6372 
2470 2470 
3064 3064 
4933 1643 
3631 3631 
3470 1156 
2444 2444 
1145 381 
4016 1338 
2786 2786 
5327 1775 
3528 3528 
3851 3851 
5862 1953 
2642 2642 
2743 2743 
3793 3793 
103 33 
5043 1680 
1901 633 
4045 1347 
2399 2399 
1263 420 
3440 3440 
2388 795 
2653 2653 
1598 4794 
2619 2619 
3970 3970 
3574 3574 
4353 1450 
328 984 
3578 10734 
2821 939 
1610 536 
3697 3697 
5112 15336 
4350 1449 
3207 1068 
2939 979 
1361 453 
4646 13938 
4553 13659 
3871 1289 
3665 3665 
2210 6630 
1557 4671 
516 171 
3515 1171 
3203 3203 
4848 1615 
4499 13497 
3556 10668 
3090 9270 
3087 3087 
3173 3173 
2664 887 
1878 5634 
2840 946 
497 165 
715 2145 
3163 3163 
4259 12777 
2708 8124 
3651 3651 
3385 10155 
4975 1657 
2805 2805 
4408 13224 
3143 3143 
2083 2083 
1367 4101 
111 333 
678 2034 
3618 3618 
2172 2172 
4378 13134 
2629 2629 
4377 13131 
2157 2157 
2058 2058 
2349 782 
3994 3994 
5392 1796 
2719 8157 
1724 574 
2295 2295 
3613 3613 
2630 2630 
2777 2777 
3486 3486 
2845 2845 
2206 734 
1817 605 
3504 1167 
2044 2044 
4247 1415 
124 372 
2968 2968 
2735 2735 
895 2685 
2077 2077 
2357 2357 
2188 2188 
2834 8502 
3527 3527 
2890 2890 
1053 3159 
443 1329 
3336 10008 
2997 2997 
3177 9531 
1593 530 
3541 3541 
2692 2692 
3799 3799 
3371 3371 
5841 1946 
2350 2350 
3707 3707 
4290 12870 
5861 1953 
3900 3900 
3727 1241 
2920 972 
3933 3933 
3699 3699 
2578 858 
3628 3628 
5697 1898 
2145 2145 
3231 3231 
5701 1899 
2002 6006 
5356 1784 
3620 1206 
1986 5958 
3331 3331 
817 2451 
1779 592 
654 1962 
1575 4725 
2590 2590 
5606 16818 
1119 372 
2515 7545 
5451 16353 
157 471 
5914 17742 
5782 1926 
2930 2930 
5141 1713 
4146 12438 
573 190 
5923 17769 
5262 1753 
4421 13263 
3145 1047 
2120 2120 
2666 2666 
2164 2164 
85 27 
2702 2702 
3364 3364 
3388 3388 
3413 3413 
2763 2763 
1898 5694 
3939 3939 
3450 3450 
2526 2526 
1339 445 
3748 11244 
3019 9057 
2425 2425 
2598 2598 
1403 467 
1838 5514 
2465 2465 
2632 7896 
940 312 
565 187 
3043 3043 
5365 1787 
3548 10644 
2681 8043 
3308 3308 
2693 2693 
5913 1970 
836 278 
3793 1263 
2195 2195 
3934 3934 
5649 16947 
4065 12195 
3389 3389 
2865 954 
4026 1341 
3754 3754 
2796 2796 
740 2220 
5456 1818 
1917 5751 
3451 1149 
2105 2105 
712 236 
3200 9600 
2557 851 
3587 1195 
2585 2585 
3341 1113 
3134 1044 
3864 3864 
3563 3563 
3789 3789 
5378 1792 
1153 383 
3391 3391 
1918 5754 
1312 436 
3893 3893 
530 176 
2532 7596 
5204 15612 
5767 1921 
2027 6081 
2287 2287 
687 228 
3611 1203 
3936 11808 
2836 2836 
717 238 
2749 2749 
3627 3627 
819 2457 
5173 1723 
1769 5307 
3524 1174 
2792 2792 
2946 2946 
247 81 
2686 894 
2631 2631 
5524 16572 
3046 1014 
3511 3511 
4768 1588 
5363 16089 
5215 15645 
3270 3270 
3074 1024 
3757 1251 
3468 1155 
3981 1326 
2116 2116 
4082 12246 
2948 8844 
3970 1322 
509 169 
1909 5727 
3655 3655 
553 1659 
2432 2432 
5441 1813 
956 318 
4596 1531 
2553 2553 
1483 493 
2638 2638 
4241 1413 
2726 8178 
2929 8787 
3161 3161 
3719 11157 
1697 565 
2001 666 
280 92 
4641 1546 
3775 11325 
2405 801 
5399 16197 
2669 2669 
4345 13035 
1523 4569 
5751 17253 
5399 1799 
3241 3241 
2151 2151 
2598 865 
883 2649 
2993 2993 
2580 2580 
1885 627 
158 52 
3151 9453 
2174 724 
2003 2003 
4769 1589 
3963 3963 
3118 3118 
3276 3276 
2919 2919 
3148 3148 
5618 1872 
4474 13422 
4027 12081 
2032 2032 
2735 8205 
1818 605 
3470 3470 
2927 2927 
5583 16749 
1236 3708 
1057 3171 
2167 2167 
4511 1503 
2221 2221 
2037 2037 
1344 447 
2824 2824 
2856 2856 
2698 898 
4113 12339 
338 1014 
4138 12414 
1133 3399 
2726 2726 
1716 571 
3266 3266 
5843 1947 
976 324 
4648 13944 
806 268 
2875 2875 
2449 7347 
3240 9720 
1021 3063 
3759 3759 
3718 3718 
3350 3350 
4953 1650 
826 2478 
4169 12507 
3305 1101 
3427 3427 
3335 3335 
2918 2918 
5100 1699 
1393 463 
3818 1272 
3636 3636 
1419 472 
2928 2928 
5176 1724 
2341 2341 
4363 1453 
3907 3907 
4047 12141 
396 1188 
5908 17724 
3545 1181 
2342 2342 
2142 2142 
975 2925 
3871 3871 
5286 15858 
2422 2422 
3402 3402 
5504 1834 
1914 637 
99 32 
5820 17460 
2999 2999 
608 202 
3090 3090 
1815 5445 
2755 2755 
2671 2671 
2863 2863 
5568 1855 
2744 2744 
5532 16596 
3176 3176 
1597 531 
3762 3762 
290 96 
3068 9204 
5800 1932 
3962 3962 
2429 2429 
3560 10680 
1458 485 
2168 6504 
2440 2440 
1438 478 
3155 1051 
4811 1603 
5183 1727 
3317 9951 
3374 3374 
1358 4074 
2873 2873 
5633 1877 
4795 14385 
2242 2242 
3041 3041 
5316 1771 
3683 3683 
274 90 
3961 3961 
3011 1003 
1300 432 
2651 7953 
3402 1133 
4687 14061 
3443 3443 
3597 10791 
1776 591 
5743 17229 
2430 7290 
2600 2600 
2758 2758 
3082 3082 
3819 3819 
3830 3830 
966 321 
2115 6345 
5458 1818 
2674 890 
4497 13491 
2596 2596 
2710 2710 
2179 725 
3628 1208 
1797 5391 
2368 7104 
1951 649 
3005 9015 
371 1113 
3647 3647 
2233 2233 
1984 660 
485 161 
16 48 
4155 12465 
1937 5811 
332 996 
3192 3192 
2824 8472 
3923 11769 
1879 5637 
3117 3117 
2922 8766 
3913 3913 
797 265 
2811 936 
3168 3168 
3130 1042 
3483 1160 
3579 3579 
2829 2829 
3411 1136 
3042 3042 
3346 3346 
2767 2767 
2991 996 
3025 3025 
2980 992 
2712 2712 
843 280 
3740 1246 
3342 10026 
2397 798 
2118 2118 
3074 3074 
3884 3884 
4844 14532 
3873 1290 
4459 13377 
3287 3287 
1940 5820 
3826 1274 
1481 4443 
4945 1647 
2797 2797 
4147 12441 
2781 2781 
1251 416 
4288 12864 
3856 3856 
4391 13173 
3737 3737 
2266 2266 
2392 796 
2808 935 
2563 2563 
3198 3198 
2807 2807 
3202 9606 
2851 2851 
3946 11838 
3191 3191 
3850 3850 
2506 2506 
4393 13179 
3751 3751 
3057 9171 
3183 3183 
473 1419 
5482 1826 
3106 1034 
3212 9636 
5904 1967 
3620 3620 
5408 16224 
2721 2721 
2654 884 
2209 2209 
2326 6978 
2941 2941 
3647 1215 
4167 12501 
5053 1683 
53 17 
3398 3398 
2345 2345 
1813 603 
2403 2403 
33 10 
5961 17883 
3135 3135 
3808 3808 
2370 2370 
3292 1096 
570 189 
5324 15972 
3013 3013 
5829 1942 
3376 3376 
1183 3549 
5701 17103 
5408 1802 
3000 9000 
929 2787 
75 225 
2691 2691 
1183 393 
421 139 
4380 1459 
5749 1915 
3114 1037 
2126 2126 
41 13 
86 28 
5098 1698 
2259 2259 
2077 691 
3079 3079 
1573 4719 
3410 10230 
3414 1137 
3123 9369 
395 131 
2491 2491 
2663 7989 
3295 3295 
3291 3291 
5860 17580 
2730 2730 
4100 12300 
398 132 
2531 2531 
2321 2321 
4455 1484 
3937 3937 
4242 12726 
3817 3817 
5694 1897 
2658 7974 
4342 13026 
1768 588 
3516 3516 
3603 1200 
3028 3028 
3390 3390 
2759 2759 
2510 2510 
4739 14217 
2234 744 
3390 10170 
5419 16257 
2767 8301 
2538 2538 
5716 17148 
1741 579 
2857 2857 
4444 1480 
2229 2229 
5537 1845 
5345 16035 
2231 2231 
4099 1365 
3294 9882 
3502 3502 
1161 386 
5613 16839 
918 305 
72 23 
2097 2097 
5178 15534 
3069 9207 
2607 868 
53 159 
3823 11469 
2250 2250 
223 73 
821 2463 
1393 4179 
2917 8751 
245 735 
2286 761 
2539 2539 
2189 2189 
1591 4773 
3404 10212 
3093 1030 
4724 1574 
3712 3712 
3059 9177 
1171 389 
2042 2042 
2733 2733 
784 2352 
1385 461 
3694 11082 
2068 6204 
3809 3809 
2728 908 
3710 3710 
3501 3501 
350 116 
3156 1051 
2926 8778 
254 84 
3448 3448 
3315 9945 
3253 9759 
4650 13950 
1791 5373 
3734 1244 
2141 2141 
1149 382 
963 320 
816 2448 
2421 2421 
4329 1442 
3718 1238 
2547 7641 
4411 1469 
1051 349 
1085 3255 
3179 3179 
4224 12672 
4197 12591 
4332 12996 
550 182 
1911 5733 
1002 333 
5138 1712 
437 1311 
1131 3393 
3185 3185 
3446 3446 
5631 1876 
3089 1029 
4108 12324 
2902 2902 
1541 513 
4445 1481 
4958 1652 
2183 6549 
3437 3437 
382 126 
1873 5619 
2703 2703 
2550 2550 
3555 3555 
3061 1019 
2441 813 
4262 1420 
1796 5388 
2855 8565 
1586 4758 
4541 13623 
1794 5382 
3761 11283 
3860 3860 
4382 13146 
3249 1082 
1040 3120 
2982 2982 
942 2826 
5931 17793 
3420 3420 
324 107 
2050 2050 
3479 3479 
3450 10350 
3071 3071 
1608 4824 
3595 3595 
1941 5823 
3814 3814 
529 175 
2657 2657 
3847 1281 
4526 13578 
3868 3868 
1028 342 
4480 13440 
3457 3457 
3993 3993 
5963 17889 
5991 17973 
1459 485 
3295 9885 
4549 13647 
3181 3181 
5929 17787 
3573 3573 
3307 3307 
2338 2338 
3462 3462 
4913 14739 
2757 8271 
3828 11484 
3419 10257 
3471 10413 
5124 15372 
3854 11562 
2768 2768 
2616 2616 
1587 4761 
2353 2353 
3205 3205 
5822 17466 
3665 1221 
4980 14940 
5091 1696 
296 98 
1551 4653 
3614 3614 
4908 1635 
2947 8841 
3263 3263 
1928 642 
5673 17019 
3929 3929 
3501 1166 
1034 3102 
4810 14430 
5527 1841 
4348 1448 
3921 11763 
4831 1609 
4358 1452 
5665 16995 
2550 849 
1156 3468 
1933 643 
2791 929 
2504 2504 
2555 851 
4723 1573 
1526 4578 
3520 3520 
5374 16122 
3724 3724 
661 219 
2934 2934 
2234 6702 
3325 3325 
284 94 
2218 2218 
2133 2133 
86 258 
3185 1061 
5500 16500 
820 272 
4335 1444 
4719 1572 
682 2046 
2217 2217 
3483 3483 
3562 3562 
3174 1057 
3517 10551 
2636 7908 
2274 2274 
3749 1249 
5452 1816 
262 86 
4418 13254 
5327 15981 
4449 1482 
1081 359 
1013 337 
2594 2594 
3785 3785 
1752 583 
2351 2351 
4095 12285 
3359 3359 
3530 3530 
669 2007 
301 903 
1727 575 
3000 999 
5168 1722 
3911 3911 
2852 950 
83 249 
339 112 
3723 11169 
4210 1402 
1665 554 
3288 1095 
2816 2816 
5118 1705 
427 141 
4626 1541 
2238 2238 
3303 1100 
3045 9135 
3613 10839 
4655 1551 
2069 2069 
2319 2319 
3908 3908 
2265 6795 
2754 917 
3770 3770 
2955 2955 
3783 3783 
4079 12237 
2895 2895 
3688 3688 
4352 13056 
3220 3220 
2770 2770 
2956 2956 
2302 2302 
2473 823 
4462 1486 
3273 3273 
2026 674 
2241 2241 
909 302 
3937 1311 
2493 2493 
3298 1098 
4229 1409 
2162 2162 
3813 3813 
2442 2442 
4543 1513 
2112 2112 
4579 1525 
3661 3661 
3997 3997 
2688 895 
3604 1200 
3020 3020 
3282 9846 
1975 657 
1943 5829 
3949 1315 
647 215 
3633 1210 
2771 2771 
4133 1377 
3701 11103 
2426 2426 
4280 12840 
3240 1079 
1289 429 
2650 882 
2291 2291 
5330 15990 
4750 1582 
4070 12210 
4697 1565 
3680 3680 
1070 3210 
3063 3063 
3103 3103 
3213 3213 
5962 1986 
3867 3867 
2846 2846 
3426 3426 
714 237 
3401 3401 
1197 3591 
3415 10245 
2605 2605 
779 259 
2024 2024 
4081 1359 
3053 3053 
2461 7383 
1774 590 
1500 4500 
4678 14034 
3057 3057 
2288 2288 
5181 1726 
1134 3402 
920 2760 
3547 10641 
3613 1203 
2193 730 
3453 3453 
3889 3889 
4504 1500 
4193 12579 
489 162 
780 259 
5946 17838 
2226 741 
831 276 
2523 2523 
2515 2515 
524 174 
3260 9780 
2378 2378 
252 83 
5577 16731 
696 231 
1702 5106 
2075 6225 
2078 2078 
57 18 
3963 11889 
3717 3717 
3624 10872 
2632 876 
1236 411 
3818 11454 
2686 2686 
1830 5490 
729 242 
1392 4176 
3925 3925 
1866 621 
5978 1992 
5556 1851 
1349 449 
2327 2327 
5753 1917 
1952 650 
3048 3048 
2564 2564 
792 263 
2945 2945 
2249 6747 
1274 3822 
1374 457 
3653 3653 
2571 856 
4198 1398 
2764 2764 
3533 1177 
5608 16824 
4430 13290 
2714 904 
3535 10605 
2114 2114 
4170 1389 
3349 3349 
2094 2094 
2700 2700 
4246 1414 
1670 5010 
303 909 
2939 2939 
5793 1930 
4460 13380 
2210 2210 
2988 2988 
2608 2608 
3036 9108 
5807 17421 
2474 2474 
3267 9801 
168 55 
2549 2549 
79 237 
1081 3243 
3246 3246 
875 291 
2894 8682 
824 274 
3394 3394 
2321 773 
4525 13575 
2113 2113 
3586 3586 
1859 5577 
3174 3174 
2209 735 
1394 464 
2062 2062 
3243 1080 
1216 3648 
133 399 
3102 3102 
2685 2685 
2237 2237 
1302 3906 
4927 1641 
3065 3065 
1839 612 
2084 2084 
3267 3267 
2923 2923 
4025 12075 
3364 1120 
3076 3076 
3658 10974 
3203 1067 
3509 3509 
5832 17496 
4376 13128 
3931 3931 
5567 16701 
5394 16182 
4825 1607 
2870 956 
2379 2379 
2180 2180 
2008 6024 
2765 8295 
3771 1256 
4269 1422 
831 2493 
3879 3879 
320 106 
2623 2623 
4089 12267 
3772 1256 
4621 13863 
3974 3974 
138 414 
2520 7560 
1139 3417 
3602 10806 
5167 15501 
1078 358 
5498 16494 
4828 14484 
2859 2859 
3989 3989 
3897 3897 
2896 2896 
3112 9336 
4094 1364 
5951 17853 
2860 2860 
2889 2889 
5220 1739 
4193 1397 
2101 699 
2079 6237 
2035 2035 
1164 387 
2289 2289 
724 2172 
2518 2518 
2453 7359 
5761 17283 
3088 3088 
2500 832 
3626 1208 
4412 1470 
2190 729 
2999 999 
490 1470 
3035 1011 
5285 1761 
2385 2385 
666 221 
430 142 
3980 3980 
3338 3338 
3684 1227 
129 42 
1991 663 
1310 3930 
5657 1885 
2765 2765 
3015 3015 
4552 1516 
1879 625 
2312 2312 
3995 3995 
3233 9699 
4614 1537 
3807 11421 
4869 14607 
3780 3780 
2729 2729 
3101 3101 
2382 793 
5839 1945 
3228 3228 
1096 3288 
4060 1352 
2040 2040 
196 588 
5191 1729 
3519 10557 
1465 487 
4842 14526 
1486 494 
3985 3985 
2031 2031 
3820 11460 
4935 1644 
3182 3182 
2882 8646 
3650 3650 
3418 10254 
2039 6117 
2831 2831 
3047 3047 
653 217 
3532 10596 
2061 6183 
2317 2317 
198 65 
253 83 
2620 2620 
4564 13692 
2478 825 
1958 5874 
2663 2663 
3957 1318 
1323 3969 
4821 1606 
738 2214 
597 198 
2282 2282 
4537 1511 
2916 2916 
2972 990 
5354 1784 
5395 16185 
462 153 
888 295 
1967 5901 
1797 598 
5515 16545 
3617 10851 
3914 3914 
3561 3561 
1730 5190 
4890 1629 
1011 3033 
1094 3282 
3546 3546 
2987 995 
2463 7389 
3945 11835 
2054 684 
4672 1556 
1079 3237 
4222 1406 
2251 2251 
5349 1782 
952 316 
3520 1172 
2674 2674 
4764 1587 
1901 5703 
230 690 
3671 3671 
3796 3796 
5336 16008 
4397 13191 
2773 923 
4503 1500 
276 828 
5185 15555 
2788 8364 
2386 7158 
2158 6474 
3365 3365 
3261 3261 
2019 2019 
2268 2268 
2324 2324 
3497 3497 
3453 10359 
2696 898 
3523 3523 
2067 6201 
353 1059 
1889 5667 
2410 7230 
4263 1420 
2739 2739 
5201 15603 
5154 1717 
2266 754 
2253 2253 
684 227 
1864 5592 
2122 2122 
5552 16656 
1970 656 
5932 1976 
3784 3784 
3776 3776 
3786 3786 
3098 3098 
3016 1004 
2965 2965 
2107 701 
2536 2536 
3500 3500 
4000 4000 
1273 423 
438 1314 
3028 1008 
1820 5460 
2147 6441 
3904 3904 
11 33 
1064 3192 
4479 13437 
3855 3855 
5964 1987 
2516 2516 
5225 15675 
1313 437 
2354 2354 
608 1824 
2136 2136 
2269 6807 
2961 2961 
4559 13677 
4515 13545 
2721 8163 
4593 1530 
3603 3603 
2688 2688 
88 264 
5191 15573 
2047 681 
195 64 
2345 7035 
2194 2194 
2892 2892 
2735 911 
2994 2994 
4145 12435 
3086 3086 
3767 3767 
3180 9540 
2458 818 
2184 2184 
3455 1151 
2695 897 
1134 377 
452 1356 
1219 405 
315 104 
2080 2080 
4700 14100 
3505 1167 
2010 669 
4020 12060 
5119 1705 
795 264 
2587 7761 
1832 5496 
2477 2477 
425 141 
3858 3858 
5708 17124 
2644 880 
2088 2088 
3206 9618 
5715 1904 
2339 7017 
4545 13635 
4076 12228 
3335 1111 
4482 1493 
4975 14925 
5058 1685 
708 235 
4947 14841 
2110 702 
2359 2359 
3632 1210 
2587 2587 
391 1173 
1942 5826 
2584 2584 
5430 1809 
2255 6765 
2061 2061 
4878 1625 
5789 1929 
4941 1646 
5423 16269 
2944 2944 
3684 3684 
731 243 
3338 1112 
2342 780 
4055 12165 
1715 5145 
3052 3052 
1888 628 
4751 1583 
137 411 
5318 1772 
2439 2439 
4103 1367 
1646 548 
3281 1093 
3918 3918 
3604 3604 
4002 12006 
3421 3421 
4819 14457 
2202 2202 
441 1323 
786 2358 
3602 3602 
1108 3324 
3773 3773 
3812 3812 
2766 2766 
2627 2627 
4652 1550 
3293 1097 
3926 11778 
2649 2649 
5516 1838 
2798 2798 
5462 16386 
2214 6642 
5598 16794 
840 279 
2658 885 
4766 1588 
3065 1021 
710 2130 
4393 1463 
2788 928 
4344 1447 
2717 2717 
4496 1498 
3486 1161 
2417 2417 
3170 3170 
3945 3945 
3518 3518 
3127 9381 
3912 3912 
2776 2776 
4571 13713 
4117 12351 
475 157 
2375 2375 
3596 3596 
2637 2637 
3343 3343 
2627 875 
2127 2127 
2698 2698 
5890 1962 
2090 2090 
1984 5952 
3578 3578 
5519 16557 
2146 2146 
1827 5481 
4097 1365 
4599 1532 
4064 1354 
2626 7878 
2511 7533 
4556 13668 
2039 2039 
3052 1016 
3317 3317 
2465 821 
2507 2507 
1234 410 
3336 3336 
190 62 
2244 6732 
1562 4686 
1919 5757 
3920 3920 
3167 3167 
1538 512 
1587 528 
4351 1449 
5865 1954 
5881 1959 
3184 3184 
814 270 
3658 1218 
4894 14682 
451 1353 
2527 2527 
3972 1323 
1729 5187 
5576 1858 
2041 2041 
3506 1168 
3567 3567 
4782 1593 
737 2211 
3729 3729 
2224 6672 
825 2475 
3000 3000 
3106 3106 
1770 589 
3804 3804 
5923 1973 
5197 1731 
3231 1076 
4950 14850 
2592 7776 
3403 1133 
2627 7881 
2906 968 
5571 16713 
4407 13221 
3120 9360 
3875 1291 
2456 2456 
3679 3679 
5798 1932 
3975 1324 
5146 15438 
3569 3569 
609 202 
5584 16752 
764 254 
3284 3284 
3070 1022 
5499 1832 
2622 7866 
3309 9927 
2935 977 
3909 3909 
1079 359 
2713 2713 
103 309 
5484 1827 
3620 10860 
3822 3822 
3119 3119 
617 1851 
4799 14397 
5423 1807 
4315 1437 
2909 2909 
2390 2390 
4466 13398 
678 225 
1069 355 
3455 3455 
1974 5922 
4985 14955 
4396 1464 
5764 17292 
3348 3348 
4973 14919 
2464 7392 
2121 2121 
2667 2667 
449 149 
2868 2868 
1810 602 
5777 1925 
62 20 
560 1680 
3209 3209 
4218 1405 
2220 2220 
4612 1536 
2922 2922 
3966 11898 
4473 13419 
3870 11610 
5382 16146 
2192 2192 
3939 11817 
2665 2665 
3265 3265 
3256 3256 
368 1104 
863 287 
1314 3942 
5054 1684 
2109 2109 
4877 14631 
3224 3224 
1056 3168 
4349 13047 
1733 5199 
4977 1658 
1278 3834 
3843 1280 
3973 3973 
3815 3815 
4603 13809 
3478 3478 
5711 1903 
4686 14058 
3424 3424 
3289 3289 
4955 14865 
2669 8007 
3838 3838 
191 573 
1563 4689 
339 1017 
3972 3972 
2461 2461 
2476 2476 
2720 8160 
1001 333 
2871 2871 
2208 2208 
415 137 
2555 2555 
99 297 
4622 13866 
2529 842 
5834 17502 
2789 8367 
2812 2812 
2102 2102 
5446 1814 
1953 5859 
2651 2651 
5010 1669 
266 88 
3001 3001 
4623 13869 
2479 2479 
1684 560 
3286 3286 
550 1650 
2572 7716 
5488 16464 
3120 1039 
1264 3792 
3433 10299 
2719 2719 
2069 689 
5455 1817 
3476 3476 
1467 4401 
3883 1293 
3403 3403 
3309 3309 
1356 451 
2609 2609 
3449 3449 
2176 2176 
3201 1066 
1936 644 
3116 9348 
2096 2096 
3875 3875 
732 243 
3857 1285 
4562 1520 
3334 3334 
3245 9735 
1417 4251 
4221 12663 
1647 4941 
2409 2409 
3251 3251 
1283 3849 
745 247 
625 207 
4606 1534 
2374 2374 
5594 1864 
2252 2252 
3812 1270 
5151 1716 
408 135 
5750 1916 
3484 3484 
3990 11970 
2015 2015 
3165 3165 
3171 3171 
1083 3249 
2036 678 
3006 3006 
5897 17691 
5471 1823 
1420 472 
631 1893 
4300 1432 
2520 2520 
3643 1213 
1820 606 
1457 485 
3255 1084 
5056 1684 
3753 3753 
3725 3725 
1804 5412 
4647 1548 
2497 831 
5422 16266 
2331 2331 
107 35 
5199 15597 
2856 8568 
2978 2978 
5409 1802 
3991 1329 
4708 1568 
3159 9477 
5920 17760 
3704 3704 
3514 3514 
5721 17163 
3648 3648 
3638 3638 
835 277 
4714 14142 
771 256 
3316 1104 
1969 655 
5752 17256 
3503 10509 
3102 9306 
3099 3099 
3176 1058 
1910 636 
785 2355 
2577 2577 
3667 3667 
2046 2046 
5872 1956 
1206 401 
3882 3882 
3474 3474 
577 191 
2085 2085 
1369 455 
5385 1794 
3314 3314 
387 128 
981 2943 
2831 943 
3493 3493 
2926 2926 
3411 3411 
2293 2293 
2602 2602 
3612 3612 
2784 927 
3255 3255 
3519 3519 
3790 3790 
4880 14640 
1020 339 
4547 13641 
2546 2546 
1178 392 
2157 6471 
4498 1498 
5955 17865 
2239 2239 
4319 1439 
2742 2742 
3506 3506 
3243 3243 
2689 2689 
322 106 
2921 2921 
1069 3207 
2260 2260 
3664 3664 
2757 2757 
3350 10050 
2839 2839 
2785 2785 
2050 682 
2431 2431 
5606 1868 
1947 5841 
3739 3739 
4077 12231 
2125 6375 
1843 613 
3910 3910 
3522 3522 
1861 5583 
76 228 
3377 1125 
5398 16194 
2552 7656 
128 384 
2275 6825 
4275 12825 
789 262 
3332 3332 
1707 568 
2699 8097 
1146 3438 
3978 11934 
3699 1232 
3035 9105 
2576 2576 
2688 8064 
36 11 
3745 3745 
2454 2454 
1360 4080 
4830 1609 
3941 3941 
2690 8070 
4328 1442 
4227 1408 
3330 3330 
5161 1719 
2089 6267 
671 223 
2740 2740 
2000 666 
3054 9162 
5717 17151 
3924 3924 
2101 2101 
3732 1243 
3736 3736 
5314 1770 
3485 3485 
3953 1317 
2837 2837 
4406 1468 
986 2958 
2483 7449 
5894 17682 
2258 2258 
3740 3740 
585 194 
2503 2503 
3127 3127 
346 114 
2408 7224 
498 165 
5429 16287 
337 111 
3029 3029 
2912 2912 
3206 3206 
3899 11697 
4719 14157 
3656 3656 
3517 3517 
3373 1123 
3157 1051 
526 174 
2612 2612 
4296 12888 
2841 8523 
2053 2053 
5749 17247 
3744 11232 
5620 1872 
4810 1602 
3345 3345 
3458 3458 
5083 1693 
890 296 
2183 2183 
3609 3609 
3648 10944 
2264 754 
1136 3408 
3646 3646 
1503 4509 
1707 5121 
1561 4683 
5325 1774 
5752 1916 
3831 1276 
1804 600 
3888 3888 
2171 2171 
2514 7542 
3003 3003 
44 132 
2760 2760 
3375 10125 
1518 4554 
3567 1188 
160 52 
2420 2420 
3072 3072 
3673 3673 
2933 2933 
506 168 
3803 11409 
5802 1933 
2412 2412 
4895 14685 
3272 3272 
5565 16695 
5201 1733 
4325 1441 
5130 15390 
5139 15417 
850 282 
3092 9276 
5622 1873 
415 1245 
3691 3691 
4330 1442 
4049 12147 
2443 7329 
3326 3326 
4765 1587 
2738 2738 
2054 2054 
2637 7911 
3664 1220 
3364 10092 
2726 908 
5174 15522 
3574 10722 
3259 3259 
3869 1289 
1874 624 
2703 8109 
2009 2009 
3155 3155 
3297 3297 
859 2577 
2566 2566 
622 206 
2220 6660 
1243 3729 
2204 6612 
3947 3947 
1235 3705 
3782 3782 
5844 17532 
5220 15660 
3651 10953 
2394 797 
5101 15303 
3244 9732 
2353 7059 
3844 3844 
2970 2970 
3424 10272 
3474 1157 
954 317 
5531 1843 
1322 3966 
4299 1432 
2478 2478 
2905 2905 
4343 13029 
1096 364 
1505 501 
146 438 
4334 13002 
3572 1190 
2692 8076 
3960 11880 
3078 1025 
2557 7671 
4203 12609 
2823 8469 
5376 16128 
3764 3764 
996 331 
5781 1926 
3746 3746 
2005 6015 
3040 9120 
356 118 
3948 3948 
4390 13170 
695 2085 
3763 11289 
481 1443 
5712 1903 
4487 1495 
3643 3643 
2621 873 
4949 14847 
2818 2818 
2641 2641 
5332 1776 
3554 1184 
3887 3887 
3965 3965 
2935 8805 
3454 1150 
2270 2270 
4809 1602 
2070 6210 
4805 14415 
5305 1767 
4577 1525 
2501 2501 
3954 11862 
3693 3693 
4569 1522 
2910 2910 
5142 1713 
3545 3545 
2311 2311 
2862 953 
3715 11145 
4947 1648 
5673 1890 
4266 1421 
1725 5175 
3186 3186 
2699 2699 
527 1581 
2712 8136 
1095 364 
4800 1599 
5709 17127 
4058 12174 
2792 930 
4802 14406 
3748 3748 
4143 1380 
486 161 
5715 17145 
495 164 
3010 3010 
2246 2246 
997 2991 
3363 3363 
1507 4521 
3397 3397 
2778 8334 
3955 3955 
3214 3214 
1424 474 
4859 1619 
3857 3857 
2589 7767 
5131 1709 
2160 2160 
94 30 
146 48 
672 223 
2942 2942 
2430 2430 
1685 5055 
2742 913 
2670 889 
2459 819 
914 2742 
2286 2286 
2282 760 
874 2622 
2041 6123 
1244 414 
3128 1042 
3202 3202 
4819 1605 
3123 3123 
860 2580 
3105 1034 
1156 384 
2240 2240 
1612 4836 
2830 8490 
3469 10407 
3621 10863 
5135 1711 
3584 3584 
147 441 
2779 2779 
2277 6831 
3447 3447 
3353 3353 
1908 635 
2705 8115 
4900 1632 
2986 2986 
1688 562 
4125 1374 
3395 3395 
2178 6534 
2737 2737 
3508 10524 
4360 1452 
2141 713 
2109 702 
2084 6252 
4994 1664 
1920 5760 
3044 3044 
1313 3939 
3311 3311 
5513 16539 
3190 9570 
3789 1262 
3791 1263 
4893 1630 
3526 10578 
3749 3749 
705 234 
5733 1910 
65 195 
5510 1836 
1677 5031 
4451 1483 
5127 1708 
4279 1425 
3556 3556 
1615 4845 
2502 2502 
5507 16521 
4455 13365 
2147 2147 
3507 3507 
3013 9039 
4842 1613 
2606 2606 
2751 2751 
4051 12153 
893 2679 
2079 2079 
5397 1798 
5440 16320 
2228 2228 
4489 13467 
367 1101 
3498 3498 
686 228 
4740 1579 
3405 3405 
1958 652 
3337 3337 
3495 3495 
2789 2789 
3205 1067 
5827 17481 
4921 14763 
2955 8865 
5522 1840 
285 855 
3006 9018 
3833 3833 
2505 2505 
3164 3164 
3508 3508 
2413 2413 
2335 7005 
1581 526 
2074 2074 
5290 1762 
3162 3162 
3472 3472 
3885 3885 
2958 2958 
5833 17499 
2337 2337 
5706 1901 
4925 14775 
3946 1314 
3666 1221 
481 159 
3361 3361 
3295 1097 
3998 1332 
3622 1206 
2038 2038 
3360 3360 
2558 2558 
2232 2232 
4409 13227 
52 156 
3105 3105 
2292 2292 
1536 511 
1484 4452 
3323 3323 
2057 2057 
3005 1001 
5741 1913 
3150 9450 
2004 2004 
5564 1854 
3894 3894 
939 2817 
869 289 
2574 2574 
974 2922 
4862 1620 
3835 11505 
3212 3212 
4440 13320 
3236 3236 
1157 385 
5149 1715 
3733 3733 
2684 2684 
469 1407 
1972 5916 
2744 914 
5369 16107 
2386 2386 
5006 1668 
2384 2384 
3949 3949 
2036 2036 
540 179 
2396 2396 
2383 7149 
3947 11841 
3262 1086 
3943 3943 
3684 11052 
295 97 
2482 2482 
3343 10029 
3230 1076 
2867 2867 
2808 2808 
2704 2704 
5126 15378 
2460 7380 
3991 3991 
2607 7821 
174 522 
5677 1891 
3226 3226 
1560 4680 
3668 11004 
2990 8970 
3845 1281 
230 76 
4414 13242 
4464 13392 
731 2193 
2673 2673 
4828 1608 
3692 3692 
3113 3113 
2574 857 
79 25 
3656 1218 
3557 10671 
4 12 
5735 1911 
4071 1356 
3600 1199 
2350 7050 
2500 2500 
5668 1888 
1354 4062 
2838 2838 
207 68 
5060 15180 
2513 837 
1505 4515 
2347 2347 
2842 2842 
2278 758 
5740 1912 
2179 2179 
5961 1986 
5370 16110 
4823 1607 
754 2262 
2052 2052 
2423 2423 
2491 829 
3958 3958 
4477 13431 
3204 9612 
5473 1823 
3971 1323 
748 2244 
826 274 
2568 2568 
5958 1985 
2620 7860 
3384 3384 
14 4 
640 212 
2025 2025 
3399 3399 
2679 892 
3159 3159 
1339 4017 
1348 4044 
2339 2339 
3282 3282 
2168 2168 
982 2946 
4101 1366 
5482 16446 
1207 3621 
5525 1841 
3140 3140 
3450 1149 
4530 13590 
1493 497 
5085 15255 
2328 2328 
5246 1748 
2191 6573 
2948 2948 
3352 1116 
2103 700 
2149 2149 
5726 17178 
2907 2907 
2626 2626 
1823 607 
2002 2002 
1317 3951 
208 68 
189 567 
2983 2983 
2971 8913 
214 642 
1474 490 
3156 9468 
5156 1718 
2591 2591 
5015 15045 
5607 1868 
5677 17031 
2645 2645 
3978 3978 
1347 448 
5277 1758 
3276 9828 
2685 8055 
5406 1801 
5828 1942 
2081 693 
3774 1257 
1590 4770 
2424 2424 
2487 2487 
2227 741 
3956 11868 
696 2088 
3046 9138 
657 1971 
2283 6849 
5598 1865 
757 251 
2973 2973 
2679 2679 
5207 1735 
3054 3054 
3227 3227 
3358 3358 
3113 9339 
2343 2343 
3435 3435 
2362 2362 
2071 2071 
4689 14067 
63 20 
2041 679 
3356 3356 
2459 2459 
2783 2783 
2063 2063 
1133 377 
1381 4143 
3878 1292 
2741 2741 
42 126 
1662 4986 
4206 1401 
5920 1972 
2508 2508 
3766 3766 
4550 1516 
2634 2634 
260 86 
3537 1178 
2671 8013 
2886 8658 
5539 1845 
702 2106 
4135 12405 
3133 1043 
367 121 
4652 13956 
3386 3386 
4217 1405 
5910 17730 
2076 2076 
4069 12207 
3216 3216 
5588 1862 
3743 3743 
459 152 
2444 7332 
4042 12126 
1041 3123 
4248 1415 
2567 7701 
3221 3221 
3189 9567 
5166 1721 
3868 11604 
4829 14487 
1254 3762 
3529 3529 
3405 10215 
5838 1945 
4644 13932 
2020 2020 
3410 3410 
3204 3204 
2247 2247 
2323 2323 
1324 3972 
400 1200 
555 1665 
4114 1370 
2601 2601 
791 263 
4859 14577 
5808 1935 
3294 3294 
2711 8133 
2149 6447 
2486 2486 
1752 5256 
3164 1054 
951 316 
4683 14049 
3685 3685 
2517 2517 
3496 10488 
4195 12585 
1833 610 
5514 16542 
2271 2271 
3746 1248 
1462 486 
5492 16476 
3576 1191 
3210 3210 
634 1902 
3050 3050 
197 65 
306 918 
482 1446 
1868 622 
4136 12408 
5596 1864 
2437 2437 
5421 1806 
2322 2322 
5392 16176 
2528 842 
2307 2307 
3614 10842 
1190 396 
2167 721 
94 282 
3441 3441 
5851 17553 
4942 14826 
5229 15687 
1982 660 
3966 3966 
3650 1216 
2581 2581 
3461 3461 
1962 5886 
4956 14868 
3629 3629 
3393 3393 
3676 3676 
3555 10665 
2761 2761 
4827 14481 
3580 1192 
2193 2193 
4137 1378 
5321 15963 
4970 1656 
2981 8943 
3312 1103 
4390 1462 
2784 2784 
3557 3557 
4259 1419 
5098 15294 
4021 12063 
4142 12426 
4732 14196 
3339 10017 
3952 3952 
2039 679 
5883 17649 
4026 12078 
5292 15876 
4070 1356 
4250 1416 
4285 12855 
2833 2833 
3319 9957 
2508 835 
5032 15096 
2614 2614 
2414 2414 
4897 1631 
2731 2731 
5104 1700 
3012 3012 
2989 8967 
4377 1458 
3069 3069 
2124 2124 
2835 944 
175 525 
4753 1583 
3235 3235 
5540 1846 
3461 10383 
2736 2736 
3843 3843 
5705 1901 
2791 2791 
2225 2225 
2801 2801 
5460 1819 
3459 3459 
3092 3092 
1229 3687 
1458 4374 
1431 4293 
4704 1567 
1934 5802 
2687 8061 
5147 1715 
3714 3714 
838 2514 
4362 13086 
4618 13854 
2984 8952 
119 357 
3849 3849 
5471 16413 
4933 14799 
3452 3452 
2178 2178 
886 2658 
2352 2352 
2988 995 
317 951 
509 1527 
3591 1196 
2051 2051 
60 180 
1085 361 
876 291 
404 1212 
1989 5967 
4701 1566 
4711 1569 
3452 1150 
2174 2174 
3563 1187 
3111 3111 
2937 978 
3318 3318 
3376 10128 
567 1701 
5991 1996 
989 2967 
1940 646 
2804 2804 
2245 2245 
3150 1049 
3734 3734 
2262 2262 
5469 1822 
3323 9969 
2821 2821 
398 1194 
1474 4422 
2799 2799 
3296 1098 
3861 3861 
4882 14646 
1651 549 
1118 372 
5269 1755 
1866 5598 
4693 14079 
241 723 
5123 15369 
1104 3312 
2950 2950 
3806 3806 
74 24 
3478 10434 
3835 3835 
2825 941 
491 1473 
2833 8499 
3224 9672 
5642 1880 
4987 14961 
4714 1570 
4508 1502 
5848 17544 
2732 2732 
2474 7422 
2697 2697 
1771 5313 
3750 11250 
4211 12633 
420 139 
3189 3189 
16 4 
1675 5025 
2834 2834 
2780 2780 
2429 7287 
2261 2261 
4749 14247 
3373 3373 
1243 413 
4560 1519 
5095 1697 
892 296 
2046 681 
3196 3196 
3323 1107 
347 115 
5114 1704 
227 681 
984 2952 
3075 3075 
2819 2819 
2043 2043 
1787 5361 
3950 3950 
5383 1793 
3303 3303 
3052 9156 
3689 3689 
3139 3139 
1898 632 
2421 7263 
1164 3492 
3742 11226 
2675 8025 
3173 1057 
1734 577 
2949 8847 
5724 1907 
1738 578 
225 74 
3984 3984 
1694 5082 
2122 706 
400 132 
3575 1191 
3014 3014 
3839 3839 
2284 6852 
4333 12999 
2625 2625 
4355 1451 
3532 3532 
362 120 
4038 12114 
2607 2607 
2346 2346 
1333 3999 
1629 542 
4105 12315 
1063 353 
2170 2170 
3120 3120 
3257 9771 
934 2802 
593 1779 
3124 3124 
4042 1346 
2874 2874 
3110 3110 
3663 3663 
2422 806 
2423 7269 
4007 1335 
2680 2680 
1784 5352 
4081 12243 
5819 1939 
3489 3489 
1855 617 
5231 15693 
4173 12519 
2434 2434 
173 57 
2989 2989 
3445 3445 
2578 2578 
3459 1152 
4199 1399 
3050 9150 
3293 3293 
3221 9663 
4416 13248 
3974 11922 
4506 1501 
2553 850 
1350 449 
2716 2716 
5047 1681 
4693 1563 
3825 11475 
2099 2099 
2316 2316 
2914 970 
1296 3888 
4699 14097 
2428 2428 
3899 3899 
3768 11304 
1637 4911 
3244 3244 
1341 4023 
5705 17115 
1405 4215 
2028 2028 
2731 8193 
2273 2273 
2233 743 
2241 6723 
734 244 
4671 1556 
841 2523 
1580 526 
5870 1956 
625 1875 
3591 3591 
2850 2850 
1143 3429 
2154 717 
1965 5895 
2129 2129 
4563 13689 
1538 4614 
3022 1006 
4407 1468 
2992 2992 
3451 3451 
2870 2870 
4234 1410 
3781 3781 
1487 495 
716 238 
5120 1706 
2705 2705 
2904 2904 
3409 3409 
3731 3731 
2865 2865 
2256 2256 
2537 2537 
5619 16857 
2494 830 
2139 2139 
3121 3121 
3201 3201 
3146 3146 
5252 15756 
27 8 
394 130 
5774 1924 
525 174 
1353 4059 
1047 348 
4503 13509 
3880 3880 
4677 14031 
3948 11844 
2819 8457 
3223 3223 
4456 1484 
5439 16317 
3883 3883 
1093 363 
2226 2226 
3914 1304 
3542 1180 
3700 3700 
2775 924 
4209 1402 
3439 3439 
5404 16212 
3957 3957 
3857 11571 
3747 3747 
2223 2223 
3849 1282 
2098 2098 
2993 997 
2216 2216 
1275 424 
2916 8748 
644 214 
5775 1924 
3579 10737 
2814 2814 
3283 3283 
3795 3795 
5936 17808 
3216 9648 
3316 3316 
2049 2049 
5702 17106 
4554 1517 
4415 13245 
3748 1248 
2008 2008 
2885 8655 
2321 6963 
5197 15591 
3430 3430 
2734 2734 
3512 3512 
3787 3787 
495 1485 
5968 17904 
4333 1443 
2300 6900 
4673 1557 
3534 10602 
317 105 
3553 3553 
3496 3496 
5334 1777 
2687 2687 
2872 956 
2559 852 
1980 5940 
2604 2604 
944 314 
3479 10437 
829 275 
3271 1089 
3630 1209 
3866 1288 
3177 3177 
201 603 
169 507 
4580 13740 
714 2142 
3644 1214 
5017 15051 
3333 3333 
5067 1688 
3601 3601 
2308 2308 
545 181 
5001 1666 
3141 3141 
2265 2265 
2392 2392 
5696 17088 
3142 3142 
3814 1270 
2911 969 
2561 2561 
5621 16863 
3587 3587 
2977 2977 
3598 3598 
3084 3084 
5844 1947 
1556 4668 
3960 1319 
2562 2562 
5425 1807 
5738 1912 
5869 1955 
2361 786 
3525 3525 
2206 2206 
1294 3882 
306 101 
5218 15654 
2012 2012 
4676 1558 
4156 12468 
3152 3152 
2754 2754 
3895 11685 
2790 2790 
3363 1120 
2983 8949 
2214 737 
2561 7683 
2011 2011 
3352 10056 
3775 3775 
233 699 
5077 15231 
3757 3757 
3662 3662 
2828 2828 
4997 14991 
3072 1023 
3953 3953 
3988 11964 
3066 3066 
1628 4884 
2984 2984 
4020 1339 
257 771 
679 225 
2130 2130 
3508 1168 
2919 8757 
3122 3122 
4793 14379 
2729 909 
3030 1009 
2668 2668 
2164 720 
5614 1870 
1627 4881 
3733 1243 
2460 2460 
3252 3252 
3339 3339 
234 702 
3004 1000 
2667 888 
3569 10707 
2294 2294 
3791 3791 
5942 1980 
3779 1259 
3533 3533 
3840 3840 
2556 2556 
3917 1305 
3298 3298 
2371 7113 
4378 1458 
2573 7719 
703 233 
2137 2137 
1949 5847 
5659 16977 
3971 3971 
4006 1334 
4765 14295 
5796 1931 
5811 17433 
4228 1408 
204 67 
5025 15075 
638 1914 
2198 2198 
5475 16425 
1367 455 
2722 2722 
5769 1922 
1703 5109 
2964 987 
2488 7464 
1279 3837 
5017 1671 
3881 3881 
1265 421 
3454 10362 
2201 733 
2144 2144 
5033 1677 
3280 3280 
2438 2438 
3271 3271 
435 144 
2029 2029 
2800 2800 
5734 17202 
3810 3810 
1091 3273 
5545 1847 
3150 3150 
2464 2464 
2060 2060 
5355 16065 
3327 3327 
4463 13389 
2598 7794 
1402 466 
3400 3400 
326 108 
2066 6198 
3357 1118 
5450 1816 
5686 1894 
2277 2277 
3547 3547 
1444 480 
4633 13899 
359 119 
3798 1265 
355 1065 
809 269 
2305 6915 
3172 3172 
5958 17874 
5574 16722 
3080 3080 
3800 3800 
881 2643 
4855 14565 
2770 8310 
5014 15042 
628 208 
1442 480 
2601 7803 
1865 5595 
3059 3059 
2560 2560 
3549 3549 
3568 3568 
4253 12759 
3648 1215 
87 261 
4361 13083 
555 184 
83 27 
2148 2148 
3594 3594 
5093 1697 
3539 1179 
4341 1446 
4445 13335 
3797 3797 
1602 533 
2912 970 
1831 609 
2296 2296 
3058 9174 
2773 2773 
409 135 
2367 7101 
2337 7011 
5648 1882 
866 288 
5644 16932 
2272 6816 
2843 2843 
3131 3131 
3456 3456 
3007 3007 
4005 1334 
1894 630 
2718 2718 
2571 2571 
3650 10950 
444 1332 
2391 2391 
632 1896 
4659 1552 
5855 17565 
2344 2344 
74 222 
5302 15906 
3174 9522 
3886 3886 
5244 15732 
2492 830 
2833 943 
2135 2135 
2906 2906 
5760 1919 
2021 2021 
3313 3313 
3237 3237 
3479 1159 
5581 1859 
793 263 
5087 1695 
5544 1847 
568 188 
3108 3108 
941 2823 
395 1185 
2967 2967 
2911 2911 
3761 1253 
3538 1178 
4116 1371 
3577 3577 
4354 1450 
5255 1751 
2092 2092 
3039 3039 
487 161 
2340 2340 
1446 481 
1902 5706 
112 336 
3992 3992 
2067 2067 
917 305 
5636 1878 
5267 1755 
4857 1618 
2529 2529 
3472 1156 
2182 726 
413 1239 
1997 5991 
3193 3193 
3906 3906 
2846 948 
3035 3035 
68 22 
912 303 
2034 6102 
3187 3187 
4737 14211 
3842 3842 
4812 14436 
2960 2960 
2591 863 
2932 2932 
5329 1775 
3433 3433 
3055 1017 
2140 2140 
2890 8670 
1191 3573 
2532 2532 
3328 3328 
4616 1538 
2702 8106 
5333 15999 
4089 1362 
4978 14934 
3396 3396 
2554 2554 
2314 2314 
4478 1492 
4168 12504 
2387 795 
2708 2708 
404 134 
2707 2707 
2013 2013 
3798 11394 
992 2976 
3771 3771 
5870 17610 
3329 3329 
2115 704 
759 252 
4436 13308 
5668 17004 
3556 1184 
2740 912 
2456 818 
1417 471 
3478 1158 
2401 799 
2248 6744 
501 1503 
3327 9981 
2063 6189 
2649 7947 
1844 5532 
2543 2543 
1808 5424 
3132 3132 
3229 3229 
2582 2582 
153 459 
5512 1836 
1405 467 
3990 3990 
4792 14376 
1847 5541 
4351 13053 
2938 2938 
2099 699 
3958 1318 
144 47 
1125 374 
4364 1454 
3932 1310 
3409 10227 
2847 2847 
3387 3387 
3055 3055 
5364 1787 
1620 539 
812 270 
3722 1240 
438 145 
28 8 
4791 14373 
3728 3728 
3494 10482 
64 20 
5858 17574 
5642 16926 
538 1614 
2305 2305 
3797 1265 
427 1281 
3536 3536 
4337 13011 
3190 1062 
3082 1026 
3072 9216 
2186 2186 
2677 2677 
1506 4518 
2548 848 
2492 2492 
3464 3464 
4813 1603 
4432 1476 
924 307 
3419 3419 
3645 3645 
2134 2134 
3147 3147 
4134 12402 
1408 4224 
2961 8883 
1824 5472 
539 179 
1712 5136 
3380 3380 
779 2337 
4539 13617 
1513 4539 
2879 8637 
71 213 
1769 589 
976 2928 
3988 1328 
5247 15741 
4166 1388 
3862 3862 
5546 16638 
4517 1505 
1869 5607 
5 15 
5566 16698 
2366 2366 
686 2058 
3969 3969 
3837 3837 
1931 643 
45 14 
961 319 
3037 3037 
3564 3564 
5129 1709 
525 1575 
3855 11565 
1122 3366 
3825 3825 
3988 3988 
4528 13584 
544 1632 
4665 1554 
675 224 
369 122 
4670 14010 
3242 3242 
5459 16377 
3168 9504 
2695 2695 
3755 1251 
3802 1266 
1577 525 
4984 1660 
5493 1830 
2618 2618 
3148 9444 
2758 8274 
813 270 
2832 2832 
2175 2175 
4998 1665 
2132 710 
4806 14418 
2131 2131 
1455 4365 
4008 1335 
1190 3570 
420 1260 
1844 614 
2656 2656 
5260 1752 
3094 3094 
1726 5178 
3093 3093 
31 9 
4424 1474 
2539 7617 
4476 1491 
3831 3831 
5970 17910 
2368 2368 
2060 686 
2005 2005 
2581 859 
224 74 
2861 2861 
2931 2931 
1037 345 
5665 1887 
2017 6051 
108 35 
2915 2915 
2575 2575 
3442 3442 
1379 4137 
4252 12756 
5879 17637 
3615 3615 
5731 17193 
1290 3870 
627 208 
2682 2682 
5280 1759 
3154 3154 
1035 3105 
1238 412 
1092 363 
3418 3418 
3395 10185 
535 177 
4791 1596 
2156 2156 
3157 3157 
2616 871 
2530 7590 
2650 2650 
624 1872 
4627 13881 
1390 462 
2753 2753 
788 262 
3219 9657 
3713 3713 
1198 398 
240 79 
5303 1767 
2884 2884 
2333 2333 
3774 3774 
5289 15867 
1718 5154 
4251 1416 
5381 16143 
2281 2281 
3976 3976 
607 1821 
3959 1319 
3138 3138 
5779 1925 
2173 723 
5049 1682 
5480 1826 
2299 2299 
3003 9009 
4176 12528 
3045 3045 
2427 2427 
1545 4635 
3745 11235 
2155 2155 
3987 1328 
4163 12489 
5067 15201 
3381 3381 
2918 972 
154 50 
2706 2706 
5680 1892 
5198 15594 
5814 17442 
2040 679 
3830 11490 
2932 976 
3178 1058 
4881 1626 
2512 2512 
5059 15177 
2826 2826 
4207 1401 
2610 2610 
2654 2654 
2356 784 
1737 5211 
3125 3125 
2381 2381 
2449 2449 
3566 3566 
3250 3250 
2283 760 
3848 11544 
3873 3873 
2031 676 
5708 1902 
3681 3681 
4403 1467 
2280 2280 
4316 1438 
4892 14676 
1034 344 
2521 2521 
2948 982 
4813 14439 
2555 7665 
800 2400 
2468 822 
2679 8037 
5631 16893 
3607 3607 
1746 581 
5825 17475 
4243 1413 
3903 3903 
4982 1660 
3412 3412 
2624 2624 
868 2604 
5422 1806 
2254 750 
1277 425 
4887 1628 
4339 1445 
5044 1680 
3818 3818 
3687 3687 
4604 13812 
4829 1609 
677 225 
3081 1026 
3560 3560 
2943 8829 
3773 1257 
2100 2100 
2463 2463 
4682 1560 
2052 683 
3417 3417 
1514 504 
2583 860 
3624 3624 
2290 2290 
1456 4368 
5877 1958 
3551 3551 
2975 2975 
3040 3040 
1758 585 
2134 6402 
2929 975 
3623 3623 
3468 3468 
4990 14970 
5825 1941 
556 184 
2998 2998 
3698 3698 
2560 7680 
4855 1617 
243 729 
2515 837 
2943 2943 
5397 16191 
2263 2263 
848 282 
2156 6468 
5790 1929 
2881 2881 
4775 1591 
5861 17583 
2514 2514 
3300 3300 
4657 13971 
2132 2132 
651 216 
3582 3582 
5417 1805 
1427 4281 
1535 511 
4784 1594 
1651 4953 
1231 3693 
3530 10590 
866 2598 
3199 3199 
2419 2419 
581 193 
746 2238 
4735 1577 
2249 749 
4062 1353 
3644 3644 
1793 5379 
4587 1528 
4815 1604 
3285 9855 
4954 14862 
3680 11040 
3063 1020 
3608 3608 
3454 3454 
842 2526 
1637 545 
2683 2683 
5242 15726 
1209 3627 
2151 716 
1957 651 
3392 3392 
2631 7893 
5579 1859 
2271 756 
2606 7818 
5410 1802 
4728 1575 
5102 15306 
1250 416 
5754 17262 
2617 2617 
3659 3659 
2447 2447 
3581 3581 
5452 16356 
2936 2936 
3242 9726 
2499 2499 
2579 7737 
2671 889 
2995 2995 
4139 12417 
1158 385 
3679 11037 
3431 3431 
1702 566 
5769 17307 
2557 2557 
76 24 
2897 2897 
2552 2552 
1654 550 
5627 1875 
5974 1990 
922 2766 
4546 13638 
5888 1962 
5899 17697 
2924 2924 
4119 12357 
5509 16527 
2725 2725 
2582 860 
4166 12498 
1871 5613 
5943 1980 
2373 2373 
1658 552 
3600 3600 
1577 4731 
5435 16305 
2443 2443 
2481 2481 
2211 2211 
1146 381 
3408 1135 
3488 3488 
2369 2369 
1918 638 
4877 1625 
3490 3490 
1664 554 
1245 414 
3571 10713 
943 313 
1026 341 
2098 6294 
1531 4593 
2313 2313 
690 229 
2848 2848 
5843 17529 
2647 7941 
1700 5100 
5075 1691 
2853 2853 
1221 406 
2104 6312 
1030 3090 
2915 8745 
2535 2535 
4798 14394 
2402 800 
5279 15837 
3674 3674 
2340 7020 
4761 14283 
1017 3051 
2929 2929 
2416 2416 
2976 2976 
1192 3576 
2154 2154 
198 594 
3847 3847 
3033 3033 
3365 10095 
530 1590 
2433 2433 
3385 3385 
3136 9408 
1600 4800 
3846 3846 
2570 2570 
3526 3526 
5757 17271 
1618 538 
5037 15111 
502 1506 
5359 16077 
3514 10542 
3540 3540 
3038 3038 
1697 5091 
4524 1507 
3215 3215 
1601 533 
3668 3668 
5237 15711 
5666 16998 
2411 803 
1295 3885 
3372 10116 
3382 3382 
2541 2541 
2012 670 
1311 3933 
5600 16800 
3944 3944 
1231 409 
1120 372 
2812 936 
4516 1504 
2326 774 
4127 12381 
3002 3002 
2646 7938 
510 169 
2569 2569 
1698 565 
2260 6780 
2349 7047 
417 1251 
3760 11280 
5672 17016 
3927 1308 
4872 14616 
698 2094 
4787 1595 
1819 605 
1355 451 
2417 7251 
4885 14655 
2453 817 
1770 5310 
131 43 
2932 8796 
3934 1310 
2033 677 
1062 353 
2469 2469 
3041 9123 
2187 2187 
3258 9774 
590 196 
4969 1655 
3878 11634 
2565 2565 
3874 3874 
2034 677 
2506 834 
3982 1326 
1293 3879 
2844 2844 
5748 1915 
3251 9753 
1287 3861 
5679 17037 
3804 1267 
3367 3367 
5553 16659 
2648 2648 
5055 15165 
607 201 
3240 3240 
2581 7743 
5719 17157 
694 230 
1851 616 
582 1746 
2787 8361 
870 2610 
2657 885 
2335 777 
2471 2471 
619 205 
3466 1154 
3362 3362 
763 2289 
2406 801 
2304 2304 
3999 3999 
4457 13371 
3975 3975 
2177 2177 
820 2460 
5919 17757 
4822 1606 
575 1725 
2008 668 
3230 3230 
4254 1417 
2056 6168 
2023 2023 
5308 1768 
1515 504 
2325 2325 
2843 8529 
3827 3827 
1667 5001 
4709 14127 
2075 2075 
3721 3721 
639 1917 
4137 12411 
5284 15852 
1536 4608 
5676 17028 
2201 2201 
2361 2361 
3366 3366 
2771 8313 
3285 1094 
3232 3232 
902 2706 
1704 567 
3868 1288 
4009 12027 
965 2895 
4440 1479 
3116 3116 
2593 2593 
2647 2647 
3738 3738 
462 1386 
2374 7122 
3312 3312 
3538 3538 
932 2796 
2283 2283 
1897 5691 
3768 3768 
1037 3111 
1895 5685 
4268 1422 
3728 11184 
3041 1013 
1558 518 
3049 1015 
3081 3081 
1372 456 
2522 2522 
3026 1008 
5009 1669 
3025 9075 
513 1539 
2234 2234 
3722 3722 
1453 4359 
3881 1293 
2062 686 
3804 11412 
3864 11592 
3258 3258 
5746 17238 
2248 2248 
2083 693 
3469 3469 
2858 2858 
1907 635 
2662 2662 
5902 17706 
1572 523 
3115 1037 
3611 3611 
1046 3138 
1364 454 
2576 7728 
595 1785 
5012 15036 
5155 15465 
3302 3302 
3016 3016 
3852 3852 
3010 1002 
5799 17397 
5164 15492 
3841 3841 
3541 10623 
2056 2056 
3735 3735 
2971 989 
3129 1042 
3516 1171 
512 1536 
2056 684 
2106 2106 
3085 9255 
823 273 
2545 2545 
2958 985 
2410 2410 
3162 9486 
2921 8763 
1513 503 
2813 2813 
2475 2475 
4630 1542 
4325 12975 
2452 2452 
1445 4335 
397 1191 
2655 2655 
465 154 
3575 3575 
3460 10380 
3634 1210 
5076 1691 
2073 2073 
3897 1298 
2244 2244 
1510 502 
4204 1400 
4677 1558 
3964 3964 
5219 1739 
4996 1664 
3832 3832 
2407 7221 
3641 3641 
2405 7215 
3592 3592 
4225 12675 
3425 1141 
4348 13044 
4276 1424 
3969 1322 
1080 3240 
1062 3186 
3097 3097 
3986 3986 
4018 12054 
3558 3558 
2910 969 
3471 1156 
27 81 
3366 10098 
3533 10599 
3238 3238 
3507 10521 
3161 9483 
4625 1541 
750 249 
3378 3378 
5036 1678 
2190 2190 
3829 3829 
136 408 
3451 10353 
2681 2681 
2196 2196 
5548 16644 
4267 1421 
1319 3957 
3911 11733 
5380 1792 
2583 2583 
2855 2855 
3531 3531 
2898 8694 
1887 628 
3130 3130 
1142 380 
2747 2747 
3230 9690 
5542 1846 
2360 2360 
3864 1287 
3987 3987 
1922 5766 
1436 4308 
3998 3998 
3358 10074 
2367 2367 
3926 3926 
5037 1678 
4832 14496 
5543 1847 
218 654 
4782 14346 
3166 3166 
3570 3570 
4887 14661 
1430 4290 
4688 14064 
468 155 
2174 6522 
790 262 
3130 9390 
4658 1552 
5877 17631 
110 36 
4261 12783 
2167 6501 
3463 10389 
3440 10320 
5934 1977 
3463 3463 
5864 1954 
3369 10107 
426 141 
2398 798 
4535 13605 
2509 2509 
5158 15474 
2599 2599 
3640 3640 
5595 16785 
3504 3504 
2908 2908 
3136 3136 
2672 2672 
1470 4410 
3564 10692 
3144 1047 
2278 2278 
1351 4053 
5222 1740 
3070 3070 
5118 15354 
2358 2358 
413 137 
3855 1284 
4019 12057 
2331 776 
2048 2048 
2840 2840 
3752 3752 
2016 2016 
1935 5805 
2926 974 
3839 1279 
2204 734 
1115 3345 
2047 2047 
2748 8244 
5536 1844 
4701 14103 
5103 15309 
411 1233 
5276 1758 
2129 709 
3552 3552 
2124 707 
1140 379 
1576 524 
4937 1645 
5323 15969 
5988 17964 
3321 3321 
1162 386 
2920 8760 
3182 1060 
2670 2670 
3794 3794 
3091 3091 
3521 3521 
3049 3049 
3473 3473 
4201 12603 
5545 16635 
2098 698 
2045 2045 
2034 2034 
4752 14256 
3268 3268 
790 2370 
2954 8862 
505 1515 
5687 17061 
2976 8928 
3576 3576 
935 2805 
2967 988 
3191 1063 
5185 1727 
1399 465 
2148 715 
52 16 
2839 945 
5296 1764 
5379 16137 
2306 2306 
1793 597 
523 1569 
3898 11694 
5381 1793 
3645 1214 
4154 1384 
3158 3158 
2898 2898 
3169 3169 
5348 1782 
4961 1653 
2841 2841 
3631 1209 
2364 2364 
637 211 
5660 1886 
4653 13959 
3805 3805 
351 116 
344 114 
3342 3342 
5893 1963 
2547 2547 
1404 4212 
2592 2592 
1180 3540 
2771 923 
5983 1993 
2080 6240 
5980 17940 
4400 1466 
5013 15039 
2087 2087 
2903 2903 
291 96 
3465 3465 
4226 1408 
2397 7191 
2014 670 
3275 3275 
3175 3175 
3758 3758 
4526 1508 
3797 11391 
2128 2128 
330 990 
2752 2752 
2614 7842 
3048 9144 
3030 3030 
2310 2310 
888 2664 
2694 2694 
3290 3290 
1985 5955 
286 858 
3535 3535 
3615 1204 
1981 659 
132 396 
5418 16254 
2467 2467 
1757 5271 
3492 1163 
4718 14154 
4314 1437 
5000 1666 
1604 534 
962 2886 
2488 2488 
4392 1463 
5431 16293 
2466 821 
2887 2887 
2849 2849 
5993 1997 
47 141 
4012 1336 
1376 458 
3809 1269 
2630 876 
5171 15513 
2886 2886 
3115 3115 
3550 3550 
1223 3669 
3022 3022 
2593 7779 
1742 580 
1733 577 
2728 2728 
2629 875 
2611 2611 
609 1827 
1048 348 
2223 6669 
4959 14877 
3548 3548 
3741 11223 
2499 832 
246 81 
151 453 
3953 11859 
1285 3855 
3281 3281 
2114 704 
2902 8706 
5137 1711 
2400 2400 
4565 1521 
1239 3717 
5038 1678 
3627 10881 
5050 1682 
3554 3554 
3703 3703 
3085 3085 
4857 14571 
1884 5652 
2393 2393 
3630 3630 
5202 1733 
249 747 
5711 17133 
2852 2852 
2166 6498 
3134 9402 
1992 663 
2973 8919 
2984 994 
3870 3870 
2980 2980 
2969 2969 
1074 3222 
3062 1020 
4916 1638 
2794 2794 
2756 2756 
2055 684 
2222 2222 
3932 3932 
457 1371 
4790 1596 
215 71 
4120 12360 
949 2847 
4590 1529 
5404 1800 
1878 625 
3170 1056 
4573 13719 
2617 871 
3117 9351 
3930 3930 
4323 12969 
5313 1770 
3317 1105 
3352 3352 
3480 3480 
2110 2110 
2078 6234 
2956 984 
3257 3257 
2279 2279 
425 1275 
3675 3675 
2661 2661 
677 2031 
615 1845 
1329 442 
4439 13317 
2927 975 
4046 12138 
3034 3034 
3056 3056 
2825 2825 
2404 7212 
703 2109 
4547 1515 
3001 999 
2450 2450 
295 885 
4594 13782 
2498 2498 
1416 4248 
939 312 
4090 1362 
5088 1695 
924 2772 
3182 9546 
2273 6819 
2377 2377 
5466 16398 
4863 1620 
3967 3967 
2853 950 
2678 2678 
750 2250 
2219 739 
2064 2064 
5081 1693 
5054 15162 
2093 2093 
3160 3160 
4150 1382 
3277 9831 
3287 9861 
2588 7764 
5999 1999 
1848 615 
5099 15297 
5554 16662 
2891 963 
2595 2595 
5374 1790 
765 2295 
2182 2182 
3190 3190 
3137 3137 
2364 7092 
3320 3320 
1905 5715 
4715 14145 
5848 1948 
2586 2586 
403 1209 
4675 14025 
4464 1487 
3351 3351 
3466 3466 
1292 3876 
4347 13041 
2030 6090 
2225 6675 
377 125 
2191 2191 
2693 8079 
5759 1919 
1033 343 
3112 3112 
2507 7521 
5871 1956 
4191 12573 
4962 1653 
1290 429 
5383 16149 
392 130 
2646 2646 
3023 9069 
3723 1240 
4273 1423 
4154 12462 
2535 7605 
2010 6030 
2511 2511 
3292 3292 
2841 946 
381 126 
2405 2405 
688 2064 
172 516 
2820 2820 
187 61 
3234 3234 
170 56 
2636 2636 
1906 634 
5226 1741 
517 1551 
2418 2418 
3912 11736 
1663 4989 
383 127 
3068 1022 
1306 434 
3723 3723 
4097 12291 
4030 12090 
4008 12024 
3482 1160 
3083 3083 
3544 3544 
1386 4158 
2762 8286 
2418 805 
2125 2125 
1151 3453 
5226 15678 
5145 15435 
3597 3597 
3865 3865 
5119 15357 
1303 433 
3715 3715 
2468 2468 
3772 3772 
2404 2404 
2900 2900 
4385 1461 
3878 3878 
2582 7746 
3816 1271 
3845 11535 
5457 1818 
370 122 
3238 9714 
604 200 
2257 2257 
4304 1434 
1871 623 
5643 1880 
4110 12330 
777 258 
1865 621 
4928 1642 
3617 3617 
389 129 
2769 2769 
3786 11358 
1154 384 
373 123 
3672 1223 
2664 2664 
4850 1616 
1630 542 
5882 1960 
2006 2006 
2385 7155 
55 165 
3462 1153 
2879 2879 
213 70 
2588 2588 
5809 1935 
2070 2070 
5872 17616 
5048 15144 
3432 3432 
5490 16470 
3299 3299 
3670 3670 
4972 1656 
1178 3534 
5179 1725 
5942 17826 
1159 3477 
324 972 
2308 6924 
2329 2329 
1038 3114 
2622 2622 
4475 13425 
3618 1205 
3672 3672 
1439 479 
5967 17901 
5980 1992 
1867 621 
591 1773 
4861 1619 
1432 4296 
2409 7227 
1564 4692 
3764 1254 
5840 1946 
2951 8853 
1826 608 
2745 2745 
2336 2336 
3436 3436 
365 121 
4777 14331 
450 1350 
1451 4353 
3935 1311 
3652 3652 
5935 17805 
3141 1046 
3531 10593 
2535 844 
4532 1510 
718 238 
999 332 
3247 3247 
3491 1163 
2690 2690 
2247 748 
874 290 
3256 9768 
5064 1687 
3896 3896 
269 89 
