6500 2000
3161 1053 
5554 16662 
4262 12786 
3643 3643 
3239 9717 
3436 3436 
1784 5352 
3758 11274 
2714 904 
3823 11469 
4748 1582 
2746 914 
2809 2809 
5182 15546 
2177 725 
2177 2177 
2020 672 
2480 2480 
5638 16914 
288 95 
2046 681 
4650 1549 
3604 10812 
2611 869 
2633 7899 
3152 1050 
4268 1422 
1926 5778 
2170 2170 
2427 2427 
312 936 
2696 8088 
2552 7656 
4202 4202 
4436 1478 
3534 3534 
2619 872 
1684 5052 
4116 4116 
333 110 
6166 2054 
4188 4188 
1349 4047 
5891 1963 
2569 2569 
2496 2496 
3126 3126 
2823 2823 
2697 2697 
3317 1105 
4302 12906 
3073 3073 
1914 637 
4990 14970 
3654 1217 
3679 3679 
3751 3751 
3999 11997 
5085 1694 
5284 15852 
3033 9099 
5812 17436 
531 176 
4532 1510 
233 699 
2969 989 
4238 1412 
4894 14682 
2910 2910 
2020 6060 
3063 9189 
3482 3482 
905 2715 
3025 1007 
4470 1489 
584 194 
709 2127 
2217 2217 
2369 2369 
2524 2524 
253 83 
529 1587 
3628 1208 
2376 791 
5228 1742 
3207 3207 
3175 3175 
3650 3650 
2663 887 
2642 880 
2590 7770 
3823 3823 
2706 2706 
2815 2815 
2662 2662 
993 330 
3692 11076 
5626 1874 
3193 3193 
2913 8739 
1754 5262 
2778 2778 
5575 1857 
2583 7749 
4215 12645 
3670 11010 
4387 13161 
3906 3906 
2648 2648 
176 528 
2302 2302 
2173 2173 
2780 926 
3907 1301 
1663 553 
3824 3824 
4119 4119 
3283 1093 
479 159 
5507 16521 
1270 3810 
2269 2269 
1437 4311 
2308 2308 
4526 1508 
4399 1465 
5154 15462 
180 59 
511 169 
3538 3538 
764 254 
1121 3363 
93 30 
3633 1210 
970 2910 
1246 3738 
2175 2175 
3091 3091 
4594 1530 
1860 619 
4373 13119 
6029 18087 
1073 3219 
5613 1870 
763 2289 
2334 777 
4877 1625 
3959 11877 
3287 1095 
211 633 
2294 764 
424 140 
4585 1527 
1654 550 
2864 8592 
4266 4266 
2543 2543 
2591 7773 
688 2064 
2912 970 
5284 1760 
4313 1437 
3039 3039 
929 309 
2730 2730 
2959 2959 
6110 18330 
3602 1200 
5238 1745 
2420 2420 
5323 15969 
2088 6264 
4300 4300 
3105 9315 
5846 17538 
3422 3422 
3341 3341 
116 348 
2240 2240 
4969 1655 
3339 3339 
2483 827 
6015 18045 
3070 3070 
2714 2714 
3539 10617 
6195 18585 
218 654 
3526 3526 
4200 4200 
2445 2445 
2701 8103 
33 10 
3938 11814 
1498 4494 
3833 3833 
846 281 
1277 425 
4150 4150 
2334 2334 
4473 1490 
3748 3748 
4376 13128 
995 331 
326 108 
397 131 
321 106 
5181 1726 
4230 1409 
6437 2145 
2621 2621 
1364 4092 
3577 3577 
6456 19368 
4100 4100 
1259 419 
2682 893 
2875 8625 
2741 2741 
5481 16443 
41 13 
4144 1380 
2533 2533 
5993 17979 
5992 1996 
2358 2358 
4982 14946 
2512 2512 
2939 2939 
4854 1617 
4746 14238 
5553 16659 
2794 2794 
5376 16128 
3502 3502 
3747 3747 
3371 3371 
3522 10566 
6416 19248 
722 2166 
3127 1041 
3330 3330 
2451 2451 
4020 12060 
3875 1291 
2521 7563 
5628 16884 
2970 2970 
4350 1449 
2382 2382 
806 268 
6072 18216 
5917 1971 
5565 16695 
5856 17568 
6030 18090 
4006 4006 
4205 4205 
3500 3500 
2393 797 
4416 1471 
2451 7353 
2055 684 
5716 1904 
1354 450 
3110 3110 
3664 3664 
1775 5325 
1176 3528 
2695 2695 
4197 4197 
3618 3618 
3447 3447 
120 39 
3477 1158 
3142 9426 
4204 12612 
3489 3489 
3906 11718 
4790 14370 
3902 3902 
6272 2090 
3825 3825 
1310 436 
6230 18690 
2684 2684 
2591 863 
3506 1168 
3702 3702 
4130 12390 
4057 12171 
3475 3475 
3725 3725 
4773 1590 
6107 18321 
4309 4309 
2342 2342 
5069 1689 
4904 14712 
59 19 
401 133 
2741 8223 
4325 4325 
1198 398 
6335 19005 
6401 19203 
2441 2441 
3414 3414 
5889 17667 
2969 2969 
1262 3786 
4331 1443 
2356 2356 
2658 2658 
4072 1356 
1636 4908 
4199 12597 
3774 3774 
3063 1020 
98 294 
2927 975 
1592 4776 
3638 1212 
5727 17181 
5500 16500 
4093 4093 
1448 482 
1059 3177 
4311 4311 
1322 440 
1459 4377 
2325 2325 
3787 3787 
4471 1489 
2931 976 
2443 7329 
3557 3557 
4756 14268 
4224 4224 
2935 2935 
2949 8847 
2104 6312 
5810 17430 
684 227 
3402 3402 
6295 2097 
2759 8277 
2578 858 
2630 876 
6147 18441 
1955 651 
636 211 
215 71 
3935 3935 
2598 2598 
3772 3772 
776 258 
4452 13356 
3567 1188 
2219 2219 
3508 10524 
1743 5229 
1909 5727 
3514 3514 
2539 2539 
292 876 
2169 6507 
4105 4105 
4009 12027 
1804 5412 
3910 1302 
4165 12495 
2097 6291 
3678 3678 
6287 18861 
4094 4094 
4239 12717 
4075 1357 
3325 3325 
1774 590 
2780 2780 
1701 5103 
5109 1702 
6357 19071 
2987 2987 
5423 16269 
5077 15231 
5090 1696 
807 268 
1429 4287 
4726 1574 
3009 3009 
581 1743 
2404 2404 
3673 3673 
2182 2182 
470 156 
2504 2504 
4634 13902 
5666 1888 
4873 14619 
940 312 
3417 10251 
5359 16077 
5560 1852 
3690 3690 
5461 1819 
738 2214 
1094 364 
4297 4297 
4223 1407 
2933 8799 
347 115 
540 179 
6274 2090 
6333 18999 
4203 12609 
943 313 
3454 3454 
6212 18636 
4206 4206 
6101 2033 
651 216 
1111 369 
204 67 
4274 1424 
5427 16281 
583 193 
3081 3081 
3118 3118 
1157 385 
4642 1546 
2726 2726 
2657 885 
1791 5373 
4205 12615 
1246 414 
4129 4129 
3040 3040 
3578 10734 
856 284 
3920 11760 
681 226 
3793 11379 
596 1788 
3431 3431 
2224 2224 
798 2394 
2284 6852 
2773 2773 
4390 1462 
1383 4149 
3931 3931 
3476 3476 
2562 2562 
1800 599 
1655 4965 
3492 3492 
3256 3256 
3083 3083 
4559 13677 
3169 3169 
802 266 
4244 12732 
3255 3255 
567 1701 
1474 490 
5689 17067 
5424 16272 
4146 1381 
2075 691 
5350 1782 
2816 938 
2499 7497 
3371 1123 
1604 534 
1693 5079 
6003 2000 
4492 13476 
902 2706 
5111 1703 
2743 2743 
4294 4294 
1067 355 
3733 1243 
3897 3897 
2541 2541 
4279 12837 
4229 1409 
2716 904 
2508 7524 
3071 3071 
3830 3830 
2204 2204 
3889 3889 
5966 17898 
3095 3095 
2719 2719 
6467 2155 
6427 19281 
5373 16119 
791 2373 
2432 2432 
2842 2842 
2471 823 
2738 2738 
4212 4212 
4944 14832 
3335 10005 
6162 18486 
6334 19002 
2362 786 
2385 2385 
3901 3901 
3884 3884 
3098 1032 
5980 17940 
2902 8706 
5512 1836 
4450 1482 
824 2472 
2475 2475 
5351 1783 
5336 16008 
5274 1757 
847 281 
5501 1833 
6448 2148 
2578 2578 
4266 1421 
4447 13341 
3716 3716 
2597 2597 
3808 3808 
4257 4257 
39 117 
2955 2955 
6040 18120 
2071 689 
2044 6132 
2171 2171 
4613 13839 
3103 3103 
3339 10017 
4059 4059 
2490 829 
1471 489 
1403 467 
2761 2761 
6444 2147 
2113 703 
3061 1019 
2750 2750 
5782 1926 
3784 3784 
4172 4172 
4514 1504 
5251 1749 
898 298 
1158 385 
3625 1207 
5447 1815 
2966 2966 
2437 7311 
6210 2069 
3486 10458 
2086 6258 
5491 1829 
2228 742 
3450 1149 
4493 1497 
4842 14526 
1629 542 
802 2406 
2301 2301 
3622 10866 
2560 2560 
3973 3973 
6128 18384 
2893 2893 
4132 4132 
2674 8022 
3289 1095 
3490 1162 
2260 752 
2078 692 
4634 1544 
2211 2211 
670 222 
2121 706 
2140 6420 
4830 1609 
1765 5295 
4763 1587 
6213 2070 
5619 1872 
1127 3381 
1646 4938 
6214 2070 
3063 3063 
2446 2446 
5879 1959 
2826 2826 
5457 1818 
3645 3645 
1766 588 
1527 4581 
4254 1417 
3603 10809 
5556 16668 
4844 14532 
3418 3418 
3157 9471 
3298 3298 
5586 1861 
1268 3804 
2374 7122 
3819 3819 
2378 2378 
3409 1135 
2365 2365 
659 1977 
6143 18429 
5826 1941 
3257 3257 
4076 4076 
909 2727 
3107 1035 
4958 1652 
5498 16494 
2706 901 
4255 4255 
4259 12777 
3056 9168 
2795 2795 
2426 7278 
3637 10911 
3147 3147 
4425 13275 
1748 5244 
1519 4557 
4109 4109 
5178 1725 
3240 3240 
2674 2674 
2053 6159 
3553 10659 
3969 1322 
5880 1959 
2760 2760 
3494 10482 
3932 3932 
6268 18804 
283 849 
2363 2363 
4489 1495 
2573 7719 
2892 2892 
3038 3038 
181 59 
2261 2261 
5995 17985 
5122 1706 
5200 1732 
2408 2408 
2354 784 
4315 4315 
2625 7875 
3233 3233 
3405 10215 
3222 3222 
3664 10992 
1835 611 
2163 720 
4303 4303 
6144 2047 
2297 765 
395 131 
3744 3744 
31 93 
3375 1124 
4376 1458 
4022 4022 
4106 4106 
167 501 
6235 18705 
5086 1694 
3894 11682 
1593 4779 
3837 3837 
4725 1574 
1317 3951 
5430 16290 
3336 3336 
2771 2771 
2589 2589 
415 1245 
1044 3132 
3979 3979 
2881 2881 
1115 3345 
162 53 
1275 3825 
2492 830 
2132 710 
188 62 
2334 7002 
4174 4174 
2267 6801 
945 314 
2467 2467 
4782 1593 
379 125 
3269 1089 
4933 14799 
6222 2073 
4860 14580 
1862 620 
1703 5109 
4173 4173 
3405 3405 
3990 3990 
4143 1380 
4031 4031 
522 1566 
3055 3055 
2938 2938 
5717 1905 
3898 3898 
4191 1396 
5834 17502 
3248 1082 
4221 4221 
109 35 
2542 846 
3129 3129 
4258 4258 
4272 4272 
2410 7230 
4626 13878 
5531 1843 
3026 3026 
2980 2980 
1477 4431 
5918 1972 
1736 578 
3324 1107 
4972 14916 
3354 10062 
32 96 
6264 2087 
5377 16131 
1610 536 
3075 3075 
245 81 
1862 5586 
5817 1938 
4312 4312 
458 152 
2336 778 
1637 545 
2264 2264 
1184 3552 
4171 4171 
5701 1899 
3017 9051 
3109 3109 
4179 4179 
5185 1727 
2868 955 
3607 3607 
4522 1506 
6439 2145 
4736 1578 
1327 3981 
3592 10776 
3556 3556 
2708 2708 
2935 8805 
3086 3086 
3218 3218 
965 321 
5170 1722 
4113 1370 
4096 4096 
1144 380 
2328 2328 
1438 4314 
3769 11307 
3596 3596 
2999 2999 
2420 7260 
6424 19272 
2307 768 
864 287 
6292 2096 
1101 366 
1011 3033 
3515 3515 
4459 1485 
3956 1318 
778 2334 
3481 3481 
2622 2622 
2580 2580 
3573 3573 
3097 3097 
3968 11904 
5762 17286 
3236 9708 
789 262 
4088 12264 
3753 3753 
6077 18231 
5858 1952 
2422 7266 
2506 834 
3112 3112 
773 2319 
5352 16056 
3595 1197 
3567 10701 
374 124 
3687 3687 
2377 2377 
2803 2803 
4718 1572 
2263 2263 
3426 3426 
3401 3401 
4099 4099 
979 2937 
1211 3633 
3340 3340 
1136 3408 
3816 3816 
4108 1368 
787 261 
2497 2497 
3432 3432 
2410 802 
4304 1434 
4337 1445 
1758 5274 
4149 1382 
3400 1132 
2326 2326 
3135 3135 
4735 1577 
3321 3321 
2796 2796 
883 2649 
573 190 
976 324 
1753 5259 
2236 2236 
3693 11079 
269 807 
1975 657 
3377 10131 
2664 2664 
3039 9117 
3004 9012 
3511 3511 
2788 2788 
717 238 
6120 2039 
2917 971 
3571 3571 
2126 6378 
3813 3813 
2767 921 
848 282 
314 104 
3627 3627 
3259 3259 
5314 1770 
4090 12270 
1740 579 
4299 4299 
24 72 
3239 3239 
2285 2285 
5765 17295 
2577 858 
3442 10326 
3638 10914 
4170 4170 
4922 14766 
4210 4210 
2228 2228 
4463 1487 
3140 9420 
3397 1131 
163 489 
4849 1615 
6069 2022 
3042 3042 
4282 4282 
2626 2626 
6426 2141 
3722 3722 
2530 2530 
4097 1365 
3302 1100 
3312 3312 
1935 644 
2203 2203 
2191 6573 
3773 11319 
3088 3088 
6351 19053 
2319 772 
2976 2976 
3000 3000 
4364 1454 
1643 4929 
4705 14115 
2798 2798 
2379 7137 
752 250 
4178 4178 
5747 17241 
4188 12564 
32 10 
2554 2554 
3144 1047 
2924 8772 
3665 1221 
5404 16212 
2677 2677 
2755 2755 
3445 1147 
933 310 
2765 2765 
4279 4279 
2456 7368 
5540 16620 
299 99 
3016 1004 
1187 3561 
2909 2909 
1542 513 
5280 1759 
2332 776 
2007 668 
508 1524 
4921 1639 
46 138 
2387 2387 
2623 873 
3930 3930 
3570 3570 
5534 16602 
4153 12459 
3728 1242 
1036 344 
4174 1390 
2495 2495 
440 1320 
3460 1152 
3249 9747 
2789 2789 
4886 14658 
2651 883 
2750 8250 
3078 3078 
3474 3474 
3588 3588 
4175 4175 
2383 793 
2217 6651 
3775 3775 
5242 1746 
3275 3275 
4164 12492 
2185 2185 
2779 2779 
2609 7827 
3637 3637 
345 1035 
3776 1258 
5315 1771 
2552 2552 
5558 1852 
2936 2936 
2550 2550 
6241 18723 
4668 1555 
5333 15999 
2869 2869 
2149 6447 
1457 4371 
6396 19188 
5557 16671 
2305 2305 
3591 3591 
2695 897 
5162 1720 
4117 4117 
5125 15375 
3863 3863 
3085 9255 
2715 8145 
2289 2289 
3795 3795 
3120 1039 
5438 1812 
6305 2101 
6470 19410 
6475 19425 
831 276 
4362 1453 
358 1074 
1056 3168 
978 325 
6191 18573 
2747 2747 
1528 4584 
2851 949 
4076 1358 
1671 5013 
71 23 
5258 15774 
4038 4038 
1884 627 
2971 2971 
5847 1948 
2866 2866 
2275 2275 
6485 2161 
1555 4665 
2806 8418 
1648 4944 
2426 2426 
3352 3352 
881 293 
3158 3158 
3354 3354 
4599 13797 
5137 15411 
3768 3768 
6486 19458 
3073 1023 
2942 2942 
3865 3865 
3370 1122 
2791 2791 
3424 3424 
3913 3913 
1125 374 
3772 11316 
144 47 
2486 2486 
2273 2273 
3473 1157 
3377 3377 
5032 15096 
4067 1355 
4383 13149 
5565 1854 
3440 10320 
557 185 
1130 376 
3163 3163 
3503 10509 
924 2772 
2670 889 
6075 2024 
4613 1537 
1070 3210 
259 85 
3493 3493 
5568 1855 
6269 18807 
1370 4110 
685 2055 
5044 1680 
2962 8886 
5686 1894 
2396 2396 
3728 3728 
1866 621 
3809 1269 
3235 3235 
5769 17307 
3947 3947 
146 438 
2190 2190 
2612 2612 
4816 1604 
1638 4914 
2897 2897 
6247 2081 
3597 3597 
2398 2398 
566 1698 
3177 3177 
3836 3836 
3517 10551 
6319 18957 
3447 10341 
3486 3486 
1885 627 
3876 11628 
2286 2286 
949 315 
1225 3675 
2374 2374 
3115 1037 
2709 902 
3120 3120 
862 286 
2676 2676 
25 7 
3814 3814 
2920 2920 
2299 765 
3300 9900 
180 540 
503 167 
5104 15312 
605 201 
6240 18720 
5681 1893 
2759 919 
1293 3879 
3106 3106 
2790 2790 
2966 988 
1342 446 
2888 962 
3759 3759 
3970 3970 
4436 13308 
4274 4274 
633 1899 
4494 1497 
6435 2144 
6038 18114 
819 272 
2440 2440 
2564 2564 
5853 1950 
173 57 
4088 4088 
1557 4671 
6377 2125 
3532 1176 
3173 3173 
3873 11619 
2305 6915 
493 163 
3115 9345 
5726 17178 
3949 11847 
568 188 
3006 1001 
4747 14241 
2675 891 
1432 4296 
2591 2591 
1538 4614 
3297 3297 
2865 8595 
3966 3966 
461 1383 
2827 8481 
3027 3027 
2268 2268 
2877 958 
412 1236 
2646 2646 
2713 2713 
2027 6081 
1248 415 
217 71 
4046 12138 
652 1956 
5424 1807 
1233 410 
6142 18426 
85 255 
3348 3348 
2323 2323 
4859 14577 
2090 6270 
1014 337 
2293 2293 
3549 3549 
4444 1480 
2991 2991 
4363 1453 
6144 18432 
2070 689 
3758 3758 
4974 14922 
2247 2247 
3730 3730 
3410 3410 
374 1122 
3154 3154 
1183 3549 
246 81 
2754 917 
6114 18342 
1638 545 
6036 2011 
794 2382 
3446 3446 
3878 11634 
164 492 
2916 2916 
2830 2830 
2582 2582 
2638 878 
2574 2574 
3347 3347 
3926 1308 
3008 9024 
983 327 
3223 1073 
4915 1637 
3090 3090 
658 1974 
3116 1038 
4414 13242 
1940 646 
2517 7551 
2524 7572 
519 1557 
3960 3960 
728 242 
3991 3991 
5321 1773 
4152 4152 
4134 4134 
3896 11688 
2225 2225 
4331 4331 
1421 4263 
2335 777 
2785 8355 
2454 2454 
3533 3533 
3524 3524 
4068 4068 
3283 9849 
4081 4081 
1645 547 
3861 3861 
3856 1284 
2505 7515 
2123 6369 
3358 3358 
190 62 
4092 4092 
1843 5529 
3769 3769 
3309 9927 
521 1563 
1050 3150 
3871 3871 
2535 844 
5330 15990 
2963 2963 
4009 4009 
4730 14190 
3927 3927 
2790 929 
4364 13092 
1759 5277 
4306 4306 
2297 2297 
3625 3625 
3329 3329 
3282 3282 
3743 3743 
3497 10491 
3407 1135 
2285 761 
5400 16200 
3181 3181 
6106 18318 
4478 13434 
3329 9987 
297 891 
3074 1024 
3945 3945 
2897 965 
3353 1117 
4304 12912 
3606 3606 
5400 1799 
1780 5340 
3411 3411 
797 265 
2418 2418 
3742 11226 
1363 453 
5642 16926 
5890 1962 
2694 897 
2230 6690 
5442 16326 
5900 17700 
1024 3072 
4481 1493 
919 2757 
3143 3143 
4611 13833 
3933 3933 
3727 3727 
5067 1688 
5981 17943 
3210 1069 
3021 9063 
3624 3624 
4701 14103 
5227 15681 
2768 2768 
4178 1392 
3790 3790 
3305 3305 
2099 6297 
3782 3782 
3642 3642 
4101 4101 
1166 3498 
809 2427 
4997 14991 
131 393 
2547 2547 
3531 10593 
2687 2687 
2737 911 
2492 2492 
4140 4140 
1857 5571 
3176 9528 
3058 3058 
3159 3159 
2858 2858 
5603 1867 
3846 3846 
531 1593 
3110 9330 
1006 334 
4737 14211 
2428 7284 
2631 2631 
3336 1111 
547 181 
3780 1259 
3711 3711 
3525 1174 
3837 11511 
6360 2119 
381 1143 
1088 3264 
3988 3988 
4088 1362 
638 212 
760 252 
6249 2082 
2349 2349 
4892 14676 
958 2874 
6500 19500 
4037 1345 
4367 1455 
3037 3037 
2604 2604 
2984 2984 
3286 3286 
720 2160 
3406 3406 
4147 12441 
1294 430 
1377 458 
3199 9597 
4698 14094 
860 286 
3648 3648 
4053 4053 
2471 7413 
2702 2702 
3951 3951 
2558 2558 
1796 598 
142 46 
877 2631 
3558 3558 
3583 10749 
3037 1011 
1725 5175 
4229 4229 
3250 3250 
5259 15777 
5292 15876 
3051 3051 
4032 4032 
2382 793 
3080 3080 
1393 463 
2879 959 
77 25 
2701 2701 
4639 13917 
4978 14934 
3179 3179 
3934 3934 
3665 3665 
4533 1510 
3494 3494 
2957 2957 
2885 2885 
3516 3516 
4895 14685 
1939 5817 
320 960 
3281 3281 
2147 715 
1237 3711 
3291 3291 
324 972 
408 1224 
3472 3472 
4504 1500 
3586 10758 
4581 1526 
2267 2267 
2918 2918 
3455 10365 
4342 1446 
883 293 
5848 1948 
1858 5574 
2174 2174 
599 1797 
3948 3948 
2694 2694 
2830 8490 
3763 3763 
3555 3555 
2513 837 
1402 4206 
6175 18525 
3185 3185 
1842 5526 
3152 3152 
1459 485 
1492 4476 
1364 454 
3827 3827 
4979 1659 
2254 750 
4020 4020 
4241 4241 
5315 15945 
591 1773 
6366 19098 
119 357 
4486 1494 
559 185 
5842 1946 
4247 4247 
5774 1924 
3225 3225 
4245 4245 
4025 4025 
2134 6402 
384 127 
4251 4251 
2406 2406 
5429 16287 
4244 1414 
2704 2704 
3178 1058 
2495 831 
2286 761 
2278 2278 
4043 4043 
899 2697 
5922 17766 
3873 3873 
1452 4356 
3874 3874 
50 150 
6187 2061 
5672 17016 
4149 4149 
3706 3706 
2179 2179 
2725 2725 
1710 5130 
2990 2990 
5405 1801 
2390 2390 
241 723 
6007 2001 
5217 15651 
4177 4177 
4062 4062 
3054 3054 
4728 14184 
2317 2317 
5920 17760 
4162 4162 
4656 13968 
5361 16083 
2786 928 
3395 3395 
3213 1070 
4050 1349 
5622 16866 
5909 1969 
3293 3293 
3519 3519 
3338 3338 
2731 2731 
2614 2614 
2567 2567 
2692 2692 
2584 7752 
2699 2699 
4189 4189 
1816 604 
4666 1554 
2329 2329 
2998 2998 
3382 3382 
3468 3468 
2284 2284 
3509 1169 
1676 558 
1868 622 
4101 12303 
1127 375 
2559 7677 
711 236 
5683 1893 
6500 2166 
697 2091 
3817 11451 
4201 12603 
3656 1218 
4064 1354 
5474 1824 
4064 4064 
4296 1431 
385 127 
3390 10170 
1963 653 
2959 8877 
3373 3373 
5494 16482 
3874 1290 
855 2565 
3223 3223 
3184 3184 
1611 4833 
3786 1261 
2570 2570 
4225 4225 
5869 17607 
2057 6171 
3872 3872 
5676 17028 
4210 12630 
3745 1247 
838 2514 
4328 12984 
4567 1521 
4098 1365 
52 16 
2576 2576 
1075 3225 
1417 471 
1309 435 
5788 1928 
2534 2534 
1285 3855 
4256 4256 
5771 17313 
3788 3788 
1010 336 
4824 14472 
2788 928 
2899 2899 
2732 2732 
844 2532 
3579 10737 
3445 3445 
3144 3144 
485 1455 
3983 3983 
1831 5493 
4298 12894 
3553 1183 
1441 479 
2202 2202 
469 155 
2438 812 
3481 10443 
2735 2735 
3123 3123 
2947 8841 
2551 2551 
3574 3574 
2463 7389 
3420 10260 
3429 3429 
3844 3844 
3829 1275 
1840 612 
1116 3348 
2438 2438 
4508 1502 
2896 2896 
377 1131 
3867 3867 
1797 5391 
3980 1326 
4178 12534 
3718 1238 
1652 550 
2443 2443 
5664 16992 
3496 10488 
5411 16233 
373 1119 
5177 1725 
2721 906 
3652 10956 
2473 2473 
3713 3713 
3581 10743 
2859 952 
2907 968 
1608 535 
3053 1017 
5633 16899 
4853 14559 
5825 1941 
3050 3050 
6234 18702 
205 67 
2844 947 
3661 10983 
2137 711 
3130 3130 
4449 13347 
311 933 
1520 506 
4128 4128 
4256 12768 
3685 11055 
766 254 
2686 2686 
2535 2535 
5685 1894 
4139 4139 
1370 456 
5059 15177 
6205 18615 
1632 4896 
3822 3822 
2620 2620 
2474 824 
5842 17526 
4292 1430 
2770 2770 
2914 970 
4239 4239 
571 1713 
2863 2863 
3550 10650 
2100 6300 
2429 2429 
5738 1912 
593 197 
1642 4926 
1551 516 
5489 16467 
2199 732 
6020 18060 
2867 955 
1733 577 
3857 3857 
4884 1627 
2848 948 
4183 12549 
2832 2832 
5844 1947 
2277 2277 
4641 13923 
3458 3458 
2170 722 
3649 3649 
3267 3267 
4045 1347 
4352 1450 
4142 4142 
2864 2864 
855 284 
2632 876 
4141 4141 
2486 7458 
3684 3684 
5967 17901 
2887 2887 
3721 3721 
436 1308 
2095 6285 
4607 1535 
4360 1452 
2679 892 
3300 1099 
4152 12456 
2197 2197 
486 161 
4158 4158 
2074 6222 
6167 18501 
410 136 
4331 12993 
6012 2003 
4004 12012 
2310 2310 
4241 12723 
4265 1421 
4097 4097 
3660 3660 
6192 2063 
4323 12969 
102 33 
4766 1588 
3016 3016 
650 1950 
3624 1207 
1274 424 
3712 3712 
4817 1605 
524 174 
2392 2392 
1369 4107 
3817 3817 
4906 14718 
3328 3328 
2446 7338 
3760 3760 
3408 3408 
5537 1845 
6216 18648 
3210 3210 
357 1071 
5721 1906 
4259 4259 
3201 3201 
2251 2251 
149 447 
1905 5715 
2640 879 
2191 2191 
5141 15423 
2715 2715 
3288 3288 
5341 1779 
78 25 
331 109 
2318 2318 
2902 2902 
2469 2469 
206 618 
4401 13203 
106 34 
967 2901 
5728 1908 
4044 4044 
3708 3708 
3652 3652 
1304 434 
1060 352 
3646 3646 
5971 17913 
2746 2746 
4796 14388 
4220 4220 
1871 5613 
4878 1625 
3744 11232 
2556 2556 
2449 815 
3031 3031 
1133 3399 
2981 2981 
638 1914 
3437 1145 
6218 18654 
3968 1322 
3092 3092 
2477 2477 
2460 819 
3662 3662 
1236 411 
1305 3915 
1802 600 
5345 16035 
1190 396 
3165 3165 
5281 1759 
2620 872 
2332 2332 
6297 18891 
4196 4196 
1361 453 
1687 561 
4247 12741 
1706 568 
4089 4089 
3267 9801 
5910 17730 
3209 3209 
3917 3917 
5661 1886 
1728 5184 
5905 1967 
6233 2077 
3450 3450 
799 2397 
5165 15495 
553 1659 
2084 6252 
4156 1384 
2196 2196 
2523 7569 
4180 4180 
3115 3115 
5654 16962 
2903 967 
5795 1931 
3228 9684 
1666 4998 
54 162 
3328 9984 
5953 17859 
5984 1994 
3555 1184 
1900 5700 
3312 9936 
3219 9657 
2460 2460 
831 2493 
3029 3029 
4214 4214 
4377 1458 
4034 1344 
6463 19389 
3677 3677 
1348 448 
2751 2751 
6443 2147 
6164 2054 
3413 3413 
2019 672 
2762 2762 
4115 1371 
3166 3166 
1425 474 
1164 387 
4480 1492 
825 274 
991 2973 
2961 8883 
2192 2192 
2653 2653 
219 657 
4653 1550 
6198 18594 
3247 3247 
3529 1175 
3168 3168 
4108 4108 
5868 1955 
5733 17199 
3614 3614 
2509 7527 
4459 13377 
3767 3767 
6408 19224 
3611 3611 
2962 2962 
4445 13335 
496 1488 
5415 16245 
3737 3737 
5679 17037 
6257 2085 
3273 3273 
869 289 
4873 1623 
1113 370 
2052 683 
5667 17001 
2511 7533 
3620 1206 
54 17 
4752 1583 
5178 15534 
4333 1443 
3958 3958 
1484 494 
6464 2154 
38 114 
1626 4878 
2905 2905 
3422 1140 
2009 6027 
1247 415 
2365 7095 
4327 12981 
4636 1544 
5343 16029 
2343 2343 
1056 351 
3980 3980 
3217 3217 
1881 5643 
3274 3274 
2170 6510 
4223 4223 
2525 2525 
4418 1472 
2161 719 
1469 4407 
3835 1277 
2742 913 
2056 6168 
5024 15072 
5945 17835 
214 70 
5263 15789 
4190 1396 
2642 2642 
2566 2566 
2616 2616 
2752 916 
3579 1192 
108 35 
3242 3242 
1807 5421 
3813 1270 
702 233 
3561 3561 
2402 2402 
1222 3666 
3094 1030 
3768 1255 
3032 3032 
4033 4033 
3922 3922 
3748 1248 
3547 3547 
2320 2320 
1618 538 
3845 3845 
1154 384 
2532 843 
2954 984 
2814 937 
1730 576 
4249 4249 
2459 2459 
3630 3630 
4055 4055 
2540 2540 
2645 2645 
5700 17100 
3822 11466 
2603 7809 
3430 3430 
2905 967 
3960 1319 
2802 2802 
4296 4296 
2304 2304 
3583 3583 
2659 885 
1711 569 
2983 2983 
3218 9654 
1820 606 
1362 4086 
1041 3123 
6367 2121 
3215 9645 
4125 12375 
2821 939 
6370 2122 
3506 10518 
3584 3584 
3386 3386 
4394 13182 
1662 553 
2843 2843 
1942 5826 
1051 349 
4276 4276 
5242 15726 
4252 4252 
570 189 
3241 3241 
3444 3444 
2944 8832 
2766 2766 
2585 7755 
6267 2088 
3501 3501 
3549 10647 
3718 3718 
2883 2883 
2739 2739 
4466 13398 
2415 2415 
2256 2256 
4323 4323 
1574 524 
907 301 
4570 13710 
4814 14442 
3456 3456 
3961 11883 
3738 1245 
1391 463 
2730 909 
2443 813 
2685 894 
304 912 
1854 5562 
5942 17826 
3939 1312 
3299 3299 
3448 1148 
2749 2749 
4147 4147 
6047 18141 
5392 16176 
3226 3226 
3323 3323 
2093 697 
5102 1700 
4372 1456 
4592 13776 
2287 2287 
3018 3018 
3653 10959 
1102 366 
1694 564 
5204 1734 
4307 4307 
4514 13542 
2529 2529 
5031 1676 
1570 4710 
4154 4154 
226 678 
3335 3335 
4679 1559 
2689 2689 
3928 3928 
2708 8124 
3788 11364 
3545 3545 
2310 769 
4208 1402 
2898 8694 
4304 4304 
3593 1197 
6395 2131 
4903 14709 
2465 2465 
1129 3387 
5000 1666 
6000 18000 
4234 4234 
5903 17709 
2764 8292 
2735 911 
4237 4237 
5789 17367 
2521 2521 
2653 883 
5449 1815 
3316 9948 
3075 1024 
3916 3916 
994 2982 
3069 9207 
1154 3462 
1948 648 
6498 2165 
1658 552 
2702 8106 
4267 1421 
5074 1690 
2593 2593 
2623 2623 
2639 2639 
443 147 
6440 2146 
2515 2515 
3164 3164 
3628 3628 
6076 18228 
2951 2951 
3188 3188 
1047 348 
3996 3996 
500 166 
3333 3333 
3555 10665 
5682 1893 
3111 3111 
2614 7842 
4019 4019 
2621 873 
5991 1996 
2838 2838 
2813 2813 
4280 4280 
4299 1432 
4939 14817 
2476 2476 
2557 2557 
1278 3834 
2925 974 
2628 2628 
3332 3332 
5300 1766 
1368 4104 
2954 2954 
3988 11964 
2301 6903 
5338 16014 
5156 1718 
6449 19347 
2361 7083 
3746 11238 
1937 5811 
3311 3311 
904 2712 
4587 1528 
3612 3612 
2867 2867 
546 1638 
1357 451 
2982 2982 
5464 1820 
5623 1873 
4284 4284 
3305 9915 
2717 2717 
3891 3891 
3671 3671 
6494 2164 
3850 3850 
5087 15261 
3252 1083 
2484 2484 
3271 9813 
6484 19452 
3921 3921 
1769 589 
4980 1659 
2229 2229 
105 34 
951 2853 
6420 19260 
5210 15630 
5624 1874 
4539 1512 
3598 10794 
1467 488 
3295 3295 
3024 3024 
620 1860 
3455 3455 
1119 3357 
3229 1075 
3595 10785 
3309 3309 
3230 3230 
3451 10353 
884 2652 
2671 8013 
2419 2419 
3950 11850 
2671 2671 
3761 11283 
5488 16464 
4457 1485 
3060 3060 
2820 2820 
2738 912 
6383 19149 
2131 6393 
3885 11655 
2763 2763 
4217 4217 
3685 3685 
3131 3131 
2608 2608 
1709 5127 
3317 3317 
4156 12468 
2907 2907 
639 1917 
5475 1824 
2300 766 
6493 2163 
3964 3964 
4080 4080 
3353 3353 
3754 3754 
889 295 
5921 17763 
851 2553 
2579 2579 
3412 10236 
661 1983 
2928 2928 
2800 2800 
1466 4398 
1399 4197 
4780 1592 
627 208 
6152 2050 
3271 3271 
4037 4037 
2368 2368 
4156 4156 
3704 3704 
2409 2409 
5528 16584 
1846 614 
3697 11091 
5231 15693 
6346 2114 
5009 1669 
5547 1848 
4833 14499 
64 20 
2456 2456 
3022 1006 
2304 767 
3208 3208 
1095 3285 
3196 3196 
5445 16335 
2814 8442 
3756 3756 
1513 503 
2818 938 
4830 14490 
4474 1490 
622 206 
2660 2660 
1155 3465 
4029 12087 
3726 11178 
960 2880 
2435 2435 
420 139 
3498 3498 
955 317 
2549 2549 
718 2154 
3513 3513 
1311 3933 
2932 8796 
5025 15075 
3198 3198 
3871 11613 
2676 8028 
3318 3318 
971 323 
545 181 
1763 587 
4095 4095 
4498 13494 
2047 681 
2198 2198 
3868 3868 
2677 891 
2661 2661 
5492 1830 
3064 3064 
5465 1821 
3965 3965 
681 2043 
3151 1049 
3148 3148 
3314 9942 
3823 1273 
3912 3912 
5756 1918 
4831 1609 
3441 3441 
3006 3006 
3807 11421 
866 2598 
2685 8055 
1141 3423 
3610 3610 
3002 9006 
3529 3529 
3327 3327 
868 288 
2529 842 
2538 2538 
4295 4295 
5830 1942 
3499 3499 
3269 3269 
3604 3604 
3972 3972 
3684 11052 
6188 2062 
2105 6315 
5951 1983 
5240 1746 
3421 3421 
3242 9726 
5201 15603 
2709 8127 
2933 2933 
6393 2130 
3475 1157 
3926 11778 
4616 13848 
3798 3798 
6216 2071 
2500 2500 
5496 16488 
3992 3992 
4458 1485 
3949 3949 
1998 5994 
4725 14175 
3650 1216 
2868 8604 
1602 4806 
2276 2276 
5261 1753 
3406 10218 
1356 451 
4174 12522 
3554 3554 
2313 6939 
4072 4072 
2792 2792 
4481 13443 
3282 9846 
3251 3251 
4488 13464 
3077 3077 
5022 1673 
520 1560 
3011 3011 
4048 1348 
3180 3180 
5114 1704 
3383 3383 
2711 2711 
3258 1085 
6431 2143 
692 230 
237 78 
2244 2244 
2698 2698 
5757 17271 
5731 1909 
3856 3856 
3576 10728 
3361 3361 
1997 665 
3989 1329 
2876 2876 
4187 4187 
5541 16623 
3723 3723 
5700 1899 
1077 3231 
3883 3883 
2531 843 
1072 356 
5174 15522 
4429 1475 
2472 2472 
716 238 
3171 1056 
2565 7695 
2517 2517 
3546 3546 
4179 1392 
365 1095 
3698 3698 
2986 8958 
3459 3459 
4973 14919 
3733 3733 
3302 3302 
4910 1636 
1221 406 
3204 9612 
5487 16461 
4048 4048 
4278 4278 
3681 3681 
2588 7764 
3743 11229 
5054 15162 
4957 14871 
4741 14223 
2252 2252 
936 2808 
2659 7977 
994 330 
5379 1792 
4294 12882 
3113 3113 
3506 3506 
2355 7065 
3190 3190 
2935 977 
2124 6372 
6323 2107 
2138 712 
4318 1438 
5084 15252 
5443 16329 
317 105 
1628 4884 
3249 3249 
4305 12915 
4309 12927 
2759 2759 
2699 8097 
2906 8718 
2282 760 
6353 19059 
2668 2668 
1823 5469 
4495 13485 
5410 1802 
4470 13410 
4289 4289 
543 1629 
4092 1363 
3031 9093 
339 1017 
2753 917 
3997 3997 
3128 3128 
5898 1965 
6022 2006 
308 924 
687 228 
1166 388 
4767 14301 
3717 1238 
1102 3306 
4215 4215 
174 57 
1072 3216 
6325 18975 
2222 740 
5564 1854 
3721 1239 
6083 18249 
2587 2587 
2988 2988 
3155 3155 
5580 16740 
261 86 
4568 1522 
5807 17421 
4182 4182 
3543 3543 
1539 512 
1421 473 
2745 2745 
1812 603 
4664 13992 
873 290 
4034 4034 
3182 3182 
28 84 
2371 7113 
4737 1578 
5420 1806 
2223 2223 
4801 14403 
3705 1234 
966 321 
1623 4869 
4215 1404 
472 156 
3473 3473 
2347 781 
3789 3789 
3542 3542 
1411 469 
2928 8784 
4643 1547 
3563 3563 
5277 15831 
3399 10197 
616 204 
2974 8922 
2049 6147 
4484 13452 
3512 3512 
5940 1979 
5656 16968 
4110 4110 
2956 2956 
4170 12510 
1988 5964 
6171 2056 
3380 3380 
3435 3435 
3809 3809 
2805 2805 
1386 461 
536 178 
1707 568 
5276 1758 
1720 5160 
3052 9156 
1611 536 
3022 3022 
3631 3631 
3127 3127 
3879 11637 
5640 1879 
4572 1523 
4519 1505 
3848 11544 
4731 1576 
3300 3300 
3499 10497 
2292 2292 
3261 9783 
3427 3427 
3486 1161 
3417 3417 
5909 17727 
1337 445 
6283 18849 
3194 3194 
2298 6894 
4047 4047 
1112 3336 
3530 10590 
3285 9855 
5973 17919 
4046 1348 
2979 992 
2846 2846 
1764 587 
2953 2953 
5285 15855 
3191 1063 
2494 830 
3206 3206 
727 2181 
3969 3969 
2927 2927 
1845 5535 
3938 3938 
5055 1684 
3553 3553 
5902 17706 
3709 11127 
4103 4103 
2757 2757 
4909 14727 
3521 10563 
4756 1584 
2300 2300 
3243 3243 
3559 3559 
3074 3074 
2000 6000 
60 19 
3299 9897 
4361 13083 
5959 17877 
2600 2600 
2925 8775 
3470 3470 
5163 15489 
2257 2257 
4679 14037 
2731 8193 
4285 4285 
3509 3509 
3001 3001 
3757 3757 
6239 2079 
4125 4125 
3545 1181 
2176 2176 
3726 3726 
2729 2729 
2977 2977 
3802 3802 
4023 1340 
1689 5067 
3933 11799 
4489 13467 
4004 4004 
6293 18879 
2036 6108 
2658 7974 
706 234 
634 1902 
3304 9912 
246 738 
3598 3598 
1403 4209 
5554 1850 
2814 2814 
2573 2573 
5161 1719 
3362 3362 
2581 859 
1110 3330 
3082 3082 
4122 4122 
4629 1542 
6042 2013 
2498 2498 
2609 2609 
3591 1196 
1330 442 
2971 8913 
6440 19320 
1689 562 
2425 2425 
348 1044 
4066 1354 
3963 3963 
2742 2742 
2944 2944 
2221 2221 
727 241 
3593 3593 
1069 3207 
3895 3895 
147 441 
3266 3266 
2539 845 
5370 16110 
5837 17511 
98 32 
198 65 
3174 1057 
6044 2014 
3675 11025 
4104 1367 
2555 2555 
4716 1571 
3260 3260 
3189 3189 
2531 2531 
5444 16332 
3602 10806 
2954 8862 
2518 838 
2915 2915 
3849 3849 
4742 14226 
3202 3202 
3191 3191 
2485 7455 
6481 2159 
2669 889 
5613 16839 
3436 1144 
2307 2307 
635 1905 
2666 2666 
3465 1154 
3228 3228 
3739 1245 
1849 615 
4882 1626 
2196 6588 
3233 9699 
3694 3694 
5047 15141 
2994 2994 
2594 2594 
2599 2599 
2344 2344 
321 963 
1808 602 
2634 2634 
2783 2783 
2633 877 
4803 1600 
4251 12753 
88 28 
3363 3363 
4069 4069 
4279 1425 
1089 3267 
4268 4268 
3315 3315 
5952 1983 
4071 4071 
1692 563 
4113 4113 
2256 6768 
2412 2412 
3039 1012 
165 54 
1354 4062 
1283 3849 
3937 3937 
5105 15315 
1054 3162 
2685 2685 
3594 10782 
5046 15138 
4098 4098 
3393 3393 
3394 3394 
1723 573 
3497 3497 
5266 1754 
4108 12324 
4361 1453 
3817 1271 
5365 16095 
3010 3010 
4594 13782 
4238 4238 
3015 3015 
1944 647 
2651 2651 
2602 2602 
6301 18903 
753 250 
4334 13002 
4133 4133 
4995 14985 
5339 16017 
3102 3102 
2306 768 
5162 15486 
3887 3887 
3264 9792 
5734 1910 
112 36 
160 480 
1264 3792 
2571 7713 
944 2832 
2506 2506 
3399 3399 
6 1 
3761 3761 
989 2967 
1468 4404 
3735 11205 
3937 1311 
5592 1863 
2586 7758 
644 214 
5896 17688 
3735 3735 
1902 633 
5106 15318 
4226 4226 
5198 1732 
3552 3552 
2200 2200 
2303 2303 
6076 2024 
1647 548 
207 621 
4 0 
3872 1290 
5073 15219 
390 1170 
3670 3670 
5675 17025 
3200 3200 
3000 9000 
3677 11031 
4036 4036 
2329 6987 
2270 2270 
2520 839 
4786 14358 
2330 2330 
2635 2635 
4191 12573 
5309 1769 
4405 13215 
4145 12435 
3424 1140 
2958 2958 
5034 1677 
502 166 
3482 10446 
3662 10986 
4052 4052 
3268 1088 
4784 1594 
3013 3013 
3945 11835 
4868 1622 
3324 3324 
6254 18762 
2121 6363 
5901 17703 
2069 6207 
3379 3379 
2234 2234 
3024 9072 
2786 2786 
3858 3858 
938 2814 
5924 1974 
4017 1338 
2640 2640 
4536 13608 
1519 505 
3304 3304 
3025 9075 
1488 495 
510 169 
2767 2767 
5157 15471 
3758 1252 
1170 389 
186 61 
2807 2807 
4472 1490 
4120 12360 
3959 1319 
171 56 
51 16 
5624 16872 
3803 3803 
6439 19317 
4819 14457 
1227 408 
5326 15978 
2629 7887 
3620 10860 
4908 1635 
2836 2836 
1014 3042 
2055 6165 
2258 752 
2499 2499 
3035 9105 
3595 3595 
3640 3640 
4970 14910 
1707 5121 
4250 4250 
3306 3306 
6104 2034 
3572 3572 
2387 7161 
3209 1069 
24 7 
3692 3692 
3582 3582 
3376 3376 
4932 14796 
140 46 
1470 4410 
2908 968 
5029 15087 
1326 441 
1788 5364 
3695 3695 
5334 1777 
1838 612 
5841 1946 
931 2793 
2859 2859 
137 45 
4325 12975 
3122 9366 
2831 943 
1208 402 
2238 6714 
4320 4320 
2509 2509 
3647 10941 
3369 1122 
2769 2769 
4270 4270 
4887 14661 
5678 17034 
3478 10434 
3148 1048 
550 182 
4821 14463 
1091 3273 
1567 4701 
3365 3365 
5606 16818 
5709 17127 
3066 3066 
1422 4266 
2561 2561 
3340 1112 
4263 4263 
915 304 
5725 1907 
2448 2448 
3246 3246 
2981 993 
1302 433 
3390 3390 
5482 16446 
5065 1687 
3965 1321 
5011 1669 
6391 2129 
5037 1678 
4002 4002 
3581 3581 
3419 3419 
1958 5874 
1876 5628 
3428 1142 
448 148 
3124 3124 
2744 2744 
2232 2232 
1164 3492 
2752 8256 
3666 3666 
2285 6855 
5497 16491 
2209 2209 
1143 380 
4029 4029 
4073 4073 
3683 3683 
2986 2986 
2153 717 
1174 3522 
3543 10629 
907 2721 
4136 4136 
3941 3941 
4761 1586 
2230 2230 
6086 2028 
4078 4078 
2570 856 
2030 6090 
3224 3224 
3839 3839 
3562 3562 
1906 634 
3459 10377 
2405 801 
6352 2116 
3173 1057 
247 741 
2384 2384 
2355 2355 
1360 452 
3479 3479 
3290 3290 
636 1908 
5379 16137 
3857 11571 
477 1431 
5582 1860 
5203 1733 
2985 994 
5081 15243 
4211 12633 
3558 1185 
3178 3178 
3331 9993 
4440 1479 
739 245 
2875 2875 
1786 594 
3634 10902 
4813 1603 
3492 10476 
3366 3366 
1630 4890 
4005 12015 
3254 3254 
5088 1695 
2709 2709 
3657 3657 
5773 17319 
4091 4091 
3265 3265 
6212 2070 
1178 3534 
6103 18309 
3468 10404 
6360 19080 
1655 551 
2168 2168 
1644 4932 
2663 2663 
3680 11040 
203 67 
2358 7074 
1654 4962 
2978 2978 
5868 17604 
561 1683 
3021 3021 
1985 5955 
3956 3956 
2491 829 
2272 2272 
910 302 
2854 2854 
1659 4977 
3399 1132 
5481 1826 
5875 1957 
877 291 
3622 3622 
2861 8583 
2503 2503 
3669 1222 
2840 2840 
6310 2102 
1719 572 
3623 3623 
1688 562 
6321 2106 
3435 1144 
3004 3004 
2572 2572 
2605 2605 
2414 2414 
2195 2195 
3237 3237 
2433 7299 
4827 1608 
3142 3142 
2028 675 
3045 3045 
6480 19440 
3974 3974 
3463 3463 
4203 4203 
6001 1999 
107 321 
3862 3862 
2462 7386 
2400 2400 
2885 961 
2538 845 
4316 1438 
2381 2381 
4511 13533 
3851 3851 
4121 4121 
2336 2336 
5730 1909 
1805 601 
5593 16779 
3781 3781 
4349 13047 
2774 2774 
3565 3565 
2781 2781 
2911 2911 
2370 789 
1818 5454 
3522 3522 
1889 629 
5751 17253 
6297 2098 
2350 7050 
5760 1919 
4013 4013 
2673 8019 
3752 3752 
5782 17346 
4096 12288 
6409 19227 
4138 12414 
2220 2220 
3544 3544 
2239 2239 
3950 1316 
3990 11970 
4330 12990 
3247 9741 
153 459 
3072 1023 
3510 3510 
2478 2478 
2670 8010 
4298 4298 
828 275 
1584 4752 
5387 1795 
3350 3350 
3287 3287 
2008 668 
3752 11256 
3600 3600 
843 280 
420 1260 
3838 3838 
1169 3507 
4214 12642 
2421 2421 
183 60 
2319 2319 
3202 9606 
4675 14025 
6113 18339 
4068 12204 
656 1968 
4286 4286 
3261 3261 
5850 17550 
267 88 
1217 3651 
6317 18951 
2727 908 
3977 3977 
3784 1260 
6120 18360 
1313 437 
1877 625 
4843 14529 
5502 16506 
2981 8943 
5857 17571 
2644 2644 
3672 11016 
1802 5406 
2333 2333 
3821 3821 
5357 16071 
1750 5250 
1478 4434 
5059 1685 
3847 1281 
4027 4027 
2965 8895 
2787 928 
3693 3693 
1590 4770 
252 756 
1957 5871 
6157 18471 
2376 2376 
1476 4428 
3904 3904 
1439 4317 
2912 2912 
2585 2585 
3720 11160 
3146 3146 
2317 771 
4694 14082 
3738 3738 
976 2928 
890 296 
1739 5217 
2640 7920 
689 229 
469 1407 
4309 1435 
4014 4014 
3205 9615 
5073 1690 
6013 18039 
60 180 
2744 8232 
27 81 
3404 3404 
3896 3896 
2782 2782 
929 2787 
2410 2410 
1240 412 
2470 7410 
4003 1333 
3771 3771 
2861 2861 
5199 1732 
3029 9087 
5779 17337 
5891 17673 
5740 1912 
646 214 
3725 11175 
4144 4144 
2479 2479 
2480 7440 
3875 3875 
341 1023 
3562 1186 
3283 3283 
4022 1340 
4945 1647 
4159 4159 
2394 2394 
3626 10878 
3739 3739 
4291 12873 
703 2109 
2922 8766 
2386 7158 
2449 2449 
3841 3841 
6039 2012 
5100 15300 
6204 2067 
3852 11556 
3467 1155 
3069 3069 
5448 1815 
3117 3117 
2963 8889 
1223 3669 
3372 3372 
5397 1798 
1382 460 
5347 1781 
1046 348 
3663 3663 
6002 2000 
6218 2072 
2832 943 
3290 9870 
2276 758 
6236 2078 
5590 16770 
5474 16422 
439 145 
3589 10767 
4771 14313 
3644 3644 
299 897 
961 319 
742 2226 
3546 10638 
1674 5022 
6461 2153 
366 1098 
908 2724 
4162 1386 
4183 1393 
717 2151 
5718 1905 
2037 6111 
170 510 
2181 726 
2764 2764 
2545 2545 
3046 3046 
1061 353 
4283 12849 
500 1500 
1835 5505 
2493 7479 
3697 3697 
3183 3183 
4067 4067 
3253 3253 
1456 4368 
3162 3162 
214 642 
3003 3003 
3140 3140 
4017 4017 
3108 9324 
4357 13071 
2770 922 
2079 6237 
4074 1357 
4573 1523 
606 201 
4138 4138 
2898 2898 
1372 456 
6388 19164 
2916 8748 
3831 3831 
3658 3658 
2797 8391 
3157 3157 
4060 4060 
2314 2314 
691 2073 
1772 590 
4193 4193 
4896 14688 
3025 3025 
3433 1143 
228 684 
2514 2514 
2029 6087 
408 135 
4240 4240 
3796 3796 
2690 896 
1552 4656 
2288 6864 
474 157 
3131 9393 
4183 4183 
3802 11406 
6414 2137 
2276 6828 
4308 4308 
4041 4041 
2961 2961 
4314 12942 
2080 6240 
1009 3027 
1585 4755 
1266 421 
5320 1772 
5013 1670 
4402 13206 
3098 3098 
2627 2627 
3861 11583 
3205 3205 
4413 13239 
1745 581 
2258 2258 
5055 15165 
5374 1790 
3537 3537 
3599 3599 
2486 828 
3550 3550 
3496 3496 
562 1686 
3995 3995 
2755 8265 
5028 1675 
6387 19161 
2072 690 
2388 2388 
2565 2565 
1738 578 
4931 14793 
5265 1754 
2411 2411 
4916 1638 
4565 13695 
2401 7203 
6178 18534 
5783 1927 
1389 4167 
2548 848 
440 146 
6023 18069 
4074 4074 
286 94 
3170 3170 
5388 16164 
2949 2949 
5871 17613 
590 196 
280 840 
710 236 
2575 2575 
1754 584 
4015 4015 
3005 3005 
4573 13719 
875 2625 
5781 17343 
709 235 
349 1047 
3651 1216 
3471 3471 
4011 4011 
4508 13524 
2908 2908 
3675 3675 
5992 17976 
2579 859 
4924 14772 
5234 15702 
3709 3709 
6223 2073 
2693 2693 
5106 1701 
2442 2442 
6190 2062 
4028 1342 
625 1875 
3790 11370 
2965 2965 
2431 2431 
3530 1176 
4169 4169 
980 2940 
4354 1450 
3483 3483 
4872 1623 
2067 6201 
3746 3746 
3947 11841 
5062 1686 
3289 9867 
2886 2886 
2277 6831 
1579 525 
4868 14604 
3957 3957 
4936 14808 
3133 3133 
1281 3843 
1168 388 
4230 12690 
5964 1987 
3564 3564 
4277 4277 
1884 5652 
3053 3053 
2835 944 
2847 2847 
750 249 
3203 3203 
826 2478 
3008 3008 
2241 2241 
3987 1328 
2603 2603 
3052 3052 
3397 10191 
2727 8181 
1226 3678 
2826 8478 
4090 4090 
2513 2513 
620 206 
4012 4012 
4130 1376 
3785 3785 
983 2949 
3030 3030 
6318 2105 
1482 493 
3023 3023 
2086 694 
4052 1350 
3369 3369 
2475 7425 
4783 14349 
255 84 
2505 834 
4184 4184 
5949 1982 
6245 2081 
5525 16575 
3041 3041 
5463 16389 
4315 1437 
5627 1875 
2848 2848 
2617 2617 
4287 4287 
3795 1264 
5257 1751 
1720 572 
2775 2775 
3894 1297 
3697 1231 
5078 1692 
2952 2952 
5060 15180 
4497 13491 
2470 2470 
2380 2380 
805 2415 
4276 1424 
672 223 
2282 2282 
4627 13881 
4867 1621 
2922 2922 
1791 596 
3464 10392 
3560 3560 
3648 10944 
6445 19335 
696 2088 
4640 1546 
5091 15273 
4233 4233 
4639 1545 
2354 2354 
4242 4242 
4000 4000 
2422 2422 
5801 17403 
82 26 
5366 16098 
4293 4293 
152 456 
3900 11700 
3049 3049 
2527 2527 
4839 1612 
3441 1146 
1173 390 
1084 360 
729 242 
1992 663 
803 267 
1723 5169 
2865 2865 
5586 16758 
3345 3345 
6055 2017 
5203 15609 
5035 1677 
5020 15060 
3887 1295 
376 124 
3717 3717 
2232 6696 
5353 16059 
4145 4145 
4248 4248 
3676 3676 
2753 2753 
1657 551 
5684 17052 
2766 921 
426 1278 
1032 343 
2132 6396 
1583 527 
812 2436 
3705 11115 
2210 2210 
729 2187 
6129 18387 
4693 14079 
2306 2306 
3971 3971 
5791 1929 
3165 1054 
4273 4273 
2312 2312 
3072 3072 
4030 4030 
1574 4722 
5414 16242 
4529 13587 
5893 1963 
1653 550 
6487 19461 
3890 3890 
1348 4044 
3392 3392 
125 375 
3050 1016 
1799 599 
2533 843 
3900 1299 
2130 6390 
2172 2172 
1485 4455 
9 2 
4381 13143 
1774 5322 
4817 14451 
2425 807 
4039 12117 
3615 1204 
3978 1325 
3710 3710 
6210 18630 
339 112 
4610 1536 
5998 17994 
5985 1994 
2624 2624 
3602 3602 
4026 1341 
2511 836 
3161 3161 
4297 12891 
423 140 
5304 15912 
1260 3780 
2952 8856 
6100 18300 
867 288 
2772 2772 
2800 932 
2474 2474 
4773 14319 
5843 17529 
3117 1038 
2829 2829 
4009 1335 
442 146 
4465 1487 
2208 2208 
5370 1789 
2692 896 
672 2016 
360 119 
1431 476 
2563 7689 
3878 3878 
5557 1851 
2260 2260 
3572 10716 
2482 2482 
795 2385 
1991 663 
775 2325 
5811 1936 
2255 2255 
607 1821 
1118 372 
2430 2430 
3653 3653 
1831 609 
2673 2673 
1523 4569 
4204 4204 
3968 3968 
220 660 
3279 1092 
3575 1191 
3248 3248 
4112 4112 
446 1338 
5071 1689 
3360 3360 
4316 4316 
2267 755 
4249 1415 
3523 1173 
2900 2900 
4319 4319 
2219 6657 
3742 1246 
206 68 
3195 3195 
4120 4120 
3184 9552 
4465 13395 
4540 13620 
4733 14199 
3532 3532 
2596 7788 
1582 4746 
4085 12255 
3557 10671 
6068 18204 
4680 1559 
5603 16809 
4075 4075 
1346 448 
3926 3926 
276 828 
2207 2207 
2032 6096 
3620 3620 
2628 7884 
3466 3466 
4182 12546 
3156 3156 
4561 13683 
3415 3415 
3606 10818 
4295 1431 
2756 2756 
3689 3689 
2430 809 
4290 4290 
5076 15228 
5093 1697 
102 306 
563 187 
4104 12312 
1257 3771 
2856 2856 
3818 3818 
4788 1595 
6177 18531 
2917 2917 
3134 3134 
1475 491 
88 264 
2393 2393 
2878 2878 
3357 3357 
2437 811 
1109 3327 
3518 3518 
6050 18150 
2181 2181 
2626 7878 
4038 1345 
956 318 
707 235 
6409 2135 
6342 2113 
3469 3469 
3858 11574 
3388 10164 
3549 1182 
2562 853 
4095 1364 
1915 637 
3505 3505 
1188 395 
3682 3682 
2637 2637 
3154 1050 
361 119 
6197 18591 
3103 9309 
2845 947 
1667 5001 
1499 499 
3480 3480 
3749 3749 
2861 953 
3214 3214 
2169 2169 
4330 4330 
3918 11754 
2223 740 
4260 4260 
3836 11508 
1240 3720 
6386 19158 
2490 2490 
4990 1662 
2678 8034 
1235 3705 
3651 3651 
1117 371 
3430 1142 
5493 16479 
1117 3351 
3939 3939 
4091 1363 
4146 4146 
3951 1316 
2563 853 
5772 1923 
3151 3151 
1662 4986 
4267 4267 
2106 6318 
6434 19302 
4024 1340 
3322 3322 
3955 3955 
6155 18465 
2321 2321 
5946 17838 
2183 727 
2155 717 
3494 1164 
6124 2040 
3972 1323 
2691 2691 
6423 2140 
2633 2633 
3137 3137 
840 279 
6307 18921 
6062 18186 
3605 3605 
1620 539 
185 61 
669 2007 
1382 4146 
5086 15258 
1529 509 
2383 2383 
820 272 
2557 851 
653 1959 
5897 1965 
1700 5100 
2734 2734 
2667 8001 
2027 675 
1545 514 
747 2241 
3528 3528 
6385 2127 
614 204 
5749 17247 
3920 1306 
309 927 
5527 16581 
3731 3731 
785 2355 
3279 3279 
1951 5853 
5075 15225 
2993 2993 
274 822 
1923 640 
4693 1563 
3438 3438 
4843 1613 
2466 821 
4557 13671 
2453 2453 
1973 657 
5209 15627 
4032 1343 
3911 3911 
442 1326 
2311 2311 
5691 17073 
4065 4065 
3485 3485 
5356 16068 
4441 1479 
1337 4011 
419 1257 
3566 3566 
6224 18672 
1564 520 
4421 1473 
3175 9525 
4051 4051 
5436 16308 
4453 1483 
3754 11262 
4163 4163 
3350 10050 
1262 420 
3778 3778 
150 450 
3647 3647 
716 2148 
798 265 
5049 15147 
5585 16755 
631 1893 
984 327 
6349 2115 
4421 13263 
2238 2238 
2841 2841 
2965 987 
957 318 
3747 1248 
5098 15294 
3792 3792 
2890 8670 
597 1791 
2807 8421 
3400 3400 
3750 3750 
3451 3451 
3911 11733 
1614 537 
4054 4054 
4269 4269 
2423 2423 
494 164 
5954 1984 
3051 1016 
3642 1213 
3114 3114 
6092 2030 
2008 6024 
5153 1717 
2992 2992 
3643 10929 
2367 2367 
3443 1147 
1186 3558 
3939 11817 
1402 466 
2435 811 
2839 2839 
3855 3855 
3007 9021 
3277 3277 
6417 19251 
3740 3740 
1340 446 
2681 893 
2182 726 
5778 17334 
5528 1842 
3152 9456 
6170 18510 
5278 15834 
4715 14145 
3568 3568 
4647 1548 
3676 1224 
3729 3729 
4321 4321 
4272 12816 
2482 826 
4943 14829 
2347 7041 
90 29 
3878 1292 
4127 1375 
2249 2249 
3826 1274 
4480 13440 
2868 2868 
2976 8928 
3636 3636 
5233 15699 
390 129 
3093 3093 
4186 4186 
5969 1989 
3384 1127 
3019 3019 
3886 3886 
6034 2010 
679 225 
2167 721 
2242 2242 
3907 3907 
5114 15342 
5087 1695 
2279 2279 
1770 589 
3888 1295 
4060 12180 
1289 3867 
129 387 
4341 1446 
3374 3374 
3334 1110 
2880 2880 
366 121 
11 3 
1341 446 
2538 7614 
973 2919 
3501 1166 
483 160 
199 65 
6398 19194 
452 150 
3220 3220 
2485 827 
6113 2037 
2752 2752 
5879 17637 
3020 3020 
6472 19416 
1918 638 
2292 763 
2559 852 
2245 2245 
3252 3252 
1422 473 
3007 3007 
5258 1752 
3285 3285 
6302 18906 
6005 2001 
2320 6960 
3683 1227 
2631 7893 
3938 1312 
2736 2736 
1366 4098 
5477 1825 
2989 995 
4562 1520 
6374 19122 
237 711 
208 68 
5502 1833 
2811 2811 
6169 18507 
5956 17868 
5815 17445 
96 288 
5723 1907 
1047 3141 
3881 1293 
2010 669 
5126 15378 
1223 407 
1372 4116 
3993 3993 
2967 2967 
1808 5424 
1256 3768 
4231 4231 
4030 12090 
108 324 
1931 5793 
3828 3828 
5665 1887 
2259 2259 
3942 3942 
2592 2592 
324 107 
4007 12021 
2291 2291 
6153 18459 
4250 12750 
2357 785 
5811 17433 
956 2868 
4151 1383 
1261 3783 
2012 670 
1279 425 
4494 13482 
2629 875 
1660 552 
3784 11352 
1622 4866 
4324 4324 
2155 6465 
3160 9480 
2926 2926 
6420 2139 
6407 2135 
4590 13770 
3707 3707 
2655 2655 
3297 1098 
5451 1816 
3804 3804 
4286 1428 
3359 1119 
3621 10863 
4406 1468 
842 2526 
3011 1003 
759 252 
4942 14826 
4738 1578 
5354 1784 
2530 7590 
3572 1190 
3812 11436 
3356 3356 
1194 397 
2984 994 
1156 384 
2216 2216 
3765 3765 
2849 2849 
2890 2890 
3616 10848 
2818 2818 
1045 3135 
1690 5070 
2703 2703 
4804 1600 
1704 567 
6365 19095 
643 1929 
4305 4305 
4301 4301 
2388 795 
2748 2748 
3759 1252 
268 804 
785 261 
1253 3759 
3973 11919 
4175 12525 
2725 907 
4115 12345 
6237 2078 
3668 3668 
1230 409 
4003 4003 
5808 1935 
3953 3953 
3815 3815 
2183 2183 
2816 2816 
2534 7602 
363 120 
2980 8940 
4852 1616 
1155 384 
5576 16728 
1284 427 
4785 14355 
287 95 
3967 3967 
3015 1004 
4087 4087 
3153 3153 
2309 2309 
3569 10707 
3178 9534 
3944 3944 
2290 6870 
3453 3453 
3931 11793 
4328 4328 
6362 2120 
2289 762 
1026 3078 
2833 2833 
1245 414 
3832 3832 
3216 1071 
1816 5448 
3742 3742 
6354 19062 
552 1656 
2611 2611 
5185 15555 
2941 2941 
2669 2669 
4606 1534 
6063 2020 
1672 5016 
3952 3952 
4288 12864 
2657 7971 
3527 1175 
1305 434 
4218 4218 
3262 1086 
2226 2226 
4971 14913 
2712 2712 
290 870 
21 63 
577 1731 
3427 10281 
1718 572 
2471 2471 
4281 4281 
2468 7404 
2540 7620 
4176 12528 
2243 2243 
4094 1364 
2806 2806 
1179 3537 
5412 1803 
1434 4302 
4677 14031 
3090 9270 
6342 19026 
2595 2595 
2730 8190 
6209 2069 
1300 3900 
2105 701 
2758 2758 
5426 16278 
3905 3905 
3700 3700 
1783 5349 
4623 13869 
1604 4812 
2507 2507 
223 73 
18 54 
4021 12063 
3387 3387 
870 2610 
4941 14823 
1673 5019 
2889 2889 
5041 15123 
3370 3370 
3034 1010 
5004 1667 
1082 3246 
3644 1214 
5089 15267 
538 178 
1142 3426 
4686 1561 
5075 1691 
4317 4317 
5 1 
4026 4026 
2555 851 
1473 490 
2632 2632 
6321 18963 
3047 3047 
3655 3655 
2212 2212 
3507 10521 
6191 2063 
2345 2345 
3984 3984 
1561 519 
3119 3119 
132 396 
2370 2370 
618 205 
3720 3720 
6315 18945 
2601 2601 
2353 783 
3734 3734 
5789 1929 
2931 2931 
1740 5220 
5680 1892 
137 411 
3079 3079 
4007 4007 
5851 17553 
2703 8109 
3138 9414 
768 2304 
2629 2629 
4847 14541 
3229 3229 
4378 13134 
3257 1085 
4227 4227 
4530 13590 
1042 346 
6238 2078 
3017 3017 
3774 1257 
5509 1835 
1874 5622 
4061 4061 
3443 3443 
4603 1533 
3801 3801 
3428 3428 
3971 1323 
660 219 
2700 2700 
2943 2943 
1321 3963 
3731 11193 
2370 7110 
4585 13755 
5876 1958 
2383 7149 
2317 6951 
3084 3084 
3183 9549 
256 768 
2235 2235 
2857 951 
3694 11082 
2390 796 
2807 935 
2180 2180 
3310 3310 
4191 4191 
1113 3339 
3895 1297 
8 2 
2727 2727 
1388 462 
3009 9027 
2874 2874 
1480 4440 
4336 13008 
5644 16932 
6335 2111 
6015 2004 
1065 3195 
2220 6660 
3548 3548 
1989 662 
453 150 
3232 9696 
3187 3187 
3101 3101 
515 1545 
2845 8535 
1561 4683 
6081 2026 
2528 2528 
4343 1447 
4661 13983 
3585 3585 
2511 2511 
2872 2872 
1575 524 
3914 3914 
5730 17190 
1334 4002 
4213 4213 
4658 13974 
239 79 
3940 3940 
1901 633 
5339 1779 
2667 888 
351 1053 
3216 3216 
2031 676 
1444 4332 
2997 2997 
2810 2810 
2667 2667 
4433 13299 
3696 3696 
3776 3776 
643 213 
1090 362 
1875 624 
3296 1098 
4604 1534 
3942 11826 
73 23 
6152 18456 
2377 7131 
3448 10344 
3634 3634 
6126 2041 
6184 2060 
3116 3116 
1205 401 
6072 2023 
217 651 
1446 481 
4694 1564 
1499 4497 
3462 3462 
2880 959 
2654 2654 
3500 1166 
555 184 
6288 2095 
4531 1509 
4404 1467 
3548 1182 
4893 14679 
1731 576 
2298 2298 
1193 3579 
2417 2417 
4148 4148 
2401 2401 
2379 2379 
1619 539 
829 2487 
3669 3669 
3864 3864 
117 351 
6391 19173 
978 2934 
5349 16047 
586 194 
3067 9201 
3238 3238 
3586 3586 
5958 1985 
2461 2461 
3243 1080 
3368 3368 
3551 3551 
3577 10731 
5709 1902 
3639 3639 
2389 795 
4084 1360 
3160 3160 
2518 2518 
3654 3654 
4723 14169 
3495 3495 
6209 18627 
2728 8184 
2690 2690 
4439 13317 
5699 17097 
2494 7482 
6203 2067 
218 72 
1803 5409 
4383 1460 
3382 1126 
2046 6138 
2733 2733 
3859 3859 
2338 7014 
4479 13437 
2661 7983 
1724 5172 
2560 852 
2816 8448 
4402 1466 
2606 2606 
3006 9018 
3170 1056 
4278 1425 
2946 2946 
3791 3791 
5068 1688 
1989 5967 
6168 18504 
5147 1715 
3770 3770 
5246 1748 
3727 11181 
2894 2894 
2339 7017 
2968 988 
2864 954 
4608 13824 
3980 11940 
431 1293 
3869 3869 
3420 3420 
5169 15507 
2213 2213 
2658 885 
3331 3331 
3894 3894 
4002 1333 
4805 14415 
2340 2340 
5420 16260 
5561 1853 
5433 16299 
5787 1928 
3449 3449 
3786 3786 
4366 13098 
6376 2124 
6261 2086 
3268 3268 
313 939 
5214 1737 
4838 1612 
2610 2610 
3065 3065 
3098 9294 
2688 2688 
4181 12543 
5893 17679 
2672 2672 
1232 3696 
3822 1273 
3954 11862 
4447 1481 
2237 2237 
2705 2705 
5439 16317 
4597 1531 
3879 3879 
2711 8133 
5042 1680 
1926 641 
3385 3385 
6272 18816 
5881 1959 
866 288 
249 82 
2785 2785 
2377 791 
6043 18129 
4218 12654 
3111 9333 
4142 1380 
3569 3569 
2505 2505 
5948 1982 
4049 4049 
114 37 
4779 14337 
3848 1282 
227 75 
3865 11595 
3381 3381 
1794 597 
4131 4131 
3490 3490 
4061 1353 
236 78 
3192 3192 
5290 15870 
3797 3797 
1030 342 
2357 2357 
2212 6636 
2447 2447 
4068 1355 
2262 753 
3165 9495 
2817 2817 
4044 1347 
1736 5208 
4534 13602 
2444 814 
2172 6516 
4579 13737 
5832 17496 
2979 2979 
2675 2675 
3342 3342 
364 120 
2584 2584 
2882 2882 
526 1578 
2042 680 
2493 2493 
1685 5055 
3999 3999 
1943 5829 
5155 1717 
491 1473 
4080 1359 
4291 4291 
4408 1468 
2553 2553 
4915 14745 
3550 1182 
4176 4176 
3186 3186 
5961 1986 
2888 2888 
2489 2489 
5363 1787 
3448 3448 
4901 14703 
6275 18825 
6278 18834 
2400 7200 
2757 8271 
3824 1274 
2906 2906 
3208 9624 
3936 3936 
2542 2542 
4158 1385 
1457 485 
5146 1714 
3307 3307 
4490 1496 
821 273 
1508 4524 
4443 1480 
5601 16803 
2996 998 
5466 16398 
2102 6306 
2665 2665 
3147 9441 
2834 2834 
3068 9204 
789 2367 
833 277 
1832 610 
4314 4314 
626 1878 
74 222 
2396 7188 
2110 702 
2457 2457 
3954 3954 
3867 1288 
2568 2568 
3948 11844 
4645 13935 
1500 4500 
4264 4264 
3920 3920 
4109 12327 
2279 6837 
4626 1541 
2995 997 
5605 1867 
3619 3619 
5633 1877 
6199 18597 
1007 335 
2566 7698 
4355 1451 
1018 338 
3785 1261 
4235 4235 
4217 1405 
2397 2397 
5022 15066 
3943 3943 
40 12 
1110 369 
4772 1590 
6059 18177 
5960 1986 
5292 1763 
3351 10053 
2871 2871 
894 297 
2241 746 
1599 4797 
2821 2821 
2852 2852 
2271 756 
3276 3276 
5877 17631 
1103 3309 
3724 3724 
2198 732 
851 283 
3699 1232 
323 969 
2862 2862 
3849 11547 
3275 1091 
3838 11514 
2845 2845 
6498 19494 
5190 15570 
5054 1684 
3423 3423 
3348 10044 
472 1416 
1634 544 
1120 372 
5886 1961 
700 2100 
3216 9648 
4294 1430 
3965 11895 
5784 1927 
5460 1819 
2553 7659 
3485 1161 
34 10 
3166 1054 
3715 3715 
5289 15867 
3391 3391 
4176 1391 
5729 1909 
2968 2968 
4130 4130 
4211 4211 
4254 4254 
5883 17649 
4332 4332 
6372 2123 
4798 14394 
4549 13647 
2186 2186 
2501 2501 
2688 895 
1909 635 
5456 1818 
2481 2481 
4023 4023 
2131 709 
2353 2353 
2929 2929 
3975 1324 
4482 13446 
2014 6042 
2389 2389 
4778 1592 
3504 3504 
3378 3378 
4907 14721 
2573 857 
1953 650 
3892 3892 
2304 6912 
4837 1611 
4732 14196 
690 2070 
4164 4164 
4823 1607 
3001 9003 
3779 3779 
3106 1034 
306 101 
890 2670 
6433 19299 
6340 19020 
2596 2596 
4498 1498 
2797 2797 
2923 2923 
3618 1205 
2406 801 
696 231 
4157 12471 
2189 2189 
3899 3899 
3615 10845 
2580 859 
5714 1904 
3166 9498 
3375 3375 
1088 362 
2841 8523 
1639 4917 
3719 3719 
2142 713 
2115 6345 
1108 3324 
4137 4137 
8 24 
2884 2884 
4165 4165 
3962 3962 
5829 1942 
3794 3794 
2473 823 
782 2346 
1937 645 
1005 334 
2494 2494 
2520 2520 
3487 3487 
1148 382 
957 2871 
4024 4024 
3659 1219 
2546 2546 
4083 1360 
3351 3351 
2084 694 
3827 1275 
4628 1542 
2806 934 
4043 1347 
5952 17856 
3043 3043 
3449 1149 
2230 742 
2860 2860 
2508 2508 
3611 1203 
5765 1921 
2352 7056 
3484 3484 
5142 15426 
2795 8385 
2837 2837 
4350 13050 
2615 871 
3347 1115 
1705 567 
506 1518 
4386 1461 
2555 7665 
4063 12189 
3141 3141 
2139 712 
4313 4313 
2999 999 
4689 1562 
3994 3994 
761 253 
4243 4243 
2231 6693 
3722 1240 
2870 8610 
3465 3465 
1995 5985 
71 213 
3491 3491 
5650 16950 
6128 2042 
3946 3946 
2333 777 
4007 1335 
3000 999 
3433 3433 
909 302 
2569 855 
911 2733 
3877 3877 
2519 7557 
3316 3316 
5636 1878 
3248 9744 
1825 607 
4189 1395 
2694 8082 
3437 3437 
2050 682 
3481 1159 
4367 13101 
6454 2150 
3603 3603 
2127 708 
266 88 
4066 4066 
4872 14616 
1910 5730 
4322 4322 
3540 3540 
2386 2386 
2793 930 
3635 10905 
7 21 
2222 2222 
3686 3686 
2618 7854 
5914 1970 
3807 3807 
4961 14883 
6478 19434 
433 143 
3234 3234 
1724 574 
4199 1399 
3289 3289 
2466 2466 
4369 13107 
2403 2403 
5968 17904 
4353 1450 
2944 980 
4502 13506 
1035 3105 
3403 3403 
3760 11280 
362 120 
1983 5949 
4281 1426 
5316 1771 
3460 3460 
6019 2005 
3409 3409 
2873 2873 
2940 8820 
2848 8544 
4167 4167 
4127 4127 
819 2457 
4182 1393 
4825 1607 
6433 2143 
4028 12084 
4206 1401 
3842 1280 
5221 1739 
3061 9183 
2302 766 
3258 3258 
3531 1176 
3087 9261 
2720 906 
2801 2801 
3791 1263 
3306 1101 
2987 995 
3349 3349 
3057 3057 
2187 2187 
3843 1280 
4056 4056 
4916 14748 
3699 3699 
1475 4425 
4070 12210 
2510 2510 
2670 2670 
1375 457 
2434 2434 
4789 1595 
1813 603 
300 900 
2630 2630 
5874 17622 
463 1389 
2284 760 
5431 16293 
4008 4008 
1062 353 
2441 813 
2464 2464 
5459 1819 
4631 13893 
5398 16194 
2462 2462 
3985 3985 
3576 3576 
3876 1291 
4058 1352 
1 3 
2734 8202 
1521 506 
210 630 
4047 1348 
1361 4083 
4280 12840 
1532 510 
6481 19443 
3801 1266 
5803 1933 
326 978 
1583 4749 
3367 3367 
3773 3773 
393 130 
5382 1793 
2407 2407 
1200 3600 
2787 2787 
2448 7344 
2346 7038 
3400 10200 
2827 2827 
5020 1672 
5091 1696 
3840 3840 
2485 2485 
5368 1788 
2436 2436 
1490 496 
3668 11004 
3707 11121 
4671 1556 
2294 2294 
2812 2812 
1886 628 
3568 10704 
6299 18897 
2372 2372 
4082 4082 
852 2556 
5943 1980 
3658 10974 
5189 1729 
4118 4118 
2250 2250 
3641 1213 
2504 834 
3800 3800 
2955 8865 
3384 3384 
2799 2799 
884 294 
1387 461 
6105 18315 
3241 1079 
3910 3910 
4636 13908 
4616 1538 
3003 9009 
2270 756 
3107 3107 
2324 2324 
5246 15738 
3212 3212 
3067 3067 
3532 10596 
3853 1283 
4126 4126 
5330 1776 
2085 6255 
4001 4001 
4875 14625 
6080 2026 
423 1269 
1684 560 
4469 1489 
2601 866 
534 177 
396 1188 
2777 2777 
2510 836 
3882 3882 
3139 3139 
3978 11934 
3542 1180 
4083 4083 
1671 556 
3736 3736 
3262 3262 
3856 11568 
1939 645 
5177 15531 
1753 583 
3701 3701 
2886 961 
4050 4050 
3501 10503 
2140 712 
3257 9771 
2536 2536 
5124 15372 
2595 864 
4501 1499 
2152 6456 
4300 12900 
2919 2919 
3170 9510 
2444 2444 
2891 2891 
3513 1170 
2948 2948 
5069 15207 
1524 507 
3763 11289 
3959 3959 
4779 1592 
2537 2537 
4046 4046 
2989 2989 
2723 2723 
3915 11745 
928 308 
4081 1359 
157 51 
2254 2254 
3951 11853 
1049 3147 
1415 471 
3425 3425 
3888 11664 
2234 6702 
4764 1587 
2584 860 
6308 18924 
3929 1309 
4695 14085 
3297 9891 
5241 1746 
5134 15402 
1075 357 
1453 483 
3997 1331 
1947 648 
2975 2975 
3761 1253 
2405 2405 
1178 392 
5470 1822 
3782 1260 
3193 9579 
2625 2625 
4059 12177 
4114 4114 
3096 9288 
4771 1589 
1006 3018 
3386 10158 
2218 2218 
3638 3638 
3992 11976 
2120 6360 
1664 4992 
504 1512 
2106 701 
4327 4327 
1665 4995 
3044 3044 
787 2361 
5551 16653 
1588 4764 
5748 1915 
3834 3834 
3866 3866 
3807 1268 
3357 1118 
3812 1270 
2552 850 
5579 16737 
153 50 
3059 3059 
2707 2707 
2335 2335 
6390 2129 
5597 16791 
3086 1028 
6265 2087 
3410 10230 
3231 3231 
3793 3793 
2769 8307 
2178 725 
4212 1403 
3477 3477 
1508 502 
3402 1133 
3961 3961 
3344 3344 
4444 13332 
5495 1831 
2206 2206 
3174 3174 
2288 2288 
3609 3609 
2791 929 
4208 4208 
4185 4185 
5350 16050 
4922 1640 
2870 956 
6082 18246 
2395 7185 
2248 2248 
2588 2588 
3373 10119 
367 121 
2459 819 
3391 10173 
3672 3672 
830 2490 
2351 2351 
4464 1487 
3535 3535 
4571 1523 
3273 1090 
89 267 
5766 1921 
1204 400 
3797 1265 
3517 3517 
2244 747 
3145 3145 
3008 1002 
3068 3068 
4434 1477 
3599 10797 
1447 481 
3960 11880 
5173 15519 
784 2352 
3454 10362 
285 94 
4192 4192 
2974 2974 
5999 1999 
3389 3389 
2996 2996 
3172 3172 
2184 2184 
1203 3609 
3680 3680 
2972 2972 
2319 6957 
5927 1975 
262 786 
1958 652 
2720 8160 
5074 15222 
3294 3294 
3244 3244 
2878 958 
238 78 
3611 10833 
2447 7341 
876 2628 
3924 3924 
4451 1483 
2366 788 
1451 4353 
2725 8175 
2177 6531 
6387 2128 
2395 2395 
748 248 
4077 4077 
5166 1721 
1301 3903 
2266 2266 
3199 3199 
3149 3149 
2328 775 
1875 5625 
3915 3915 
4271 4271 
2985 2985 
4329 4329 
5007 1668 
2463 2463 
2054 684 
4107 4107 
1964 5892 
2750 916 
3121 3121 
4653 13959 
1876 624 
2313 770 
4400 1466 
302 906 
2853 2853 
3048 3048 
808 268 
6379 19137 
5051 15153 
3688 3688 
4016 4016 
2740 2740 
6244 2080 
3812 3812 
2176 6528 
1099 365 
5636 16908 
2562 7686 
5851 1949 
2724 907 
3981 11943 
5182 1726 
2983 8949 
2434 7302 
880 2640 
4209 4209 
1709 569 
300 99 
1191 396 
3279 9837 
4195 1397 
1965 654 
5688 17064 
693 230 
1132 3396 
2776 8328 
966 2898 
1288 428 
6252 18756 
880 292 
4610 13830 
5511 16533 
6364 2120 
3442 3442 
3870 1289 
2583 2583 
765 2295 
823 2469 
3508 3508 
4698 1565 
2017 6051 
4711 14133 
2925 2925 
5919 17757 
3767 11301 
1032 3096 
2559 2559 
4262 4262 
4630 1542 
2696 2696 
3826 11478 
5120 15360 
6412 19236 
1627 4881 
2649 2649 
2653 7959 
3012 3012 
4111 4111 
2738 8214 
1466 488 
2460 7380 
1028 342 
4123 4123 
3440 3440 
2366 2366 
6347 2115 
2844 2844 
2315 2315 
965 2895 
2846 948 
5743 1913 
1986 661 
2450 2450 
3860 3860 
4084 4084 
2233 2233 
793 263 
1374 457 
2804 2804 
1882 5646 
3355 3355 
2162 720 
3626 1208 
1001 3003 
5371 16113 
3881 3881 
4073 1357 
6182 18546 
5530 1842 
5830 17490 
903 2709 
1934 644 
3417 1138 
201 66 
6318 18954 
6313 2103 
3272 3272 
3659 3659 
2682 2682 
3360 1119 
4918 14754 
3227 3227 
4859 1619 
707 2121 
3923 3923 
6285 18855 
6475 2157 
3594 3594 
6014 2004 
2932 976 
3617 3617 
6019 18057 
4014 1337 
2375 2375 
1053 350 
3714 3714 
1601 4803 
3333 1110 
6230 2076 
414 1242 
5476 16428 
2091 6273 
3780 3780 
3313 3313 
3541 3541 
3284 1094 
4707 14121 
6207 2068 
2163 6489 
3903 3903 
3314 3314 
5910 1969 
4171 12513 
2810 8430 
2982 993 
2197 731 
126 378 
3892 1296 
1211 403 
3461 3461 
4295 12885 
1147 381 
3755 3755 
2641 2641 
2331 2331 
3652 1216 
3556 1184 
1179 392 
4567 13701 
4187 1395 
2783 8349 
3358 10074 
3799 3799 
4324 1440 
3589 3589 
5529 1842 
1827 608 
3033 3033 
2825 2825 
2437 2437 
6035 18105 
1136 378 
2776 2776 
2215 2215 
2365 787 
2200 732 
5083 1693 
4255 12765 
3263 3263 
2828 2828 
6494 19482 
3036 3036 
3853 3853 
6009 18027 
4800 14400 
3925 3925 
2964 2964 
3521 3521 
3627 1208 
1719 5157 
5045 15135 
914 2742 
3089 3089 
3829 3829 
617 205 
2413 2413 
4875 1624 
2903 2903 
1015 3045 
1847 615 
382 126 
5652 16956 
5839 1945 
5440 1812 
4209 12627 
3127 9381 
2373 2373 
2416 2416 
6416 2138 
893 297 
2296 2296 
3885 3885 
3590 3590 
2638 2638 
3783 3783 
113 339 
954 2862 
1490 4470 
5216 15648 
1131 376 
2822 2822 
2680 2680 
5225 1741 
4288 4288 
4115 4115 
2997 998 
1244 3732 
621 206 
3525 3525 
340 112 
4102 4102 
2477 825 
3153 1050 
3265 9795 
1252 3756 
4741 1579 
776 2328 
6281 18843 
4086 4086 
3096 3096 
3766 3766 
528 1584 
4472 13416 
5053 1683 
3831 11493 
3100 9300 
3842 3842 
3439 3439 
3496 1164 
4283 1427 
5212 1736 
3110 1036 
2364 2364 
4051 1349 
4534 1510 
3412 3412 
1594 4782 
2804 8412 
2015 671 
3989 3989 
4219 1405 
2679 2679 
2489 7467 
6140 18420 
5854 17562 
3880 11640 
251 753 
5134 1710 
6402 19206 
2347 2347 
6151 18453 
3842 11526 
5575 16725 
4411 1469 
2618 2618 
151 49 
2852 950 
5580 1859 
5854 1950 
5250 15750 
6403 19209 
749 249 
2262 2262 
2808 2808 
128 384 
4292 4292 
3204 3204 
2824 2824 
6025 2007 
3136 3136 
3635 3635 
2401 799 
2523 2523 
34 102 
2831 2831 
1766 5298 
3308 3308 
379 1137 
421 1263 
3352 10056 
2089 695 
2785 927 
3280 3280 
6359 19077 
3660 1219 
1702 5106 
5268 15804 
3112 9336 
494 1482 
1609 4827 
5293 1763 
5057 15171 
2895 8685 
5770 17310 
4680 14040 
4124 4124 
745 247 
1081 3243 
4828 1608 
216 71 
2710 2710 
5620 1872 
4071 12213 
4326 4326 
2350 2350 
3616 3616 
4155 4155 
6430 19290 
3539 3539 
5857 1951 
279 837 
3213 3213 
179 59 
4216 4216 
3835 3835 
2724 2724 
6141 18423 
3212 1070 
4709 1569 
1679 5037 
2205 2205 
3221 3221 
2468 2468 
3667 3667 
1267 421 
3061 3061 
2737 2737 
4253 4253 
1118 3354 
4035 4035 
2018 6054 
1079 3237 
4207 4207 
3641 3641 
4149 12447 
5892 1963 
1412 4236 
2424 7272 
4109 1369 
2371 2371 
1700 566 
3626 3626 
3531 3531 
3609 1202 
6165 18495 
647 1941 
2156 6468 
3026 1008 
3296 3296 
5769 1922 
5133 1710 
5304 1767 
6490 2162 
4356 13068 
272 90 
4393 13179 
4192 1396 
3929 3929 
3962 11886 
5151 15453 
2295 2295 
3981 3981 
2542 7626 
4047 12141 
5630 1876 
3255 9765 
1554 517 
2262 6786 
2564 854 
5411 1803 
5900 1966 
809 269 
168 504 
4201 4201 
3805 3805 
4512 13536 
2348 2348 
359 119 
2647 2647 
3656 3656 
3750 11250 
3813 11439 
4525 1507 
4407 1468 
1140 3420 
818 272 
1504 4512 
2913 2913 
1273 3819 
1428 475 
293 97 
3388 1128 
1035 344 
1087 3261 
5744 17232 
888 295 
2571 2571 
4976 14928 
3981 1326 
3320 3320 
2281 2281 
3919 3919 
2627 875 
2958 8874 
4277 1425 
2945 2945 
3048 1015 
3870 3870 
2594 7782 
5786 17358 
2869 8607 
887 2661 
2544 2544 
3703 3703 
2418 805 
3847 3847 
4962 14886 
6290 2096 
3407 3407 
5901 1966 
2381 7143 
4596 13788 
2213 6639 
6091 18273 
5462 1820 
3575 3575 
1848 5544 
2246 2246 
2360 2360 
3320 1106 
2973 2973 
3014 3014 
2896 964 
5467 1821 
2887 8661 
3398 1132 
3416 3416 
3094 3094 
3908 3908 
1039 3117 
3814 11442 
2013 6039 
3896 1298 
3035 3035 
2322 2322 
1879 625 
5056 15168 
649 215 
4434 13302 
5620 16860 
2361 2361 
330 109 
5707 1901 
3232 3232 
4181 4181 
3587 3587 
225 675 
5282 1760 
6251 2083 
2487 2487 
3777 3777 
2171 6513 
607 201 
2283 2283 
3211 3211 
5421 1806 
1541 513 
3332 9996 
2483 2483 
3521 1173 
3811 3811 
3880 3880 
2548 2548 
2452 2452 
5142 1713 
4707 1568 
3705 3705 
2681 2681 
3062 3062 
5268 1755 
4177 1391 
659 219 
4995 1664 
2525 7575 
2227 2227 
1558 4674 
4834 14502 
1254 417 
4157 4157 
630 209 
1217 405 
2372 790 
3132 3132 
5468 1822 
6220 18660 
2937 2937 
2009 669 
2634 7902 
2280 2280 
2169 722 
4261 4261 
4232 4232 
4774 1590 
22 6 
4283 4283 
6292 18876 
3138 1045 
3140 1046 
2424 2424 
5552 1850 
2458 2458 
1836 611 
3108 3108 
6123 2040 
3987 3987 
1335 444 
3488 1162 
3078 9234 
3457 3457 
2870 2870 
5792 1930 
2873 957 
3615 3615 
6052 18156 
149 49 
2118 6354 
618 1854 
964 320 
1729 575 
2277 758 
2577 2577 
5833 1943 
346 1038 
4420 13260 
3978 3978 
2921 2921 
2455 2455 
1218 405 
4160 1386 
678 225 
882 2646 
401 1203 
3162 9486 
3523 3523 
1951 649 
2613 2613 
3780 11340 
3337 3337 
3536 3536 
1507 4521 
5290 1762 
2337 2337 
2678 2678 
6436 2144 
2586 2586 
6497 2165 
6006 2001 
2793 2793 
3741 3741 
4199 4199 
4729 14187 
3327 1108 
2657 2657 
5410 16230 
3043 9129 
1491 4473 
4768 1588 
47 141 
3347 10041 
6362 19086 
3396 3396 
1226 408 
383 127 
3527 3527 
647 215 
3732 3732 
3056 1018 
2798 932 
3381 10143 
6492 19476 
2083 693 
1976 658 
2345 781 
4865 1621 
3661 3661 
2728 2728 
5885 17655 
6305 18915 
2316 2316 
1397 465 
3147 1048 
2993 8979 
2231 2231 
1841 613 
6143 2047 
4101 1366 
3365 1121 
1597 531 
3526 10578 
5321 15963 
5197 15591 
1501 4503 
4425 1474 
4220 1406 
1297 3891 
6082 2026 
4057 4057 
4911 14733 
3422 10266 
4775 1591 
5657 16971 
3303 3303 
3623 1207 
1172 3516 
687 2061 
2607 2607 
5109 15327 
3453 1150 
2242 6726 
3918 3918 
1890 5670 
3292 3292 
959 2877 
6073 18219 
2576 7728 
2232 743 
2892 963 
2188 2188 
2544 847 
1304 3912 
5998 1998 
6194 18582 
3215 3215 
1407 468 
5322 1773 
4777 1591 
2835 2835 
3163 9489 
3590 10770 
610 202 
4015 1337 
5079 1692 
4372 13116 
5835 1944 
5674 17022 
2338 2338 
286 858 
5261 15783 
3632 3632 
604 1812 
2215 737 
4100 1366 
1650 4950 
4198 4198 
597 198 
4056 12168 
3171 3171 
993 2979 
3264 3264 
3848 3848 
6501 2166 
3601 3601 
4577 1525 
3261 1086 
4353 13059 
3909 3909 
4392 13176 
5430 1809 
430 142 
487 1461 
5956 1984 
2299 2299 
2768 8304 
3613 3613 
4847 1615 
3095 1031 
4028 4028 
2499 832 
4515 13545 
5821 17463 
2615 2615 
3414 10242 
4021 4021 
2901 2901 
3554 10662 
4412 13236 
3952 1316 
460 152 
3820 3820 
3398 3398 
6087 2028 
5572 1856 
2491 2491 
1419 472 
2778 925 
3034 3034 
3395 1131 
2945 981 
4222 4222 
5110 1702 
94 282 
2269 755 
6469 2155 
4588 1528 
3608 3608 
3076 3076 
2210 6630 
5389 16167 
1477 491 
3467 3467 
3028 1008 
4878 14634 
4045 4045 
2422 806 
3605 1201 
4197 12591 
285 855 
4346 13038 
3806 1268 
2193 2193 
103 309 
1287 428 
4345 1447 
664 220 
3430 10290 
5987 1995 
444 147 
2362 2362 
2439 2439 
2500 832 
5845 17535 
5362 1786 
2270 6810 
4692 14076 
4821 1606 
3002 3002 
4715 1571 
1698 565 
4263 12789 
2094 6282 
4246 4246 
4079 4079 
2881 959 
5244 1747 
530 1590 
3580 3580 
3579 3579 
2271 2271 
4977 14931 
4112 12336 
4299 12897 
3105 3105 
4126 1374 
4194 4194 
4919 14757 
2671 889 
2932 2932 
4556 13668 
3745 3745 
2444 7332 
5152 1716 
2408 7224 
5515 16545 
2352 2352 
13 3 
5220 1739 
2659 2659 
205 615 
3982 3982 
2068 688 
4460 13380 
6291 18873 
5839 17517 
511 1533 
1215 3645 
2827 941 
295 97 
706 2118 
3826 3826 
5736 17208 
6331 18993 
3429 1142 
4275 4275 
4085 4085 
2045 6135 
3372 1123 
4190 4190 
4554 1517 
2914 2914 
297 98 
5393 16179 
899 299 
2900 8700 
3810 3810 
3436 10308 
3759 11277 
4318 4318 
1023 3069 
2950 2950 
3562 10686 
2643 2643 
3334 3334 
5931 17793 
4332 1443 
2920 8760 
5979 17937 
3100 3100 
2995 2995 
1612 4836 
4853 1617 
6350 2116 
2479 825 
3893 3893 
2221 739 
3343 3343 
4598 13794 
2611 7833 
2721 2721 
2139 6417 
5537 16611 
2526 2526 
1776 591 
3830 1276 
4143 4143 
5836 1944 
2819 2819 
4943 1647 
3998 3998 
3888 3888 
969 322 
4153 4153 
3633 3633 
4226 1408 
3268 9804 
3272 9816 
4104 4104 
468 1404 
4910 14730 
4440 13320 
1675 5025 
3179 9537 
6004 18012 
2877 8631 
3460 10380 
3850 1282 
5291 1763 
2652 2652 
5542 1846 
2201 2201 
2895 2895 
3464 3464 
3500 10500 
4005 4005 
291 96 
6438 19314 
288 864 
2994 997 
799 265 
5751 1916 
6316 2104 
2550 7650 
2359 2359 
3854 3854 
3056 3056 
197 591 
1152 3456 
2248 6744 
3228 1075 
2722 2722 
5165 1721 
2817 938 
3827 11481 
4151 4151 
3852 3852 
3632 10896 
3197 3197 
2904 2904 
633 210 
6074 18222 
5849 1949 
2253 2253 
2435 7305 
3319 3319 
1867 5601 
4302 4302 
5138 15414 
3324 9972 
2274 2274 
3512 10536 
2784 2784 
999 2997 
5351 16053 
5043 1680 
5311 1769 
3106 9318 
6045 2014 
5667 1888 
3538 1178 
3886 1294 
1769 5307 
2934 2934 
3301 3301 
5690 17070 
2214 2214 
1987 5961 
2656 2656 
3578 3578 
4242 1413 
5979 1992 
3676 11028 
3434 3434 
2947 2947 
5118 15354 
3610 10830 
4368 13104 
2516 2516 
816 271 
3359 3359 
2051 683 
4850 14550 
202 606 
67 21 
3684 1227 
5824 17472 
4622 1540 
576 1728 
2940 2940 
2182 6546 
2340 779 
5518 1838 
352 116 
2604 7812 
2532 2532 
3567 3567 
5141 1713 
4168 4168 
3234 9702 
2265 2265 
5862 17586 
1055 3165 
3077 9231 
2851 2851 
1024 340 
1934 5802 
1623 540 
4040 4040 
2335 7005 
2208 735 
5756 17268 
5810 1936 
5359 1785 
1691 563 
2855 2855 
4581 13743 
2175 724 
5936 17808 
1446 4338 
6344 19032 
21 6 
4114 1370 
1242 413 
4042 4042 
3099 3099 
3691 3691 
5928 1975 
2433 2433 
3592 3592 
2187 6561 
3176 3176 
3520 3520 
3284 3284 
2672 8016 
3125 3125 
1173 3519 
4794 1597 
6118 18354 
2563 2563 
2809 8427 
4870 1622 
3217 9651 
5275 1757 
3049 9147 
4395 13185 
4851 1616 
624 207 
3134 1044 
4503 1500 
2488 2488 
222 73 
4002 12006 
2428 2428 
3388 3388 
4939 1645 
1284 3852 
6109 2035 
2683 2683 
2720 2720 
3762 3762 
3682 11046 
5129 15387 
5668 17004 
1751 5253 
5121 1706 
5675 1891 
733 243 
2879 2879 
5522 16566 
4135 4135 
209 627 
3834 1277 
1325 3975 
3397 3397 
4689 14067 
3900 3900 
6309 2102 
315 104 
2756 918 
2716 2716 
376 1128 
2619 2619 
3143 1047 
3122 3122 
3503 3503 
63 189 
3629 3629 
1541 4623 
3927 1308 
2636 2636 
5198 15594 
443 1329 
2341 2341 
3167 3167 
4420 1472 
2930 2930 
4228 4228 
4244 4244 
3236 3236 
5593 1863 
4464 13392 
6136 18408 
3564 1187 
657 1971 
2146 714 
3452 3452 
5235 1744 
2857 2857 
5383 16149 
5814 17442 
686 2058 
4826 14478 
3411 10233 
2723 907 
2445 814 
1231 409 
732 243 
3702 1233 
3976 3976 
5485 1827 
3195 9585 
4166 4166 
490 1470 
4166 12498 
3041 9123 
12 36 
4265 4265 
3364 3364 
2346 2346 
3266 9798 
3809 11427 
1649 549 
5904 1967 
3087 3087 
741 2223 
3950 3950 
4161 4161 
6285 2094 
4039 4039 
6451 19353 
4998 14994 
3245 3245 
2959 985 
2194 2194 
122 40 
4160 4160 
4826 1608 
2339 2339 
1391 4173 
2790 8370 
836 278 
3851 11553 
2160 719 
1162 386 
4691 1563 
5980 1992 
2924 2924 
444 1332 
3219 3219 
3621 3621 
2508 835 
5878 1958 
5331 1776 
5791 17373 
4123 12369 
2327 2327 
4674 1557 
6268 2088 
2236 744 
6077 2025 
2044 680 
2209 6627 
3911 1303 
1771 589 
5519 16557 
2833 943 
4902 1633 
5105 1701 
4070 4070 
3493 10479 
6217 2071 
2522 2522 
5211 15633 
2313 2313 
130 390 
2590 2590 
2877 2877 
3530 3530 
3905 1301 
2982 8946 
1455 4365 
4834 1610 
4475 1491 
2043 680 
1395 464 
5835 17505 
2439 812 
58 18 
3752 1250 
3674 1224 
2501 7503 
488 162 
2123 707 
4278 12834 
4575 1524 
2391 2391 
3346 3346 
232 76 
4195 4195 
3150 3150 
4063 4063 
5279 15837 
4717 14151 
3488 3488 
6488 19464 
1359 452 
2587 7761 
6411 2136 
4087 1361 
2199 2199 
2502 2502 
3764 3764 
2125 707 
3478 3478 
1460 4380 
4018 4018 
1319 439 
3019 9057 
4758 14274 
1502 500 
608 1824 
6482 2160 
2650 2650 
3492 1163 
3851 1283 
411 136 
184 552 
1363 4089 
4058 4058 
3326 3326 
4841 14523 
1406 468 
4930 14790 
4264 1420 
2399 2399 
5871 1956 
2569 7707 
4049 1349 
2290 2290 
6280 18840 
736 244 
5915 17745 
4620 1539 
3138 3138 
3278 3278 
4219 4219 
4291 1429 
225 74 
6032 2010 
325 975 
3674 3674 
2178 2178 
2829 8487 
4236 4236 
3892 11676 
5643 1880 
3143 9429 
1817 5451 
4192 12576 
4374 1457 
68 204 
567 188 
2718 2718 
6258 2085 
2519 2519 
6089 2029 
3876 3876 
5745 1914 
823 273 
4230 4230 
2801 8403 
5267 1755 
4010 4010 
930 2790 
3277 1091 
5023 1673 
4685 1561 
2850 2850 
3843 3843 
2902 966 
3107 9321 
2754 2754 
2609 869 
5483 16449 
6358 19074 
1462 4386 
3028 3028 
1527 508 
3270 3270 
3986 3986 
2186 6558 
1111 3333 
3466 1154 
2781 8343 
1322 3966 
5077 1691 
3104 3104 
3507 3507 
2960 2960 
1526 4578 
3085 3085 
5378 16134 
3374 10122 
425 141 
5123 1707 
3806 3806 
5367 16101 
3975 3975 
3377 1125 
3552 10656 
5546 1848 
5236 15708 
2581 2581 
2723 8169 
5447 16341 
2379 792 
2778 8334 
4310 4310 
4093 12279 
