79 3160
74 74 
35 35 
65 65 
13 13 
78 78 
69 69 
73 73 
62 62 
72 72 
25 25 
30 30 
15 15 
24 24 
23 23 
76 76 
57 57 
10 10 
75 75 
28 28 
22 22 
6 6 
27 27 
52 52 
66 66 
55 55 
43 43 
7 7 
42 42 
59 59 
8 8 
61 61 
1 1 
39 39 
18 18 
37 37 
53 53 
3 3 
16 16 
51 51 
32 32 
41 41 
56 56 
67 67 
26 26 
20 20 
40 40 
33 33 
5 5 
12 12 
17 17 
60 60 
19 19 
64 64 
70 70 
71 71 
9 9 
47 47 
54 54 
38 38 
44 44 
48 48 
31 31 
14 14 
36 36 
45 45 
2 2 
58 58 
50 50 
68 68 
46 46 
11 11 
79 79 
77 77 
29 29 
21 21 
49 49 
63 63 
34 34 
4 4 
