7000 2500
2408 2408 
4502 4502 
4304 1434 
4222 1406 
739 245 
2674 890 
4300 4300 
6188 18564 
5903 1967 
5210 15630 
4607 4607 
1101 3303 
2494 2494 
870 2610 
4394 1464 
4244 12732 
4661 13983 
6478 2158 
4283 4283 
4678 1558 
5513 1837 
2907 2907 
320 106 
3154 1050 
312 936 
2391 2391 
3804 3804 
2697 2697 
5680 1892 
5388 1795 
2927 2927 
2919 8757 
5084 1694 
2709 2709 
5573 16719 
944 314 
2392 7176 
3713 11139 
4010 4010 
314 104 
6431 2143 
2216 6648 
5205 15615 
2777 8331 
4423 4423 
3980 3980 
1725 5175 
6959 20877 
3689 1229 
4871 1623 
3592 1196 
870 289 
4149 4149 
1775 5325 
5328 1775 
4158 4158 
4162 4162 
3628 1208 
3936 3936 
3725 3725 
2529 2529 
5311 15933 
2605 2605 
4640 1546 
1376 4128 
1654 550 
3426 1141 
3306 3306 
6100 18300 
3301 3301 
2974 8922 
6311 2103 
6970 20910 
2959 985 
3773 3773 
3681 3681 
4197 4197 
3644 3644 
1353 4059 
2171 723 
3696 3696 
5793 17379 
4240 12720 
3017 1005 
5380 1792 
6291 2096 
3701 11103 
1495 497 
1805 5415 
2514 837 
892 2676 
3055 1017 
4408 13224 
1839 5517 
1221 3663 
6750 2249 
3832 11496 
4888 1628 
2060 6180 
5288 15864 
6952 20856 
6927 2308 
2806 2806 
2775 924 
4651 4651 
2381 2381 
5272 1756 
2169 6507 
3501 3501 
4264 4264 
4404 4404 
6353 19059 
5745 17235 
3879 3879 
2296 764 
1999 665 
6009 2002 
2797 8391 
5537 16611 
3414 3414 
3011 9033 
3006 1001 
1887 628 
1527 508 
1080 359 
4475 4475 
2604 7812 
4018 4018 
2699 2699 
3239 3239 
3216 9648 
2644 2644 
5456 16368 
6034 2010 
2987 2987 
2512 7536 
3912 1303 
5811 1936 
5190 1729 
6023 18069 
1804 600 
1905 634 
2845 2845 
4049 1349 
1658 4974 
3810 3810 
2931 2931 
3026 3026 
266 88 
4732 14196 
3442 3442 
2859 952 
1256 3768 
4294 4294 
4538 4538 
4313 4313 
6688 20064 
3069 3069 
1271 423 
298 894 
267 88 
1874 624 
3168 3168 
34 102 
3499 3499 
244 732 
855 2565 
4927 14781 
1801 5403 
5604 1867 
6036 18108 
2589 862 
4661 1553 
2402 800 
6576 2191 
3869 3869 
1558 4674 
106 34 
3961 11883 
5935 17805 
310 102 
2443 2443 
4091 4091 
4000 12000 
115 37 
4391 1463 
1883 5649 
4356 4356 
5642 1880 
3215 3215 
6870 2289 
6351 19053 
6037 18111 
3230 3230 
4631 4631 
3133 9399 
1233 3699 
4775 1591 
4441 1479 
3558 10674 
4800 1599 
2535 2535 
3989 3989 
6063 2020 
3203 3203 
3352 3352 
1181 3543 
794 264 
776 258 
5270 1756 
3733 3733 
2547 2547 
1396 464 
3980 11940 
3169 1055 
2848 948 
3653 10959 
4265 1421 
2058 685 
4543 4543 
566 1698 
2682 2682 
247 81 
4187 4187 
2005 6015 
6648 19944 
3926 3926 
2539 2539 
701 2103 
5627 1875 
4677 1558 
2675 2675 
6182 18546 
2831 2831 
6485 2161 
2958 8874 
6807 2268 
2647 2647 
4471 4471 
1763 5289 
2544 847 
5547 16641 
4304 4304 
6670 2222 
3270 1089 
5390 1796 
4781 14343 
2454 817 
3598 10794 
2734 2734 
5255 15765 
6510 19530 
3699 11097 
2499 7497 
1070 356 
3072 3072 
231 693 
6394 2130 
3985 3985 
5761 1919 
1947 648 
3053 3053 
3415 1137 
4508 4508 
525 174 
2119 6357 
6661 19983 
4103 4103 
4795 14385 
2891 2891 
3530 3530 
3921 1306 
6174 18522 
3450 3450 
4342 1446 
3063 9189 
4527 1508 
5934 1977 
4434 1477 
3225 1074 
1196 398 
3272 9816 
5395 16185 
4210 1402 
713 2139 
2998 8994 
2779 2779 
6980 20940 
3534 3534 
4625 4625 
3419 3419 
1307 435 
534 1602 
5985 17955 
3650 1216 
3825 3825 
900 299 
1363 453 
1358 452 
3664 3664 
4789 1595 
4944 14832 
6863 2287 
3994 3994 
3127 9381 
4626 13878 
6736 20208 
6171 18513 
2894 8682 
762 2286 
1029 3087 
3835 3835 
4446 4446 
4434 4434 
1921 639 
296 98 
4570 13710 
981 2943 
2952 2952 
802 2406 
2853 2853 
2438 812 
2995 2995 
3318 1105 
6568 19704 
3342 1113 
2438 2438 
4852 14556 
1007 335 
5670 1889 
3690 3690 
2332 6996 
3814 3814 
2990 2990 
3376 1124 
4769 1589 
1055 351 
3616 3616 
4155 1384 
2724 2724 
1083 360 
3441 3441 
2856 8568 
4643 4643 
2287 761 
1886 5658 
2713 2713 
3337 10011 
5013 1670 
2063 6189 
3746 3746 
2929 8787 
3121 1039 
1228 3684 
3318 3318 
2781 2781 
3055 3055 
3762 3762 
2850 949 
1121 373 
2309 769 
4456 1484 
3635 3635 
5739 1912 
5495 1831 
4695 1564 
1124 374 
3262 3262 
887 2661 
5051 1683 
2601 866 
2168 6504 
106 318 
554 1662 
3410 3410 
4830 1609 
5511 1836 
2270 6810 
2705 2705 
2048 6144 
113 37 
2880 2880 
3112 3112 
3388 1128 
6206 18618 
1063 3189 
371 123 
3327 3327 
4107 1368 
1921 5763 
4020 12060 
4593 1530 
1692 5076 
3818 3818 
4811 1603 
3226 3226 
6608 19824 
3507 10521 
2631 7893 
2995 997 
930 309 
4431 1476 
684 227 
4903 14709 
4027 1341 
2389 2389 
196 64 
6635 19905 
220 660 
5415 1804 
3308 3308 
5477 16431 
1427 4281 
753 2259 
589 1767 
5672 17016 
2714 2714 
3010 3010 
5555 1851 
3371 3371 
840 279 
4828 14484 
3801 1266 
3093 1030 
4428 4428 
2775 2775 
2118 705 
831 276 
3797 3797 
4047 1348 
393 130 
80 26 
4589 4589 
1559 519 
3858 3858 
724 2172 
3316 1104 
2646 2646 
4241 4241 
1493 497 
938 2814 
4050 1349 
4489 1495 
1484 494 
264 87 
730 2190 
5396 1798 
4584 1527 
2179 725 
45 14 
3045 3045 
2144 6432 
4023 4023 
3427 1141 
3399 10197 
2526 7578 
3866 11598 
4013 12039 
1648 4944 
4412 13236 
4254 4254 
2250 749 
6760 20280 
4075 1357 
4286 4286 
4406 13218 
2816 938 
1973 657 
2429 2429 
4487 4487 
4420 4420 
3066 3066 
6729 2242 
4011 1336 
5516 16548 
4727 14181 
2840 946 
1247 415 
4761 1586 
4219 4219 
1730 5190 
5620 16860 
2368 2368 
2358 2358 
6250 18750 
3380 3380 
4295 4295 
6443 2147 
1161 3483 
6856 20568 
4981 1659 
1074 3222 
2104 6312 
3608 3608 
2050 682 
763 2289 
6795 2264 
6889 20667 
922 2766 
2651 2651 
5066 1688 
5085 15255 
184 552 
2849 949 
4227 1408 
4489 4489 
5298 1765 
3954 3954 
4398 1465 
4422 4422 
5292 1763 
5587 1861 
781 259 
5758 1918 
4637 4637 
6102 18306 
4041 1346 
6111 18333 
2036 6108 
3008 1002 
4438 1478 
3283 3283 
918 305 
5711 17133 
3660 10980 
3741 3741 
4078 1358 
180 59 
4253 12759 
1865 5595 
5936 17808 
6769 20307 
5106 1701 
3852 3852 
1232 3696 
2776 8328 
2786 928 
3150 3150 
4204 4204 
5283 1760 
526 1578 
5490 16470 
5167 1721 
1313 437 
4154 4154 
1701 566 
3898 3898 
5524 1840 
2759 8277 
6325 18975 
999 332 
4213 4213 
4735 14205 
5251 1749 
2238 6714 
4572 4572 
4246 12738 
4418 13254 
6143 18429 
2528 842 
3616 1204 
4666 1554 
2936 8808 
3669 3669 
4207 4207 
2197 731 
4618 4618 
1228 408 
4183 12549 
800 2400 
1240 412 
367 121 
3356 3356 
4788 1595 
358 1074 
2115 6345 
4193 1397 
4019 4019 
2554 2554 
6965 2321 
1603 4809 
60 19 
3766 3766 
4968 14904 
3836 11508 
3560 3560 
4689 14067 
1711 569 
4380 1459 
6825 20475 
2762 2762 
6983 20949 
4540 4540 
3869 11607 
4314 12942 
291 96 
4580 1526 
2845 947 
1098 365 
3871 3871 
4085 4085 
4011 12033 
4280 4280 
2432 7296 
4057 1351 
2579 2579 
4672 14016 
4599 4599 
4259 4259 
4297 12891 
2059 6177 
3965 3965 
1132 3396 
504 167 
4764 14292 
5794 1930 
2842 2842 
3631 3631 
4055 4055 
1475 4425 
3266 3266 
4097 4097 
6272 2090 
4542 4542 
4351 1449 
5548 1848 
3275 3275 
6481 2159 
4208 4208 
6049 2015 
5127 1708 
4375 4375 
4924 1640 
4323 1440 
1492 4476 
3253 1083 
1204 3612 
5285 15855 
580 192 
3562 10686 
678 2034 
1522 4566 
6270 18810 
757 2271 
4411 4411 
3870 3870 
579 192 
4324 4324 
6509 19527 
2913 8739 
2612 2612 
6392 19176 
5024 15072 
5145 1714 
3227 3227 
6775 20325 
5735 1911 
3268 3268 
3548 10644 
6437 19311 
2765 2765 
3909 3909 
656 218 
3885 1294 
2981 2981 
2474 824 
3418 3418 
3719 3719 
21 63 
3864 1287 
5872 1956 
642 213 
284 94 
508 1524 
5433 1810 
4630 4630 
90 29 
4307 1435 
2645 7935 
760 2280 
2798 8394 
3263 1087 
4415 4415 
4670 1556 
286 94 
3709 3709 
4318 4318 
2937 2937 
4691 1563 
5232 1743 
4201 12603 
3006 3006 
3782 3782 
2520 2520 
2378 7134 
2956 2956 
1447 481 
3197 3197 
2395 2395 
5052 1683 
2560 2560 
6788 2262 
3705 3705 
591 1773 
2704 2704 
4590 1529 
821 2463 
6101 18303 
3628 3628 
4532 1510 
4116 1371 
1519 4557 
2773 8319 
4468 4468 
967 321 
6644 19932 
2840 2840 
2802 8406 
4604 1534 
1373 457 
4831 14493 
3619 10857 
6602 19806 
4117 4117 
2142 6426 
6699 2232 
5120 15360 
3604 3604 
3552 3552 
2342 2342 
5723 1907 
5644 1880 
728 242 
3369 3369 
879 292 
1617 538 
4602 4602 
1148 382 
1634 4902 
5235 1744 
6950 20850 
2876 8628 
3398 3398 
4107 4107 
2712 8136 
2912 2912 
2580 7740 
2508 2508 
6948 2315 
3280 1092 
6626 2208 
1481 493 
3953 3953 
3641 1213 
3647 10941 
6391 2129 
2732 910 
3858 1285 
457 151 
3987 11961 
2040 6120 
3931 11793 
3461 3461 
2936 2936 
4436 4436 
4249 4249 
1964 5892 
2978 992 
371 1113 
5170 1722 
449 149 
2877 8631 
6130 18390 
3891 3891 
3994 1330 
2650 2650 
4627 4627 
6206 2068 
1476 4428 
3312 1103 
3633 1210 
3099 3099 
2539 845 
1926 641 
2652 2652 
3319 1105 
2145 714 
2708 2708 
3040 3040 
4812 14436 
3535 3535 
6797 20391 
1898 5694 
2341 779 
3741 11223 
4312 4312 
2578 858 
5112 1703 
2947 8841 
3423 10269 
4781 1593 
6967 20901 
6734 20202 
3025 3025 
4952 1650 
2168 722 
3005 3005 
472 156 
153 459 
1842 5526 
3697 3697 
6899 2299 
804 2412 
1264 420 
2996 2996 
5848 1948 
3551 3551 
4335 1444 
2472 7416 
1532 4596 
3338 1112 
2812 936 
2886 2886 
3663 3663 
3385 3385 
3182 3182 
1107 368 
2290 6870 
6973 2323 
146 48 
5321 1773 
3472 10416 
4152 4152 
2482 826 
3718 1238 
3895 3895 
3856 3856 
3035 9105 
4776 14328 
818 2454 
3250 9750 
2430 2430 
4482 13446 
4837 1611 
3014 3014 
4178 4178 
589 195 
4329 4329 
4139 4139 
2581 2581 
4439 4439 
5552 16656 
4622 13866 
2571 856 
4719 14157 
1317 3951 
3638 3638 
5512 16536 
1147 3441 
655 217 
5050 15150 
3233 1077 
2903 8709 
5799 17397 
4231 12693 
5721 17163 
5557 16671 
4183 4183 
4271 4271 
774 2322 
5841 17523 
1443 4329 
5918 17754 
6159 18477 
4702 1566 
2931 8793 
3909 11727 
2256 6768 
5820 17460 
377 1131 
6430 2142 
3205 9615 
3897 3897 
4505 4505 
6285 18855 
4381 4381 
1467 488 
4937 14811 
6859 2285 
1678 558 
1195 397 
4450 4450 
1144 380 
4586 4586 
4403 4403 
6479 19437 
1568 522 
3613 10839 
3119 3119 
4150 4150 
6688 2228 
4387 4387 
2265 754 
3646 1214 
2811 2811 
4104 12312 
3963 3963 
3702 3702 
4185 12555 
4525 4525 
3295 3295 
4738 1578 
3238 1078 
4264 12792 
5730 17190 
4200 4200 
2872 2872 
3557 3557 
1815 604 
4350 13050 
2492 2492 
1150 3450 
6712 20136 
3693 11079 
1504 4512 
3641 10923 
4883 1627 
3710 1236 
1170 389 
4151 4151 
5204 1734 
3972 11916 
1382 460 
2805 2805 
634 210 
6129 2042 
3401 3401 
5159 1719 
2617 871 
3490 3490 
4195 12585 
61 183 
2816 2816 
3435 3435 
962 2886 
4274 4274 
6681 20043 
3220 3220 
3162 9486 
3038 3038 
4028 4028 
6328 2108 
3792 3792 
1777 591 
2274 6822 
1675 5025 
2401 799 
3126 9378 
6698 20094 
5247 15741 
6972 2323 
2917 2917 
2935 2935 
4609 1535 
2195 731 
4430 13290 
2999 2999 
5611 1869 
1907 635 
4949 14847 
2964 987 
3141 9423 
6462 2153 
436 144 
3163 3163 
533 177 
3437 3437 
4239 1412 
3215 1071 
5336 1778 
5744 17232 
1344 447 
4240 1412 
2558 7674 
3479 1159 
3361 3361 
6217 18651 
3463 3463 
2519 7557 
6310 2102 
6067 2021 
2610 2610 
6302 18906 
3081 3081 
3769 1255 
1563 520 
3883 1293 
2922 2922 
747 2241 
4662 4662 
3401 10203 
3880 3880 
4510 4510 
1184 3552 
3333 1110 
495 164 
2154 717 
3692 11076 
2638 2638 
195 585 
4051 4051 
3307 1101 
4289 4289 
5189 1729 
333 110 
2127 6381 
307 101 
1233 410 
4533 4533 
269 807 
3059 3059 
3888 3888 
2488 828 
3482 3482 
189 62 
4023 1340 
3169 3169 
4186 1394 
6329 18987 
1004 3012 
4481 4481 
2588 2588 
6242 18726 
1717 571 
2549 2549 
2642 2642 
3339 10017 
6477 2158 
3527 10581 
2591 863 
4313 1437 
4509 4509 
2712 903 
4211 12633 
5603 1867 
198 65 
5055 15165 
3915 1304 
2925 8775 
3829 3829 
4248 4248 
2041 679 
3571 3571 
3714 1237 
16 48 
4620 4620 
4639 13917 
2977 2977 
4002 12006 
3752 3752 
5575 1857 
1287 428 
3202 3202 
851 2553 
671 2013 
1230 409 
5166 1721 
5840 17520 
4352 4352 
6668 20004 
4054 1350 
473 157 
456 151 
2532 7596 
1800 599 
4913 1637 
3771 1256 
5789 17367 
4503 4503 
2852 950 
3076 9228 
2184 6552 
2404 2404 
5439 1812 
487 161 
5387 1795 
3935 1311 
2094 6282 
2082 693 
3562 3562 
3829 11487 
3302 9906 
3788 11364 
969 322 
6962 20886 
2718 2718 
4571 13713 
2180 726 
1631 543 
3196 3196 
1746 5238 
3640 3640 
2701 2701 
301 903 
387 128 
5122 15366 
5411 1803 
2745 2745 
488 162 
3793 3793 
4523 4523 
18 54 
4101 4101 
4508 13524 
89 267 
2306 6918 
4653 4653 
5628 16884 
2513 2513 
362 120 
2598 2598 
2054 684 
999 2997 
2884 2884 
3202 9606 
2316 771 
3198 3198 
492 1476 
2140 712 
4153 4153 
6746 2248 
1223 3669 
4349 1449 
2514 2514 
3425 1141 
3982 3982 
721 239 
2815 2815 
6318 18954 
2882 2882 
3450 1149 
6208 2068 
4115 4115 
3992 3992 
3243 3243 
3295 9885 
4278 4278 
3037 1011 
5823 1940 
2758 2758 
3525 3525 
4660 4660 
1830 609 
5029 15087 
3 9 
6758 20274 
3344 3344 
3745 1247 
4211 4211 
2902 966 
3059 9177 
1182 3546 
451 1353 
3404 3404 
3796 3796 
2890 2890 
4370 1456 
3001 3001 
3623 3623 
1581 526 
3405 3405 
3039 3039 
659 1977 
6336 2111 
3026 9078 
4038 4038 
2960 2960 
1955 5865 
2501 833 
2945 981 
3787 1261 
1478 492 
4045 4045 
1202 3606 
4588 13764 
5658 1885 
3833 1277 
1352 4056 
2796 931 
2871 2871 
6596 19788 
2003 6009 
4429 13287 
6221 2073 
5861 17583 
4600 13800 
6550 2182 
2372 2372 
4163 4163 
2161 719 
6399 2132 
2766 2766 
5471 1823 
4367 4367 
2423 2423 
3176 9528 
5882 1960 
3089 9267 
3058 3058 
3433 3433 
4672 1556 
3247 9741 
3475 3475 
4308 12924 
4291 4291 
2393 2393 
5000 1666 
2425 2425 
3797 11391 
3477 3477 
4560 4560 
260 86 
363 1089 
3677 3677 
4925 14775 
3236 3236 
3470 3470 
3550 3550 
2703 2703 
2232 743 
3642 1213 
2383 793 
6033 18099 
221 663 
2784 2784 
5690 17070 
3557 1185 
4099 4099 
6783 20349 
2932 2932 
2863 2863 
2664 2664 
5521 16563 
6893 2297 
40 12 
5207 1735 
2963 8889 
3783 3783 
3465 3465 
3013 9039 
4816 14448 
5703 1900 
1530 4590 
5450 1816 
1552 4656 
3582 3582 
5039 1679 
4393 13179 
742 246 
3951 3951 
6518 19554 
3390 10170 
6894 2297 
2429 7287 
1621 539 
6458 2152 
3610 3610 
3083 3083 
3280 3280 
3103 3103 
814 270 
2374 2374 
2323 773 
3118 3118 
3905 3905 
2028 675 
6354 2117 
2358 785 
4062 4062 
2740 2740 
3774 3774 
692 230 
2245 747 
1239 3717 
6754 20262 
3320 3320 
2027 675 
1597 4791 
6761 20283 
2676 2676 
4647 4647 
6230 2076 
2754 2754 
3161 3161 
4854 1617 
6527 2175 
4176 1391 
2906 968 
5774 1924 
4109 12327 
4001 1333 
1653 4959 
4351 4351 
5434 16302 
6870 20610 
3432 3432 
6254 2084 
2616 2616 
3622 3622 
1671 556 
1963 653 
4499 4499 
2793 930 
1124 3372 
4206 4206 
3596 10788 
4094 4094 
1761 586 
3779 11337 
3397 3397 
2485 2485 
6483 2160 
3150 1049 
5983 1993 
2453 2453 
1554 517 
3086 1028 
5885 1961 
121 363 
4783 14349 
213 70 
1289 429 
2225 6675 
3903 1300 
3955 11865 
1659 4977 
5804 1934 
3774 1257 
2488 2488 
6348 19044 
2148 6444 
3939 1312 
3425 10275 
3431 10293 
2777 2777 
4011 4011 
324 972 
4609 4609 
772 2316 
2730 909 
5068 15204 
4859 1619 
225 675 
4559 1519 
4279 4279 
4277 4277 
3 0 
1205 3615 
3991 3991 
3017 3017 
5614 16842 
3661 3661 
6901 20703 
4073 1357 
1213 3639 
4565 1521 
4266 4266 
3258 1085 
2883 8649 
3153 3153 
1628 542 
3154 3154 
4661 4661 
2426 2426 
4145 4145 
2992 2992 
3849 3849 
6880 20640 
4110 4110 
2348 2348 
4506 4506 
2263 753 
5224 15672 
884 294 
3129 1042 
323 969 
4611 4611 
2969 2969 
4395 4395 
3750 1249 
3251 1083 
3658 3658 
2551 2551 
3758 3758 
3195 9585 
1495 4485 
5589 1862 
14 4 
565 1695 
3893 3893 
5172 1723 
2672 2672 
2868 2868 
3857 1285 
1753 5259 
575 1725 
1108 368 
2056 684 
4365 4365 
1994 5982 
6147 2048 
2859 2859 
1624 540 
3062 3062 
682 226 
3572 3572 
4146 4146 
4301 4301 
2294 764 
3511 3511 
4515 4515 
2763 2763 
2951 2951 
4294 1430 
916 304 
1242 3726 
5476 1824 
4549 13647 
4577 4577 
6022 2006 
3555 3555 
2573 2573 
5196 15588 
3333 9999 
5031 1676 
5401 1799 
3070 1022 
691 2073 
3605 3605 
3271 9813 
1033 343 
3440 3440 
1826 5478 
2086 6258 
425 141 
4105 4105 
645 214 
2756 2756 
6 18 
5491 16473 
2320 772 
375 124 
788 2364 
948 2844 
1504 500 
2410 2410 
5193 1730 
6380 2126 
6901 2299 
2465 2465 
4912 1636 
6070 2022 
543 1629 
4241 12723 
1028 342 
490 1470 
2593 2593 
3029 3029 
4765 14295 
2620 2620 
5798 17394 
3137 3137 
1774 590 
6146 18438 
1378 4134 
4337 4337 
3154 9462 
5850 17550 
2219 6657 
1085 361 
3428 3428 
2953 8859 
3078 9234 
6703 2233 
6136 2044 
2633 2633 
2114 6342 
2349 2349 
2299 765 
2595 2595 
2374 7122 
3760 3760 
5300 1766 
3678 3678 
2736 2736 
1131 3393 
389 129 
2940 2940 
4200 12600 
1006 334 
2786 2786 
2862 2862 
3224 9672 
3636 1211 
2501 2501 
2828 8484 
6133 2043 
1436 478 
4559 4559 
5844 17532 
5997 17991 
5310 1769 
3729 3729 
5435 1811 
1272 423 
1682 560 
5722 17166 
2696 2696 
3727 3727 
2497 2497 
2721 2721 
974 324 
2803 2803 
3753 3753 
3116 1038 
1969 5907 
4935 14805 
1955 651 
5900 17700 
2711 903 
4390 13170 
3471 1156 
3890 3890 
3728 3728 
4173 4173 
5366 16098 
1002 3006 
2343 2343 
6281 18843 
681 2043 
633 210 
4616 4616 
3952 1316 
4159 4159 
83 249 
4163 1387 
2248 6744 
2205 6615 
778 2334 
363 120 
3492 3492 
3004 9012 
755 2265 
3107 1035 
3213 1070 
4279 1425 
2669 8007 
6319 2105 
2878 8634 
3005 9015 
4358 4358 
812 270 
4031 1343 
2427 2427 
6997 20991 
2677 891 
3159 1052 
2351 2351 
5635 16905 
618 1854 
5987 17961 
5095 15285 
3065 3065 
2745 914 
3468 3468 
2929 2929 
2353 2353 
4064 1354 
5779 1925 
6427 19281 
3644 10932 
3245 3245 
2686 2686 
1030 3090 
5987 1995 
4328 4328 
3742 1246 
3430 3430 
3072 1023 
798 265 
3296 3296 
3851 3851 
6694 2230 
4474 13422 
5068 1688 
3790 3790 
3949 3949 
3627 1208 
2817 2817 
2996 8988 
5836 1944 
1260 419 
5431 1809 
6845 20535 
3901 3901 
727 2181 
4205 4205 
5468 16404 
4966 14898 
6334 19002 
6032 2010 
5048 15144 
6282 2093 
3728 11184 
2473 823 
4592 4592 
2671 2671 
2016 6048 
3128 3128 
4371 4371 
3593 3593 
5853 1950 
6208 18624 
863 2589 
2614 2614 
6356 2118 
3843 1280 
3781 3781 
3971 11913 
431 1293 
4414 4414 
4278 1425 
383 127 
396 1188 
1192 3576 
2802 2802 
49 15 
2659 885 
3478 3478 
3034 3034 
2382 2382 
3090 3090 
1189 3567 
1106 3318 
4951 1649 
4253 4253 
3105 3105 
3132 1043 
5460 1819 
3918 3918 
2486 2486 
3937 3937 
3748 3748 
6403 19209 
3603 3603 
4535 4535 
1937 5811 
2923 2923 
2090 6270 
3366 3366 
4284 4284 
2552 2552 
2900 2900 
4777 1591 
2019 6057 
4116 4116 
1348 4044 
2768 2768 
3309 9927 
4789 14367 
3207 9621 
5038 1678 
5675 1891 
1954 5862 
4134 4134 
5089 15267 
353 1059 
3322 3322 
1850 5550 
6202 18606 
2294 6882 
2713 8139 
2193 730 
2561 2561 
4985 14955 
3026 1008 
2973 2973 
3789 1262 
4865 1621 
2412 2412 
4360 4360 
2464 7392 
2586 2586 
4923 1640 
4468 13404 
827 2481 
3194 3194 
1174 390 
6666 19998 
2502 7506 
3113 3113 
3841 3841 
1212 403 
1275 424 
3091 3091 
277 91 
1172 3516 
2730 2730 
3813 3813 
4588 4588 
4111 4111 
2356 2356 
6229 2075 
3383 10149 
3052 3052 
6618 19854 
4069 1355 
4401 4401 
3276 9828 
4104 4104 
3848 3848 
6053 18159 
961 2883 
614 1842 
6097 2031 
6816 20448 
3723 3723 
6087 2028 
1579 4737 
2509 2509 
3545 10635 
3684 3684 
1406 468 
438 1314 
31 93 
1920 5760 
5541 1846 
5882 17646 
5340 16020 
4484 4484 
1693 5079 
1249 415 
4282 4282 
6400 2132 
1694 5082 
6674 2224 
3029 9087 
4801 1599 
3067 3067 
2136 6408 
3332 9996 
2627 2627 
3481 1159 
4174 4174 
3661 10983 
4194 12582 
1032 3096 
2148 715 
2468 2468 
3682 3682 
156 468 
3764 3764 
3565 3565 
4500 4500 
2796 2796 
3932 1310 
2757 2757 
4388 4388 
3990 3990 
5986 1994 
3462 3462 
2452 816 
3947 1315 
3363 3363 
2818 2818 
3223 3223 
6365 19095 
2810 2810 
4217 4217 
2967 2967 
1722 5166 
2856 2856 
2656 2656 
680 226 
789 262 
1811 603 
3580 10740 
6497 2165 
4749 14247 
142 46 
3305 1101 
6148 18444 
3018 3018 
730 242 
6620 19860 
4957 14871 
2524 7572 
251 753 
2489 829 
5004 1667 
6664 2220 
2090 696 
3300 1099 
4564 4564 
4482 4482 
4418 4418 
3362 3362 
5260 15780 
2458 7374 
4621 4621 
2755 917 
4969 1655 
4330 1442 
3972 3972 
3885 3885 
6944 2314 
1183 3549 
3276 3276 
5327 15981 
2223 740 
3019 3019 
773 2319 
6028 2008 
5980 17940 
4387 13161 
4022 12066 
2794 930 
793 2379 
2680 8040 
1713 5139 
2902 2902 
5859 17577 
2375 2375 
3082 3082 
3575 10725 
4237 4237 
6685 20055 
3113 1037 
4315 12945 
3393 1130 
2178 6534 
4214 12642 
4332 4332 
5713 17139 
4239 4239 
2416 2416 
2612 7836 
4274 12822 
3762 11286 
5326 15978 
676 224 
4484 13452 
4576 4576 
3042 9126 
2896 2896 
6194 2064 
4596 4596 
5981 17943 
587 195 
3087 3087 
6327 2108 
4100 4100 
1926 5778 
3896 1298 
3115 3115 
248 82 
3489 10467 
2887 2887 
6080 2026 
914 2742 
6895 2297 
2924 2924 
2997 2997 
3678 11034 
2955 2955 
2788 2788 
4177 4177 
4261 4261 
3468 10404 
3554 3554 
50 16 
3567 3567 
3225 3225 
4829 1609 
2365 7095 
3167 9501 
925 2775 
3214 3214 
3786 11358 
1137 3411 
3780 1259 
6404 19212 
3942 3942 
3250 3250 
2733 2733 
3794 3794 
4820 1606 
6585 2194 
5450 16350 
4262 4262 
1088 3264 
1072 3216 
6472 2156 
2158 6474 
5399 1799 
1349 449 
4579 1525 
3956 1318 
842 280 
6788 20364 
5188 1728 
3575 1191 
4875 14625 
1694 564 
3525 1174 
2694 2694 
560 1680 
2442 813 
6199 18597 
115 345 
5063 15189 
1757 585 
4563 4563 
3449 3449 
5920 17760 
5906 17718 
1986 5958 
4240 4240 
2836 2836 
2420 2420 
1433 4299 
3911 11733 
5294 1764 
6532 19596 
6642 19926 
3506 3506 
1596 531 
6879 20637 
3131 3131 
4414 1470 
3438 1145 
6194 18582 
2417 2417 
3251 3251 
2909 2909 
3746 11238 
671 223 
3309 3309 
4193 4193 
3313 3313 
6482 19446 
4442 4442 
4228 1408 
4035 4035 
6539 19617 
3833 11499 
4539 4539 
5028 1675 
4235 12705 
4474 4474 
1052 350 
2669 2669 
2640 2640 
2431 809 
3867 3867 
5738 1912 
2133 710 
1823 607 
2403 2403 
2858 2858 
3579 10737 
2322 773 
5757 1918 
4592 1530 
2930 976 
5487 1828 
3084 3084 
811 269 
4400 4400 
4605 4605 
4908 14724 
4589 1529 
1449 482 
2688 2688 
6702 2233 
6172 18516 
3946 11838 
4573 4573 
4299 4299 
4194 4194 
2901 2901 
4184 4184 
3594 1197 
495 1485 
2262 6786 
2893 2893 
4015 12045 
4118 4118 
4349 4349 
2454 7362 
3537 3537 
3610 1202 
2891 963 
1971 5913 
6455 2151 
2220 739 
4877 14631 
3894 3894 
609 1827 
5929 17787 
2994 2994 
4269 4269 
6891 2296 
3889 3889 
2976 8928 
3429 1142 
3410 1136 
5264 1754 
2380 7140 
2983 2983 
4002 4002 
2556 851 
5133 15399 
2795 2795 
3233 3233 
3393 3393 
6922 20766 
6271 18813 
1781 5343 
1152 3456 
2339 2339 
4618 1538 
2591 7773 
3148 3148 
5003 15009 
1720 572 
4353 13059 
4224 4224 
4204 1400 
4061 4061 
4160 12480 
4280 1426 
3223 1073 
2370 2370 
6432 2143 
6013 2003 
6335 2111 
5600 1866 
682 2046 
3590 3590 
5453 16359 
4276 1424 
6730 2242 
1608 535 
4015 1337 
182 60 
1591 529 
1336 4008 
3207 3207 
5026 1674 
2641 2641 
4203 4203 
3403 3403 
614 204 
4518 4518 
6135 18405 
4252 4252 
5032 1676 
3431 3431 
2469 7407 
2885 2885 
3585 10755 
2626 2626 
5109 1702 
3599 3599 
899 2697 
4190 4190 
823 2469 
4072 4072 
3806 1268 
3706 3706 
3529 3529 
6390 19170 
1397 465 
3981 3981 
1927 641 
4668 14004 
2631 2631 
2947 2947 
1769 589 
3969 3969 
3507 3507 
2825 8475 
6395 19185 
1167 3501 
2554 850 
3612 3612 
1813 603 
2586 861 
6832 20496 
2670 2670 
1986 661 
1141 379 
5221 15663 
4191 4191 
2899 965 
48 15 
1612 4836 
174 522 
2812 2812 
3195 3195 
4984 1660 
6883 20649 
6778 2258 
1917 638 
6547 19641 
3587 3587 
3979 3979 
3914 3914 
4393 4393 
3191 3191 
1638 545 
2629 2629 
3954 11862 
3173 9519 
4243 4243 
5014 15042 
5331 1776 
4030 1342 
2024 6072 
3923 3923 
5708 1902 
4574 4574 
4079 4079 
1700 5100 
2097 6291 
4823 1607 
2407 2407 
3051 3051 
3693 3693 
4310 4310 
6337 2111 
261 86 
4426 13278 
3500 3500 
3777 1258 
2308 768 
122 366 
3850 3850 
3649 1215 
5773 17319 
3674 1224 
966 321 
4872 1623 
1343 447 
4723 14169 
5897 1965 
596 198 
3800 1266 
5342 16026 
4962 1653 
1084 3252 
2070 689 
6423 19269 
2726 2726 
3181 3181 
4429 4429 
2232 6696 
4169 4169 
1506 501 
1728 575 
4537 1511 
3960 11880 
104 312 
2080 692 
241 723 
1928 642 
4303 12909 
4544 4544 
1532 510 
3540 10620 
6726 20178 
6648 2215 
3802 3802 
2950 8850 
3219 1072 
1646 548 
6149 2049 
197 591 
3068 3068 
207 621 
2839 2839 
3772 3772 
4636 4636 
3970 11910 
2442 2442 
2841 2841 
4633 4633 
3282 1093 
2548 2548 
2258 752 
3629 3629 
1030 342 
908 2724 
5783 17349 
20 6 
5247 1748 
4186 4186 
3187 3187 
2743 2743 
2549 849 
4028 1342 
421 1263 
4544 13632 
2716 904 
2376 7128 
351 1053 
1763 587 
2182 726 
2938 2938 
2774 8322 
6897 2298 
2580 2580 
3946 3946 
4924 14772 
5128 1708 
1054 350 
1252 3756 
808 2424 
4362 4362 
6396 2131 
1273 423 
3541 1179 
6773 20319 
3826 3826 
1562 4686 
3075 1024 
6467 2155 
6820 2272 
1609 535 
2082 6246 
4741 14223 
2503 833 
473 1419 
1848 5544 
2349 7047 
3849 11547 
2773 923 
2921 2921 
3273 3273 
6098 18294 
809 2427 
3961 3961 
4727 1575 
2786 8358 
1119 372 
6784 2260 
2632 2632 
4392 1463 
3742 3742 
3684 11052 
3257 3257 
1697 565 
4463 4463 
365 121 
5578 1858 
3286 3286 
3801 3801 
3508 3508 
4286 12858 
1188 3564 
4131 4131 
688 228 
4339 4339 
2392 2392 
3481 3481 
4037 4037 
3569 1189 
5649 1882 
3627 3627 
1234 410 
5438 16314 
3236 9708 
4931 14793 
2848 8544 
2410 802 
4516 4516 
1699 565 
2432 810 
547 181 
2957 2957 
1474 4422 
6792 2263 
5587 16761 
2388 795 
2747 2747 
3857 3857 
143 47 
4549 4549 
3392 3392 
4057 4057 
2761 2761 
1816 5448 
4360 1452 
6632 2210 
2611 2611 
3865 3865 
2836 944 
3321 3321 
2649 2649 
3879 11637 
2519 2519 
3087 9261 
6593 19779 
5288 1762 
5568 1855 
4604 4604 
3256 1084 
848 2544 
6369 19107 
3803 3803 
4098 4098 
3347 3347 
4376 1458 
852 283 
327 108 
28 8 
1811 5433 
3984 11952 
3711 3711 
2405 2405 
163 53 
4640 4640 
3101 3101 
5625 16875 
4301 1433 
5449 16347 
6345 19035 
3862 11586 
2725 907 
2740 8220 
4959 14877 
4294 12882 
2914 2914 
1119 3357 
6726 2241 
4043 4043 
4712 1570 
2839 945 
3903 3903 
4363 4363 
5147 1715 
3209 9627 
2889 2889 
1586 528 
1677 558 
4635 4635 
2654 2654 
2436 2436 
3645 3645 
4480 4480 
2071 6213 
5504 16512 
5592 1863 
2776 2776 
4575 4575 
719 239 
3750 3750 
4743 14229 
6287 2095 
1901 633 
4143 4143 
1006 3018 
5996 17988 
2956 984 
4093 12279 
5080 15240 
3839 1279 
4136 4136 
1592 4776 
4641 4641 
4569 4569 
3400 1132 
3098 1032 
4611 1536 
5705 1901 
3225 9675 
3755 3755 
3389 10167 
4698 1565 
1925 5775 
4314 1437 
4507 13521 
3486 1161 
2023 673 
6342 2113 
5510 1836 
4373 4373 
3324 3324 
5526 16578 
4151 12453 
3464 10392 
3614 3614 
5367 16101 
861 286 
5176 1724 
3400 3400 
4263 4263 
6064 18192 
4389 4389 
4569 13707 
3259 9777 
1790 5370 
4095 12285 
4093 4093 
5571 16713 
474 1422 
4250 4250 
6876 2291 
1915 5745 
3564 3564 
3073 9219 
560 186 
3823 3823 
3383 3383 
6370 19110 
1499 4497 
3473 3473 
2918 2918 
6925 20775 
3305 9915 
6091 18273 
4071 4071 
3861 1286 
2896 964 
4394 4394 
460 152 
45 135 
5279 1759 
2939 2939 
3523 1173 
5465 1821 
1056 351 
2457 2457 
3030 3030 
456 1368 
2857 2857 
6473 2157 
3127 3127 
2217 738 
3643 3643 
5923 17769 
4164 12492 
4346 1448 
2868 8604 
3453 10359 
4517 1505 
2430 7290 
5091 1696 
6678 2225 
4415 1471 
2607 7821 
6500 2166 
3226 1074 
3364 3364 
3241 1079 
3071 3071 
2827 2827 
500 166 
4802 14406 
1649 549 
2383 2383 
8 2 
5698 1898 
1484 4452 
3748 1248 
3876 3876 
3988 11964 
1537 511 
1428 4284 
5491 1829 
3836 3836 
457 1371 
3328 3328 
2755 8265 
5716 17148 
1384 4152 
6858 20574 
3452 3452 
1197 3591 
5615 1871 
2122 706 
2725 2725 
3747 3747 
5880 17640 
3830 3830 
3908 11724 
465 154 
3321 9963 
5984 17952 
4557 1518 
2538 2538 
970 322 
4006 4006 
2023 6069 
1128 375 
5642 16926 
3639 3639 
3855 3855 
5065 1687 
5030 1676 
2117 705 
6301 2099 
4673 14019 
3874 1290 
4404 13212 
1627 541 
3110 1036 
2417 7251 
2243 747 
151 453 
3887 3887 
4627 13881 
4084 4084 
4309 4309 
4317 4317 
2489 2489 
4829 14487 
3100 3100 
3443 10329 
4261 12783 
349 1047 
4141 4141 
5768 17304 
4955 14865 
4283 1427 
2460 2460 
6886 2294 
3962 3962 
1938 5814 
4069 12207 
3567 1188 
2246 6738 
3473 10419 
2098 698 
2436 811 
5699 17097 
4597 13791 
3599 10797 
4222 4222 
4076 1358 
1374 457 
1261 3783 
3148 9444 
3242 3242 
2424 807 
571 1713 
3489 3489 
2838 2838 
1858 618 
3460 10380 
4236 4236 
2759 2759 
5174 1724 
4357 4357 
4618 13854 
4049 4049 
4452 4452 
3337 3337 
2701 899 
3925 3925 
3438 3438 
4650 13950 
3151 9453 
5895 17685 
2653 2653 
96 288 
570 189 
5567 1855 
2135 711 
5289 1762 
3495 3495 
3691 11073 
98 32 
2795 8385 
3936 1311 
6992 2330 
2185 6555 
4088 4088 
3166 3166 
5570 1856 
2204 734 
486 1458 
3844 1280 
6614 19842 
3176 3176 
2787 2787 
6212 18636 
3785 3785 
3255 3255 
2346 2346 
3349 1115 
4539 1512 
4864 1620 
5291 1763 
2105 6315 
2893 8679 
2661 2661 
84 252 
3332 3332 
4460 4460 
4132 4132 
4604 13812 
3620 1206 
3526 3526 
4169 12507 
1844 614 
4782 14346 
3645 1214 
3775 11325 
4529 4529 
5257 15771 
4183 1393 
3434 3434 
5696 1898 
1387 461 
5299 1765 
2733 8199 
3831 3831 
2135 6405 
4168 4168 
1970 656 
1847 5541 
3827 11481 
4329 1442 
6929 2309 
6710 2236 
271 813 
4218 12654 
4643 1547 
6507 19521 
1078 3234 
233 699 
2683 893 
1537 4611 
2648 2648 
3756 3756 
1589 4767 
6020 2006 
4412 4412 
3352 10056 
4843 14529 
3510 3510 
4923 14769 
3842 11526 
2625 874 
6704 2234 
4397 4397 
3722 3722 
3604 10812 
3343 3343 
2300 766 
3469 10407 
6229 18687 
3998 11994 
4703 1567 
6324 2107 
299 99 
3336 10008 
1409 469 
2767 2767 
2980 8940 
1585 527 
1229 409 
4140 4140 
2482 7446 
2799 2799 
2532 2532 
4335 13005 
3692 3692 
2698 2698 
4614 4614 
125 41 
4032 4032 
3492 1163 
6165 18495 
2043 680 
4566 4566 
6716 2238 
3683 1227 
2927 975 
6951 20853 
4185 1394 
6167 18501 
2467 821 
2070 6210 
1045 3135 
2347 2347 
6347 2115 
4265 4265 
2770 2770 
974 2922 
5785 17355 
6650 2216 
2919 2919 
4034 4034 
3445 3445 
4270 1422 
2663 887 
1231 409 
4089 4089 
4488 1495 
4579 4579 
4124 4124 
2807 2807 
6759 20277 
4031 4031 
4663 4663 
1588 4764 
5067 1688 
4862 1620 
758 252 
3845 3845 
3734 1244 
4869 14607 
3474 3474 
418 1254 
3346 3346 
2426 7278 
4454 4454 
4941 14823 
2183 6549 
4319 1439 
672 2016 
3135 3135 
2487 2487 
2810 936 
4613 4613 
3906 11718 
5851 17553 
3037 3037 
4521 13563 
131 43 
2189 6567 
3155 3155 
3417 3417 
3479 3479 
5365 1787 
6010 18030 
165 495 
1390 4170 
2107 6321 
4024 4024 
2053 6159 
5177 15531 
6447 19341 
3672 3672 
3156 1051 
3219 3219 
1932 643 
825 2475 
4534 4534 
6115 2037 
1356 451 
5372 1790 
6282 18846 
3839 3839 
3691 3691 
6561 19683 
3860 1286 
2809 2809 
5551 16653 
2986 2986 
6494 19482 
2613 7839 
2575 2575 
3446 3446 
5814 17442 
1741 5223 
3188 3188 
4584 4584 
2338 2338 
837 278 
4517 4517 
3824 3824 
3928 3928 
3845 1281 
2684 2684 
4366 1454 
3686 3686 
3717 3717 
4555 13665 
4471 13413 
3677 11031 
2715 2715 
164 492 
3013 3013 
1400 4200 
2635 2635 
3569 3569 
1093 3279 
4339 1445 
4128 4128 
4052 4052 
911 2733 
5443 1813 
5446 16338 
4005 4005 
2666 2666 
2172 6516 
2527 841 
4464 13392 
5718 1905 
1395 464 
4268 1422 
773 257 
4318 1438 
2101 699 
6774 2257 
2571 7713 
3229 3229 
5922 1973 
2617 7851 
3221 3221 
6228 18684 
3232 9696 
1514 4542 
771 256 
202 66 
2295 764 
25 75 
2575 7725 
4113 4113 
4255 1417 
4594 4594 
4910 1636 
4491 4491 
3968 3968 
5802 1933 
3210 3210 
3151 3151 
3372 3372 
1732 5196 
3558 3558 
347 1041 
3496 3496 
3884 1294 
4597 1531 
6387 2128 
5152 15456 
4238 4238 
3808 3808 
2577 2577 
2748 2748 
5831 1943 
4195 4195 
3164 3164 
654 217 
3960 3960 
6072 18216 
2971 2971 
283 93 
3557 10671 
3044 3044 
3579 3579 
4300 1432 
3408 3408 
4365 13095 
660 219 
3811 3811 
1333 3999 
5961 1986 
6669 2222 
4639 1545 
4430 4430 
3355 1117 
4886 1628 
4420 1472 
1372 456 
5267 15801 
4386 13158 
2508 7524 
6295 2097 
4409 13227 
77 231 
3838 3838 
318 954 
1016 338 
3894 11682 
4214 4214 
4639 4639 
3453 1150 
3375 3375 
3314 3314 
1252 416 
452 1356 
4353 4353 
2665 2665 
3056 3056 
3863 11589 
4448 13344 
4206 12618 
6350 2116 
3924 3924 
2658 2658 
3345 3345 
2813 2813 
5237 1745 
2714 904 
3636 3636 
2982 8946 
2988 995 
3876 1291 
1058 352 
6675 20025 
5392 16176 
2794 2794 
6337 19011 
2938 8814 
1850 616 
1290 429 
3595 3595 
4621 1539 
2021 673 
3399 1132 
6333 2110 
1796 598 
2792 2792 
5435 16305 
2642 880 
2399 7197 
5533 16599 
1762 5286 
2738 8214 
195 64 
3207 1068 
471 1413 
2664 7992 
714 237 
2061 6183 
317 105 
3484 1160 
5753 1917 
1295 3885 
4256 1418 
4495 4495 
3598 3598 
2156 6468 
3665 3665 
1923 640 
5082 1693 
601 1803 
1076 3228 
3346 10038 
5339 1779 
3808 11424 
4000 4000 
3265 1087 
5669 1889 
2804 2804 
6937 20811 
5136 15408 
3298 1098 
350 1050 
4258 4258 
3293 9879 
2231 743 
4754 14262 
4551 4551 
3617 3617 
1058 3174 
2752 916 
3290 3290 
6563 2187 
3861 3861 
3431 1143 
1304 3912 
992 2976 
47 141 
5967 17901 
2454 2454 
1935 644 
4491 13473 
3199 9597 
1678 5034 
4220 1406 
3498 10494 
2365 2365 
6201 18603 
4478 4478 
2881 2881 
3264 3264 
4788 14364 
2511 2511 
3983 3983 
4941 1646 
4114 12342 
4724 14172 
5234 15702 
1702 5106 
4165 12495 
1464 4392 
4398 4398 
3436 3436 
1588 528 
102 33 
5264 15792 
6056 18168 
180 540 
5377 1791 
322 106 
3843 3843 
3042 3042 
5573 1857 
2411 2411 
6252 18756 
103 309 
3575 3575 
496 164 
6580 19740 
3016 3016 
2561 7683 
4230 4230 
2624 874 
4171 4171 
2838 945 
5904 1967 
815 2445 
3680 3680 
3548 1182 
6367 2121 
1185 3555 
3730 3730 
1958 5874 
599 1797 
5029 1675 
2414 2414 
6058 2018 
3036 3036 
2966 2966 
1706 568 
4327 1441 
5870 17610 
329 109 
5791 17373 
5879 1959 
6542 19626 
3464 3464 
2667 2667 
218 654 
3715 3715 
6539 2179 
3368 3368 
5507 1835 
4278 12834 
2462 2462 
391 1173 
3805 3805 
4507 4507 
4155 12465 
3738 3738 
2621 2621 
935 2805 
4917 1638 
3964 11892 
4496 4496 
1168 388 
3987 3987 
4685 14055 
3986 1328 
3152 1050 
2208 735 
4583 1527 
2550 2550 
6085 18255 
2562 2562 
279 92 
583 1749 
2405 801 
4354 4354 
6338 2112 
2237 6711 
4485 4485 
1767 5301 
3372 1123 
1203 400 
2834 2834 
4089 12267 
1184 394 
3409 3409 
3717 1238 
3517 3517 
3234 3234 
3515 3515 
5842 17526 
1561 4683 
4078 12234 
4552 13656 
2601 2601 
481 1443 
3386 10158 
670 222 
6290 2096 
2487 828 
3645 10935 
872 290 
3676 11028 
3832 1276 
3809 3809 
1829 5487 
4112 4112 
624 207 
3274 3274 
4410 1469 
3819 3819 
4645 1547 
4900 1632 
2526 841 
4427 1475 
3626 10878 
3231 9693 
4419 1472 
517 171 
5759 1919 
2136 711 
3529 1175 
3642 3642 
4227 4227 
2342 780 
4376 4376 
3713 3713 
569 1707 
2790 2790 
3671 3671 
6805 20415 
1541 4623 
4338 13014 
4460 13380 
2537 7611 
3465 1154 
6627 19881 
4453 4453 
3459 3459 
2540 2540 
6921 20763 
4311 1436 
4965 1654 
6513 2170 
5702 1900 
2823 2823 
3454 10362 
3224 3224 
3316 3316 
3907 3907 
2092 696 
4081 4081 
960 319 
6908 20724 
3412 3412 
398 132 
4138 4138 
5033 15099 
2252 750 
1805 601 
4079 1359 
4648 4648 
4769 14307 
3798 11394 
4242 1413 
36 108 
3769 3769 
2707 2707 
6948 20844 
3715 1237 
648 215 
2622 873 
2279 759 
6534 2177 
4876 1624 
4167 4167 
4333 1443 
4568 4568 
3269 3269 
4226 1408 
33 10 
3340 3340 
6669 20007 
3882 3882 
3463 1153 
1967 655 
6043 2013 
3984 3984 
4225 4225 
4644 4644 
1153 3459 
4125 4125 
1894 630 
3816 11448 
2914 970 
6757 2251 
748 248 
4085 1361 
1082 3246 
3701 3701 
5404 1800 
610 202 
6001 1999 
957 2871 
6635 2211 
5107 15321 
2721 906 
5 1 
1781 593 
6097 18291 
2106 6318 
4824 1607 
3089 3089 
5493 1830 
2811 936 
628 208 
1953 5859 
5057 1685 
5608 1868 
3666 3666 
52 16 
3141 1046 
392 130 
3256 3256 
3959 3959 
2911 2911 
5804 17412 
3954 1317 
3957 1318 
726 2178 
2637 7911 
2280 759 
782 2346 
5488 1828 
6900 20700 
3002 9006 
3864 3864 
4561 1519 
5874 1957 
2418 2418 
3134 9402 
5548 16644 
6499 19497 
4342 4342 
2958 2958 
4848 14544 
4475 13425 
2611 7833 
4112 12336 
4314 4314 
4298 4298 
2098 6294 
3330 3330 
6331 18993 
2427 808 
2774 2774 
3183 3183 
4557 13671 
3058 9174 
6801 20403 
6122 18366 
2215 6645 
3868 3868 
4647 1548 
1052 3156 
902 300 
2970 8910 
4912 14736 
4729 1575 
5835 1944 
3989 1329 
4930 14790 
4016 4016 
5081 1693 
1046 348 
4578 1525 
1398 465 
6995 20985 
6299 2099 
551 183 
4464 1487 
2388 2388 
6225 18675 
6702 20106 
4399 4399 
5276 15828 
4221 4221 
4001 4001 
3542 1180 
28 84 
2897 2897 
499 165 
1321 3963 
315 945 
5022 15066 
3901 1299 
6144 18432 
2591 2591 
128 384 
3245 1081 
3421 3421 
554 184 
990 2970 
4346 13038 
2965 987 
203 609 
2545 2545 
3873 3873 
3334 3334 
4174 1390 
3248 3248 
4319 4319 
4598 4598 
2272 756 
3165 3165 
4459 13377 
2636 2636 
3210 9630 
2952 983 
1994 664 
5318 15954 
3827 1275 
3179 3179 
4667 14001 
6792 20376 
5067 15201 
4899 14697 
3011 3011 
3476 3476 
5935 1977 
4075 12225 
5118 1705 
2123 707 
6487 19461 
6424 2140 
3173 3173 
6468 2155 
3044 9132 
6341 2113 
3122 3122 
2567 2567 
3253 9759 
5989 17967 
5037 1678 
3189 3189 
3402 3402 
4688 14064 
4714 14142 
3087 1028 
286 858 
3586 3586 
4572 13716 
5148 1715 
4179 4179 
5963 17889 
4033 1343 
3856 11568 
3911 3911 
769 255 
4245 1414 
341 1023 
4311 4311 
501 1503 
415 1245 
3862 3862 
5400 1799 
6409 2135 
1453 4359 
3573 10719 
1362 453 
6866 20598 
2835 944 
476 158 
4120 4120 
4209 4209 
26 78 
5265 15795 
3648 3648 
3050 3050 
3768 11304 
4366 4366 
3339 3339 
4550 4550 
6530 2176 
2428 2428 
1927 5781 
4975 14925 
6355 2117 
1833 610 
4083 12249 
3957 3957 
722 240 
779 259 
6463 19389 
3583 10749 
4343 4343 
6595 19785 
4443 4443 
5109 15327 
4666 4666 
5539 16617 
5008 15024 
2414 7242 
2146 714 
5196 1731 
2826 2826 
4199 4199 
3191 9573 
4336 4336 
2618 2618 
393 1179 
5607 1868 
647 215 
3566 3566 
5597 16791 
1115 3345 
2988 8964 
127 381 
3494 10482 
2977 991 
4091 12273 
3070 3070 
3950 3950 
6030 18090 
2370 7110 
2478 2478 
6469 2155 
815 271 
1025 341 
5553 1850 
1057 3171 
1825 607 
1241 413 
6154 2050 
3995 3995 
1820 5460 
3619 3619 
3018 1005 
3290 9870 
5072 1690 
4290 4290 
4192 1396 
2800 2800 
3497 1165 
5589 16767 
3881 3881 
2497 7491 
23 69 
6203 2067 
4377 4377 
2067 688 
2435 2435 
2259 752 
1155 3465 
6541 19623 
1215 3645 
3578 3578 
3747 11241 
399 1197 
5976 1991 
4512 13536 
2585 2585 
879 2637 
5876 17628 
3770 3770 
3719 11157 
3424 3424 
5618 1872 
4306 4306 
6311 18933 
3782 11346 
3767 1255 
4742 14226 
6907 20721 
2517 2517 
3854 3854 
3647 3647 
6389 19167 
4207 12621 
3103 1033 
4650 4650 
4232 4232 
2753 917 
2844 2844 
793 263 
6445 2147 
3265 9795 
6992 20976 
4584 13752 
3390 3390 
4419 4419 
5079 1692 
4731 1576 
2461 2461 
2421 2421 
3302 3302 
2553 2553 
409 1227 
6677 20031 
2222 6666 
5280 15840 
3516 3516 
1756 584 
2956 8868 
2483 2483 
2233 743 
3270 9810 
4452 1483 
2105 701 
1145 381 
5787 17361 
5226 15678 
3962 1320 
3938 3938 
4004 4004 
2720 2720 
4202 1400 
2667 888 
5254 15762 
3623 1207 
720 2160 
3974 11922 
6169 2055 
2572 2572 
4104 1367 
4168 1388 
2973 990 
2484 2484 
3174 3174 
1521 506 
4582 1526 
518 172 
3311 3311 
3522 3522 
4591 4591 
938 312 
86 258 
6313 18939 
6868 20604 
3041 3041 
3799 1265 
2659 2659 
4382 4382 
471 156 
4361 4361 
4361 13083 
5897 17691 
470 1410 
2976 991 
2363 2363 
3119 1039 
2220 6660 
1528 508 
6970 2322 
3049 3049 
2484 827 
3635 1211 
2868 955 
5736 1911 
4505 13515 
2891 8673 
5862 1953 
5605 16815 
6367 19101 
4536 4536 
3305 3305 
411 136 
66 21 
3870 1289 
3284 3284 
2545 847 
3397 10191 
5833 1943 
6071 2023 
3872 3872 
2710 2710 
6423 2140 
2507 2507 
3878 3878 
4581 4581 
3331 9993 
4532 13596 
5309 1769 
5041 15123 
4012 1336 
3763 3763 
2336 7008 
2636 7908 
2832 2832 
1853 5559 
4293 4293 
296 888 
4795 1597 
428 1284 
6775 2257 
5116 15348 
2175 6525 
6615 2204 
1601 533 
3102 3102 
2680 2680 
6886 20658 
4130 4130 
3217 3217 
3005 1001 
1031 343 
2738 2738 
3498 3498 
93 279 
6747 2248 
1014 3042 
2276 6828 
3296 1098 
4384 4384 
5386 16158 
4626 4626 
4367 13101 
4466 4466 
5274 1757 
2921 8763 
2014 670 
2981 8943 
3433 1143 
2944 2944 
1187 3561 
5077 1691 
5441 1813 
5007 1668 
2542 2542 
3032 3032 
3875 3875 
3625 3625 
341 113 
2877 958 
4056 4056 
6806 2268 
4456 4456 
4268 12804 
6491 2163 
4270 4270 
1939 5817 
3297 3297 
5379 16137 
4367 1455 
2476 2476 
532 1596 
3922 11766 
3249 3249 
3726 1241 
3419 1139 
4775 14325 
3824 1274 
3193 9579 
3467 3467 
6676 20028 
3759 3759 
2338 778 
1473 4419 
6006 2001 
2134 710 
5389 1795 
972 323 
6515 2171 
6996 2331 
2444 2444 
32 10 
6448 2148 
3578 10734 
4321 4321 
3192 3192 
1983 660 
2916 2916 
3293 3293 
2989 2989 
2855 2855 
2557 2557 
3908 1302 
723 240 
4076 4076 
2611 869 
2366 7098 
4322 4322 
4501 4501 
6300 18900 
3341 3341 
3730 11190 
6483 19449 
4086 4086 
486 161 
2563 2563 
3159 3159 
2528 2528 
5995 1997 
1162 3486 
3178 9534 
4705 1567 
2866 954 
4248 1415 
3218 3218 
2302 766 
4044 4044 
4271 12813 
2379 7137 
2198 732 
3869 1289 
2630 876 
4524 4524 
3348 3348 
2440 7320 
4619 4619 
1851 616 
6349 2115 
2855 951 
1789 595 
5808 1935 
2943 2943 
4022 1340 
445 1335 
4296 12888 
424 140 
2821 2821 
4655 1551 
4068 4068 
3365 1121 
618 205 
2707 8121 
4147 4147 
512 1536 
4298 12894 
702 2106 
3821 3821 
1246 3738 
2777 925 
6711 2236 
3206 3206 
3786 1261 
5404 16212 
3521 3521 
166 54 
2116 704 
3424 10272 
2521 2521 
3125 3125 
4123 12369 
2582 2582 
6753 2250 
2048 682 
6341 19023 
4379 1459 
4235 4235 
2470 2470 
5162 1720 
1103 3309 
3665 1221 
1894 5682 
3216 1071 
2559 2559 
4867 1621 
1989 662 
454 1362 
719 2157 
3334 10002 
3641 3641 
4285 4285 
1296 431 
3176 1058 
4490 4490 
4073 4073 
5225 1741 
1594 4782 
5192 1730 
4625 1541 
4848 1615 
3944 11832 
358 118 
1890 5670 
5797 1931 
3152 9456 
3664 10992 
2176 6528 
3775 3775 
6032 18096 
2017 6051 
2592 863 
39 12 
3345 1114 
1260 3780 
4260 4260 
3094 3094 
1846 614 
1429 4287 
6474 19422 
3237 3237 
4205 12615 
3440 1146 
1117 371 
1121 3363 
1352 450 
4550 13650 
1208 3624 
4745 1581 
6714 20142 
2248 748 
2619 2619 
6340 19020 
4656 4656 
4256 4256 
3253 3253 
3106 3106 
1332 443 
3932 3932 
5517 1838 
6549 2182 
4078 4078 
3513 3513 
2420 7260 
4643 13929 
4229 4229 
1327 3981 
368 1104 
3933 1310 
85 255 
2355 2355 
260 780 
4196 1398 
3177 3177 
5629 16887 
4391 4391 
1163 387 
5460 16380 
4777 14331 
3749 1249 
6725 20175 
1972 5916 
2632 7896 
552 183 
3889 11667 
5192 15576 
1310 3930 
783 2349 
3976 11928 
1604 534 
410 1230 
2546 7638 
5350 1782 
2855 8565 
955 2865 
2613 870 
81 26 
4359 4359 
3817 3817 
3721 11163 
3779 3779 
821 273 
1738 578 
3613 3613 
6025 2007 
2571 2571 
2906 2906 
812 2436 
1318 438 
1876 5628 
3597 3597 
289 867 
4432 13296 
833 2499 
3213 3213 
2940 979 
871 289 
3804 1267 
3411 3411 
4532 4532 
4137 1378 
6291 18873 
3700 3700 
2693 2693 
3553 10659 
2842 946 
1191 3573 
2606 2606 
1048 348 
3389 3389 
3648 10944 
6362 2120 
4968 1655 
976 2928 
2851 2851 
4755 1584 
112 336 
5659 1885 
4735 1577 
4201 4201 
6793 20379 
5925 17775 
4638 4638 
2840 8520 
4404 1467 
4044 1347 
6248 2082 
4931 1643 
3553 1183 
3744 3744 
2504 2504 
3653 3653 
2352 2352 
5964 17892 
905 301 
1008 3024 
3038 9114 
4597 4597 
4155 4155 
3758 1252 
4170 4170 
2556 2556 
4583 4583 
2131 6393 
4457 4457 
4323 12969 
3855 1284 
1956 651 
6717 2238 
2341 2341 
6529 19587 
4359 13077 
3171 9513 
437 145 
3100 9300 
3357 3357 
3485 3485 
2369 2369 
6145 18435 
6327 18981 
3973 3973 
4280 12840 
2547 7641 
5181 1726 
6771 20313 
5672 1890 
5304 15912 
217 71 
6375 19125 
2679 2679 
4141 1379 
1940 646 
331 993 
6885 2294 
6503 19509 
3789 3789 
3934 11802 
4879 14637 
6723 20169 
502 1506 
3631 1209 
1890 629 
1879 625 
238 714 
3007 3007 
2477 825 
2026 6078 
626 208 
3989 11967 
5631 1876 
3568 3568 
3076 1024 
3272 3272 
2943 980 
3030 9090 
612 1836 
1064 3192 
4038 1345 
3471 3471 
1944 5832 
2535 844 
390 129 
2945 2945 
2959 2959 
3093 9279 
423 1269 
5081 15243 
3944 3944 
2034 677 
3787 11361 
2543 847 
6161 2053 
2905 967 
3779 1259 
3952 3952 
5422 16266 
4325 4325 
4033 4033 
4606 4606 
1256 418 
3341 10023 
126 41 
6883 2293 
6528 19584 
6502 19506 
4346 4346 
3111 3111 
924 2772 
3301 1099 
3063 3063 
3865 1287 
3592 10776 
2402 7206 
2437 2437 
6755 2251 
4546 1514 
287 95 
2585 861 
4962 14886 
1193 397 
3863 1287 
3289 3289 
3679 3679 
4440 4440 
137 45 
6828 2275 
2706 2706 
5774 17322 
3333 3333 
3285 9855 
1270 3810 
3761 11283 
2364 2364 
2648 882 
6076 18228 
6657 19971 
3667 11001 
2872 8616 
2904 967 
3415 3415 
4563 13689 
2959 8877 
6755 20265 
3536 3536 
330 109 
6459 19377 
3825 1274 
994 2982 
2134 6402 
160 480 
4772 14316 
6285 2094 
4362 1453 
2974 2974 
2750 2750 
3502 3502 
3429 3429 
6173 18519 
3676 1224 
1063 353 
4868 1622 
4347 4347 
2980 2980 
756 2268 
3097 3097 
5368 1788 
2038 6114 
6622 2206 
2337 2337 
3278 3278 
3913 1303 
2336 2336 
3444 3444 
2530 842 
4930 1642 
5398 1798 
2867 2867 
2434 2434 
5377 16131 
1485 4455 
1001 333 
4608 4608 
6844 20532 
366 1098 
4652 13956 
6377 19131 
6732 20196 
4636 13908 
3980 1326 
6211 2069 
2895 8685 
2583 2583 
2502 2502 
901 2703 
1343 4029 
1036 3108 
3295 1097 
1606 534 
2099 699 
3138 9414 
3425 3425 
6482 2160 
4050 4050 
3793 11379 
2802 933 
4145 1381 
3688 3688 
2153 717 
1729 5187 
3103 9309 
476 1428 
3216 3216 
5397 16191 
2206 734 
4646 4646 
4042 4042 
5213 1737 
2495 2495 
1475 491 
2642 7926 
5788 17364 
2905 2905 
4562 1520 
4986 14958 
2149 6447 
5253 15759 
3569 10707 
5246 1748 
6288 2095 
5991 1996 
1787 5361 
6055 18165 
2892 2892 
4064 4064 
3435 1144 
2475 2475 
2508 835 
1861 5583 
2481 2481 
4541 1513 
2876 2876 
2432 2432 
2695 897 
3673 3673 
4246 4246 
2440 2440 
3512 3512 
1297 431 
1673 5019 
209 627 
3675 11025 
3975 3975 
5320 15960 
4287 4287 
1470 489 
3903 11709 
689 229 
1146 3438 
5981 1993 
4595 13785 
3079 3079 
840 2520 
2677 2677 
5999 1999 
5171 15513 
5687 1895 
3528 3528 
4473 4473 
4177 12531 
162 53 
768 255 
4448 4448 
3303 3303 
4026 1341 
6108 18324 
4223 4223 
6105 2034 
6626 19878 
3908 3908 
3323 3323 
4562 4562 
3184 3184 
592 1776 
3246 3246 
2173 723 
1906 5718 
1845 614 
3544 3544 
329 987 
5855 17565 
1487 495 
5728 1908 
4196 4196 
3172 3172 
4131 12393 
603 1809 
4335 4335 
4431 4431 
1297 3891 
3589 3589 
5389 16167 
3060 3060 
1477 4431 
1783 593 
5829 17487 
3497 3497 
4590 4590 
3549 3549 
2006 668 
2472 823 
6588 2195 
4316 4316 
59 177 
4095 4095 
3350 10050 
3407 1135 
4126 4126 
5209 15627 
6376 19128 
3929 3929 
2829 2829 
4451 4451 
5922 17766 
6982 20946 
4015 4015 
4944 1647 
4323 4323 
3538 1178 
2188 728 
3047 3047 
1079 3237 
1799 5397 
323 107 
4303 4303 
2506 2506 
2329 775 
3799 3799 
4259 1419 
5113 1703 
5678 1892 
4226 4226 
5498 1832 
5726 17178 
6708 2235 
5045 15135 
2910 2910 
4531 4531 
3561 3561 
3716 3716 
3784 3784 
873 290 
4459 4459 
607 1821 
436 1308 
6110 2036 
3001 9003 
5453 1817 
2574 7722 
2859 8577 
3015 3015 
301 99 
2518 2518 
179 59 
2937 978 
2930 2930 
1637 4911 
6735 20205 
4297 4297 
2524 2524 
5131 15393 
4882 14646 
4067 4067 
3739 3739 
3654 1217 
2947 981 
6380 19140 
3161 9483 
2536 7608 
3695 3695 
892 296 
4342 13026 
2000 6000 
2613 2613 
1109 3327 
3458 3458 
4296 4296 
3749 3749 
5883 17649 
1113 370 
6909 2302 
4396 4396 
3115 1037 
6877 20631 
3690 1229 
5502 16506 
6601 2199 
918 2754 
148 444 
3667 3667 
2873 8619 
3429 10287 
3260 3260 
2474 2474 
937 311 
1354 450 
3212 9636 
3024 3024 
1266 421 
2072 690 
1791 5373 
374 124 
2703 8109 
1004 334 
4464 4464 
4960 1652 
5523 16569 
5709 1902 
2108 6324 
2843 2843 
2895 964 
3988 3988 
514 1542 
3675 3675 
2772 2772 
6712 2236 
2567 7701 
3144 3144 
3292 3292 
3644 1214 
408 1224 
5427 16281 
4410 4410 
1650 4950 
2630 2630 
5203 1733 
2909 8727 
3102 1033 
542 180 
5333 1777 
1505 501 
1200 399 
2599 865 
3022 3022 
6949 2315 
3601 3601 
2751 2751 
118 354 
2522 2522 
3193 3193 
4017 4017 
3175 3175 
3184 9552 
1269 3807 
179 537 
5874 17622 
3298 3298 
2004 6012 
2543 2543 
1888 5664 
1486 494 
3795 11385 
6976 20928 
4338 4338 
3662 3662 
5365 16095 
1764 5292 
4202 4202 
4495 13485 
1905 5715 
3720 3720 
2010 6030 
2367 2367 
5488 16464 
5918 1972 
1998 665 
5674 17022 
4887 1628 
2825 2825 
5305 1767 
3765 3765 
4435 4435 
1979 659 
4519 4519 
3169 9507 
586 194 
2644 880 
3095 3095 
3533 10599 
6514 19542 
1543 4629 
4024 12072 
5361 1786 
3568 10704 
5534 1844 
3791 3791 
4645 4645 
3660 3660 
3768 3768 
3000 3000 
6810 20430 
711 2133 
6652 2216 
3643 10929 
6263 2087 
2534 844 
2852 2852 
5078 1692 
3966 1321 
1721 5163 
4144 4144 
2852 8556 
3456 3456 
3609 3609 
3265 3265 
5955 17865 
640 1920 
3487 3487 
5844 1947 
3698 1232 
277 831 
2237 745 
3624 3624 
2960 8880 
5850 1949 
1018 338 
3632 10896 
4184 12552 
2527 2527 
2763 920 
3520 3520 
3994 11982 
6275 2091 
4566 13698 
4185 4185 
6506 2168 
46 14 
1335 444 
1931 5793 
3384 10152 
4611 13833 
4427 13281 
4659 4659 
4421 1473 
2362 2362 
921 306 
3798 3798 
3958 3958 
2569 7707 
3314 9942 
4499 13497 
5779 17337 
4635 13905 
3281 9843 
2894 2894 
2600 2600 
4528 1508 
3884 3884 
3920 1306 
2605 867 
883 2649 
1988 662 
357 118 
3649 3649 
4135 4135 
399 132 
1424 474 
2479 7437 
3447 3447 
4257 4257 
2741 2741 
3681 11043 
3948 3948 
2789 929 
144 47 
2002 6006 
1224 3672 
87 28 
6271 2089 
2531 843 
237 78 
876 291 
2457 7371 
3027 3027 
2256 751 
4355 4355 
3358 3358 
5181 15543 
5032 15096 
3703 1233 
923 307 
2598 7794 
591 196 
3395 10185 
2350 2350 
1338 4014 
1291 3873 
2377 2377 
3241 3241 
2782 8346 
2523 2523 
4610 4610 
71 23 
1531 4593 
5825 17475 
3028 3028 
4614 13842 
1534 4602 
1258 3774 
1090 3270 
5217 15651 
1368 455 
4276 4276 
2780 2780 
5806 17418 
2303 767 
5113 15339 
1131 376 
6604 2200 
1520 506 
3606 1201 
3064 3064 
5604 16812 
3853 3853 
3288 1095 
3637 3637 
3121 9363 
3250 1082 
1147 381 
6018 2005 
5733 17199 
3160 3160 
4465 4465 
4695 14085 
5180 15540 
3927 3927 
4330 4330 
6652 19956 
3455 1151 
5657 1885 
2791 8373 
4320 12960 
872 2616 
4231 4231 
4099 1365 
3486 3486 
99 297 
2345 2345 
3757 3757 
5223 1740 
6673 2223 
3162 3162 
1560 4680 
2898 2898 
3584 10752 
3977 11931 
6465 2154 
2851 949 
6075 2024 
3532 1176 
2497 831 
4629 4629 
2879 959 
1776 5328 
5859 1952 
1704 567 
5148 15444 
4511 13533 
6265 18795 
4180 4180 
622 1866 
1105 367 
4531 13593 
4406 4406 
4096 1364 
3533 3533 
3134 3134 
3886 11658 
3357 10071 
2888 2888 
2385 2385 
4233 1410 
2695 2695 
73 23 
3319 3319 
3584 3584 
3632 3632 
1545 514 
3312 3312 
6139 18417 
4844 1614 
2160 719 
4275 4275 
2975 2975 
4582 13746 
3232 3232 
4722 1573 
6397 2131 
3906 3906 
5268 15804 
3126 3126 
5584 16752 
6432 19296 
1340 4020 
3071 1023 
426 141 
3162 1053 
3607 3607 
4463 1487 
3947 3947 
958 318 
3146 3146 
4053 4053 
3211 3211 
4884 14652 
2620 7860 
2609 2609 
5034 15102 
2993 2993 
3355 3355 
3880 11640 
3317 3317 
3003 3003 
3909 1302 
1951 649 
1947 5841 
548 1644 
2007 6021 
4741 1579 
2378 2378 
3767 3767 
2863 953 
5915 1971 
4048 12144 
2117 6351 
4220 4220 
6627 2208 
4026 4026 
2835 2835 
2798 2798 
2177 6531 
3676 3676 
3721 1239 
2568 7704 
990 329 
2723 2723 
4906 1634 
2424 7272 
3771 3771 
2949 982 
5220 1739 
4305 12915 
4272 4272 
3853 1283 
3426 3426 
2439 2439 
888 295 
2950 2950 
3204 3204 
3404 1134 
5363 16089 
877 291 
2695 8085 
2361 786 
3114 3114 
2452 7356 
1182 393 
3310 3310 
4936 1644 
6827 20481 
3163 1053 
5611 16833 
3977 3977 
2029 6087 
5913 1970 
5474 1824 
5583 16749 
2398 2398 
4449 4449 
2639 2639 
4127 1375 
1044 3132 
4025 4025 
716 238 
3976 3976 
3488 3488 
6114 18342 
3663 10989 
2406 7218 
5877 1958 
3694 3694 
6134 18402 
2373 7119 
3978 11934 
875 2625 
2401 2401 
141 423 
865 287 
6022 18066 
2691 2691 
1593 4779 
3129 9387 
4069 4069 
1415 471 
4137 12411 
210 630 
5194 1730 
3955 3955 
37 111 
4340 4340 
2505 834 
6017 2005 
2657 2657 
3474 10422 
4664 4664 
6413 19239 
3821 11463 
2409 2409 
3708 3708 
4075 4075 
1053 3159 
1309 435 
2533 2533 
5104 15312 
6297 2098 
4053 1350 
1635 544 
767 2301 
6605 19815 
5434 1810 
1593 530 
735 2205 
4752 14256 
1572 523 
2587 2587 
3501 10503 
5167 15501 
2386 7158 
1838 612 
4237 1411 
3035 3035 
5131 1709 
3540 3540 
3478 1158 
3330 1109 
322 966 
1669 5007 
4298 1432 
4472 4472 
6333 18999 
2596 2596 
134 44 
4590 13770 
1441 479 
5972 1990 
2655 2655 
5856 1951 
6058 18174 
2594 2594 
2981 993 
5294 15882 
6275 18825 
4037 12111 
2490 2490 
3104 9312 
3712 11136 
5121 15363 
4327 4327 
898 298 
4046 4046 
3822 11466 
3171 3171 
3754 3754 
2925 2925 
5515 1837 
5572 16716 
5013 15039 
3471 10413 
3725 1241 
1420 4260 
3086 9258 
2622 2622 
6711 20133 
1431 476 
3650 3650 
2491 2491 
3075 3075 
2359 7077 
4714 1570 
6994 2330 
3239 9717 
3108 1035 
3720 11160 
4391 13173 
6898 2298 
3457 3457 
3915 3915 
2668 888 
3813 11439 
4302 4302 
2479 2479 
4950 14850 
4370 4370 
1130 3390 
3668 3668 
611 203 
3761 3761 
5159 15477 
4181 12543 
588 1764 
2118 6354 
839 2517 
4405 4405 
3208 3208 
4198 4198 
3559 3559 
6492 19476 
4515 1504 
3120 3120 
1494 4482 
695 231 
6481 19443 
6361 2119 
3212 3212 
2455 2455 
5248 1748 
4025 1341 
6041 18123 
1155 384 
3020 3020 
4338 1445 
3338 10014 
3200 3200 
6029 2009 
3108 3108 
3299 3299 
3734 3734 
3275 9825 
4386 4386 
581 193 
2982 993 
4556 4556 
5967 1988 
6704 20112 
4547 1515 
4344 4344 
573 1719 
2463 820 
2239 745 
4472 13416 
515 171 
4244 4244 
3351 3351 
2988 2988 
547 1641 
1197 398 
1095 3285 
139 417 
2466 2466 
4381 13143 
5485 16455 
2820 8460 
4603 1533 
6458 19374 
2162 720 
826 274 
3353 3353 
2910 8730 
6178 2058 
459 1377 
2739 2739 
3707 3707 
3604 1200 
2904 2904 
6945 20835 
4970 14910 
4211 1403 
2764 2764 
3291 3291 
2828 2828 
4655 13965 
3390 1129 
6377 2125 
2797 2797 
3602 3602 
4132 1376 
6267 18801 
6019 18057 
2984 8952 
4700 14100 
5770 17310 
6787 20361 
124 372 
346 1038 
3912 3912 
2384 2384 
4402 4402 
4784 14352 
2878 2878 
4529 1509 
1288 428 
3934 3934 
6035 18105 
4059 4059 
6540 2179 
65 195 
5846 17538 
2637 2637 
6234 2077 
1827 5481 
1897 5691 
3743 3743 
721 2163 
2692 2692 
3313 1103 
1567 4701 
2737 2737 
5873 17619 
6002 18006 
1328 442 
4758 1585 
6912 2303 
3732 1243 
6937 2311 
2673 8019 
1026 341 
4001 12003 
3073 3073 
3807 3807 
2311 769 
3712 3712 
4623 4623 
5764 17292 
4390 4390 
1237 3711 
6608 2202 
6833 2277 
2380 2380 
3938 11814 
1928 5784 
2978 2978 
2624 2624 
1102 366 
3538 3538 
1576 524 
6486 19458 
6304 2100 
5591 16773 
2516 2516 
3384 1127 
1916 638 
2477 2477 
6226 2074 
2406 2406 
2864 2864 
4133 1377 
4228 12684 
1482 493 
2555 7665 
6987 2328 
4348 4348 
3156 3156 
3919 11757 
462 153 
4112 1370 
4308 4308 
5590 16770 
4175 4175 
3093 3093 
4281 4281 
3693 1230 
1643 547 
4537 4537 
1916 5748 
4215 4215 
2787 8361 
3514 10542 
303 909 
4655 4655 
4896 1631 
863 287 
3874 3874 
1244 414 
3525 10575 
2376 2376 
1831 5493 
101 33 
5505 16515 
3527 3527 
5495 16485 
3674 3674 
5545 1847 
4156 4156 
6846 2281 
1748 582 
5296 1764 
4794 14382 
5378 16134 
2590 2590 
3446 1148 
4467 13401 
232 696 
6258 18774 
2933 2933 
4441 4441 
5645 1881 
212 70 
1543 513 
3658 1218 
5701 1899 
3748 11244 
2673 2673 
2473 2473 
3240 3240 
2607 2607 
414 137 
3043 3043 
3920 3920 
2541 2541 
5979 1992 
5129 1709 
5416 16248 
4612 4612 
4865 14595 
1253 417 
5921 17763 
5540 16620 
6991 2329 
5953 1983 
4242 4242 
3125 9375 
1936 5808 
5653 16959 
3402 10206 
2464 2464 
3942 1313 
3268 1088 
3813 1270 
4109 4109 
3993 3993 
6687 20061 
4565 4565 
2731 2731 
6812 2270 
3618 3618 
5847 1948 
4305 4305 
3503 3503 
3688 11064 
851 283 
3084 1027 
2568 2568 
5454 1817 
450 149 
4641 13923 
3360 3360 
6284 18852 
3455 3455 
6623 19869 
4139 12417 
2865 8595 
3015 9045 
3866 1288 
37 11 
5612 16836 
5371 1789 
1858 5574 
5212 1736 
119 357 
2544 2544 
885 2655 
3772 11316 
4444 4444 
6857 20571 
3212 1070 
1600 532 
2873 2873 
3379 3379 
6010 2002 
3588 3588 
391 129 
2889 962 
4598 13794 
4536 13608 
4427 4427 
2313 6939 
4526 4526 
1501 499 
3726 3726 
6053 2017 
3307 3307 
5854 1950 
2913 2913 
3344 10032 
3877 3877 
3365 3365 
6042 2013 
5505 1834 
6507 2168 
2808 2808 
6811 20433 
4571 4571 
770 2310 
5006 15018 
5115 15345 
3945 3945 
2201 6603 
2456 2456 
3396 10188 
3418 1138 
2949 2949 
4729 14187 
4184 1394 
3996 11988 
3685 3685 
2963 2963 
6166 2054 
3335 10005 
6441 19323 
5847 17541 
2755 2755 
3080 3080 
1711 5133 
3109 9327 
1733 5199 
6440 19320 
6232 2076 
5612 1870 
2012 6036 
4914 1637 
6909 20727 
2269 6807 
5308 15924 
3170 3170 
4234 12702 
5280 1759 
2163 6489 
3853 11559 
3902 1300 
5812 1936 
4603 4603 
1977 658 
6439 19317 
1652 4956 
3572 1190 
5661 16983 
3141 3141 
2260 752 
1096 364 
2648 7944 
942 313 
2389 795 
6680 2226 
3349 3349 
2445 814 
6889 2295 
3940 3940 
433 1299 
3822 3822 
4992 14976 
4632 4632 
3910 3910 
4770 1589 
932 2796 
4820 14460 
4066 4066 
3583 3583 
6089 2029 
5483 1827 
3099 1032 
6926 2308 
3336 3336 
154 462 
1244 3732 
6498 19494 
3947 11841 
941 2823 
2890 962 
6495 19485 
6662 2220 
2513 837 
4832 1610 
5333 15999 
1580 4740 
3326 9978 
5750 17250 
5153 15459 
2676 891 
4541 13623 
5521 1839 
5256 1751 
12 36 
1913 637 
4014 4014 
3922 3922 
218 72 
1736 578 
5772 17316 
2771 2771 
4096 4096 
2558 2558 
4102 4102 
574 190 
4416 4416 
4023 12069 
2348 7044 
4263 12789 
2569 2569 
4192 4192 
4557 4557 
801 2403 
4268 4268 
3180 3180 
2499 832 
2678 8034 
6621 2206 
1837 5511 
4030 4030 
2926 2926 
2700 2700 
2534 2534 
266 798 
403 1209 
6242 2080 
5093 15279 
6066 2021 
5914 1970 
3919 3919 
3815 3815 
3860 11580 
4483 4483 
3112 1036 
321 106 
2537 2537 
3523 3523 
2627 875 
3140 3140 
630 209 
6220 18660 
5311 1769 
4558 13674 
2775 8325 
2962 2962 
2525 7575 
6152 18456 
4628 4628 
4525 1507 
4470 13410 
4036 12108 
1171 3513 
3427 3427 
3659 3659 
3514 3514 
1158 3474 
3886 3886 
1162 386 
3143 1047 
3298 9894 
4816 1604 
6531 19593 
3846 3846 
439 1317 
4594 1530 
3133 3133 
3147 1048 
2801 2801 
3711 11133 
71 213 
6118 18354 
6850 20550 
5979 17937 
5907 1968 
355 1065 
4702 14106 
3025 1007 
6103 2033 
5127 15381 
4620 13860 
2129 6387 
5359 16077 
1263 3789 
4060 4060 
4914 14742 
2200 732 
5312 1770 
4159 12477 
2394 2394 
3859 3859 
511 1533 
2413 2413 
3997 3997 
5006 1668 
700 2100 
1456 484 
2617 2617 
6232 18696 
801 266 
112 36 
4633 1543 
3999 3999 
1255 417 
3751 3751 
3048 3048 
4833 1610 
641 213 
4807 14421 
530 1590 
4154 1384 
6598 19794 
184 60 
3709 1235 
3930 3930 
6444 2147 
4486 13458 
6556 19668 
3350 3350 
3937 1311 
528 175 
6784 20352 
5198 1732 
3299 9897 
4558 1518 
5864 1954 
5615 16845 
2882 8646 
478 1434 
3905 1301 
2869 2869 
2645 2645 
4445 1481 
4341 4341 
4392 4392 
900 2700 
4161 12483 
5947 17841 
6707 20121 
92 276 
3956 3956 
747 248 
2712 2712 
1912 636 
4502 13506 
3963 11889 
4873 1623 
4108 4108 
3088 1028 
4935 1644 
5442 1813 
4039 12117 
4476 4476 
622 206 
4293 1430 
3812 3812 
2857 951 
832 2496 
4472 1490 
1037 3111 
2299 6897 
2782 2782 
5647 16941 
4407 4407 
2678 2678 
6243 18729 
4348 13044 
3199 3199 
3509 3509 
2069 689 
3033 3033 
6224 2074 
3382 3382 
3270 3270 
6122 2040 
203 67 
2908 968 
2515 2515 
4082 1360 
3883 3883 
6776 2258 
3054 1017 
6602 2200 
4114 4114 
5176 15528 
5171 1723 
3448 3448 
2564 2564 
4837 14511 
2450 2450 
3594 3594 
4052 1350 
4267 12801 
4560 13680 
6374 19122 
1093 363 
3732 3732 
3378 3378 
2472 2472 
664 220 
3807 1268 
2603 2603 
3696 11088 
6166 18498 
3381 3381 
2419 7257 
293 879 
3646 3646 
6460 2152 
690 229 
4467 4467 
2227 741 
698 232 
4718 1572 
4658 4658 
4905 1634 
4121 4121 
555 184 
1787 595 
4047 4047 
2668 2668 
6387 19161 
2880 959 
4498 4498 
4341 13023 
5978 17934 
2589 2589 
1976 658 
3136 3136 
2452 2452 
3235 3235 
1544 514 
1665 554 
6247 18741 
154 50 
2599 2599 
1406 4218 
4505 1501 
6918 2305 
2746 2746 
3278 1092 
4759 14277 
4218 1405 
4424 4424 
5677 17031 
250 82 
6335 19005 
5572 1856 
5306 1768 
3921 3921 
3670 3670 
3625 1207 
3948 11844 
3493 3493 
6903 20709 
5613 16839 
1949 5847 
797 265 
4599 1532 
4651 1549 
3563 3563 
3329 1109 
1828 608 
1366 454 
2847 8541 
1189 395 
4439 1479 
1854 617 
4458 13374 
3413 3413 
3800 3800 
2621 7863 
3194 1064 
5901 17703 
5766 17298 
375 1125 
3201 1066 
4642 4642 
6705 20115 
4228 4228 
2191 729 
2482 2482 
2856 951 
2521 839 
1083 3249 
2597 2597 
4380 4380 
2387 2387 
5295 15885 
4009 4009 
4600 4600 
3847 3847 
5403 16209 
2400 2400 
6770 20310 
2791 2791 
5357 1785 
6415 2137 
4518 13554 
6571 19713 
2985 2985 
1666 4998 
2441 2441 
5277 15831 
6038 2012 
2865 2865 
1827 608 
1462 4386 
3996 3996 
6722 20166 
205 67 
3326 3326 
4462 4462 
2900 8700 
2928 2928 
2728 2728 
3599 1199 
2503 2503 
3271 3271 
6494 2164 
3128 1042 
2604 2604 
5868 17604 
3577 3577 
4197 1398 
4753 1583 
2788 8364 
2045 6135 
3178 3178 
2647 7941 
4178 1392 
2390 2390 
3279 3279 
256 84 
2719 8157 
2965 2965 
4512 4512 
3129 3129 
2073 6219 
839 279 
2690 896 
161 483 
3092 3092 
3282 3282 
3559 10677 
6686 20058 
5903 17709 
4585 4585 
4798 14394 
403 133 
2199 732 
3230 1076 
2920 2920 
4077 4077 
517 1551 
1412 4236 
1917 5751 
2866 2866 
2875 2875 
3340 10020 
5664 16992 
3998 3998 
3925 1307 
4021 4021 
4469 13407 
2660 2660 
2526 2526 
4235 1411 
5075 15225 
6939 2312 
3731 3731 
4287 12861 
4369 4369 
3078 1025 
2431 2431 
965 2895 
1064 354 
2044 680 
4304 12912 
3002 3002 
3074 3074 
1623 4869 
3264 9792 
6509 2169 
6967 2321 
2130 709 
4108 12324 
2760 2760 
4605 13815 
5960 17880 
2515 837 
3046 3046 
4549 1515 
2449 2449 
4305 1434 
3701 1233 
6062 18186 
6468 19404 
3542 3542 
1732 576 
5275 1757 
6820 20460 
1912 5736 
4255 4255 
5293 1763 
2040 679 
3104 3104 
856 284 
3683 3683 
4634 13902 
3149 3149 
1686 5058 
4058 4058 
3633 3633 
4520 4520 
3114 1037 
2004 667 
4065 4065 
2951 8853 
5351 1783 
4182 4182 
6615 19845 
3635 10905 
6098 2032 
3124 9372 
2566 2566 
6251 2083 
4164 4164 
4111 1369 
2961 2961 
6162 18486 
3144 1047 
2456 7368 
5871 17613 
2690 2690 
3500 10500 
2854 2854 
896 298 
6597 19791 
613 203 
3911 1303 
2615 2615 
6227 2075 
1276 3828 
4142 4142 
4687 14061 
5660 16980 
4977 14931 
3297 9891 
3699 3699 
4624 13872 
734 2202 
489 1467 
1981 659 
1668 555 
948 315 
5803 1933 
488 1464 
4432 4432 
5080 1692 
3765 11295 
3289 1095 
4216 4216 
2655 884 
2687 2687 
5670 17010 
7000 21000 
4350 4350 
4455 4455 
216 648 
6457 2151 
4901 1633 
1227 408 
145 47 
6107 2035 
3231 3231 
4704 14112 
1695 5085 
2240 746 
3941 3941 
5197 15591 
782 260 
3931 3931 
3121 3121 
4320 4320 
3871 11613 
4511 4511 
1806 601 
4229 12687 
3472 3472 
5752 17256 
2727 2727 
4503 1500 
388 128 
4223 12669 
2327 6981 
2869 8607 
2403 800 
2955 984 
2151 716 
5974 1990 
930 2790 
562 186 
4540 1512 
3585 3585 
4120 1372 
5908 1968 
5502 1833 
4880 1626 
6163 18489 
1541 513 
477 158 
3117 3117 
2510 2510 
2536 2536 
4232 1410 
4885 1627 
3814 11442 
4140 1379 
2779 8337 
525 1575 
3370 3370 
3718 3718 
3107 3107 
6215 18645 
2491 829 
3376 3376 
4090 4090 
4649 4649 
1040 3120 
4586 1528 
6854 20562 
869 289 
4987 1661 
41 123 
5795 1931 
6802 20406 
3650 10950 
2820 2820 
2897 965 
6906 20718 
3329 3329 
1328 3984 
3503 1167 
1355 4065 
27 81 
3116 3116 
4371 1456 
6744 2247 
3851 11553 
1160 3480 
5111 15333 
4181 4181 
3506 10518 
4176 4176 
813 270 
6817 20451 
2764 920 
3304 3304 
5594 16782 
2379 792 
2584 2584 
5230 15690 
4307 4307 
5462 1820 
3565 1187 
2599 7797 
3806 3806 
1090 362 
1324 3972 
1312 436 
3023 3023 
3395 3395 
5473 1823 
5599 16797 
637 211 
2883 2883 
435 144 
3827 3827 
5125 15375 
3469 3469 
4364 4364 
1716 5148 
4971 1656 
4166 4166 
2756 8268 
3591 3591 
1232 410 
4764 1587 
4092 4092 
854 284 
3097 9291 
78 234 
2344 2344 
6134 2044 
2553 7659 
2720 906 
1219 405 
7001 2333 
5504 1834 
6276 18828 
4980 14940 
4374 4374 
4345 4345 
3031 3031 
4430 1476 
3892 3892 
2338 7014 
1391 463 
816 271 
2475 7425 
3656 3656 
2877 2877 
2605 7815 
336 1008 
3343 1113 
1798 598 
2674 2674 
3003 9009 
5864 17592 
4582 4582 
3394 3394 
2976 2976 
4825 1607 
4318 12954 
3698 11094 
3373 3373 
6957 2318 
2903 967 
2753 2753 
2505 2505 
1688 562 
4964 1654 
4545 13635 
3939 3939 
1235 411 
2735 2735 
3698 3698 
1156 3468 
3896 3896 
1997 5991 
4438 4438 
5284 1760 
3201 3201 
2530 2530 
3580 3580 
4799 1599 
6590 19770 
4262 12786 
3209 3209 
5375 1791 
4553 4553 
4904 14712 
6667 2221 
1595 4785 
2907 8721 
2396 2396 
3548 3548 
3466 3466 
4260 1419 
3992 1330 
5053 15159 
2471 2471 
2393 7179 
3453 3453 
3592 3592 
1471 4413 
5363 1787 
6612 2203 
6838 20514 
1350 449 
417 1251 
2138 712 
2344 7032 
3637 10911 
3651 3651 
3778 3778 
4545 4545 
4760 14280 
3277 3277 
1693 563 
2419 805 
4548 4548 
2262 753 
1418 4254 
1939 645 
544 180 
3439 10317 
5538 1845 
3300 3300 
3566 1188 
3917 3917 
2991 2991 
5168 1722 
6346 2114 
4593 4593 
1699 5097 
4433 4433 
1828 5484 
2729 8187 
4479 4479 
4477 4477 
451 149 
2397 2397 
4613 13839 
6853 2283 
1320 3960 
6943 2313 
4592 13776 
3611 3611 
2330 776 
791 2373 
2249 6747 
2500 2500 
1689 562 
616 1848 
1416 471 
4513 13539 
6996 20988 
2623 873 
3258 3258 
2357 2357 
6237 2078 
1403 4209 
6435 19305 
2780 8340 
2340 2340 
1664 4992 
2762 8286 
3170 1056 
6741 20223 
5381 1793 
4580 4580 
77 25 
3724 3724 
6939 20817 
3655 3655 
6917 2305 
4403 1467 
6222 2073 
3602 10806 
4121 12363 
3687 11061 
1087 361 
4336 1444 
1432 476 
4285 1427 
3259 3259 
2562 853 
4499 1499 
3491 3491 
5076 15228 
6976 2324 
2789 2789 
3387 3387 
4202 12606 
63 20 
4151 1383 
4528 4528 
5106 15318 
4416 1471 
2948 2948 
2458 818 
4812 1603 
6549 19647 
4496 1498 
606 1818 
1860 619 
4067 12201 
3379 1125 
998 2994 
858 285 
5554 16662 
1862 5586 
3130 3130 
3828 3828 
4689 1562 
3933 3933 
3024 9072 
3065 1021 
830 276 
3532 3532 
3555 10665 
3634 3634 
3926 1308 
1660 4980 
3556 3556 
4624 1540 
4493 4493 
2422 2422 
3242 9726 
4288 4288 
4835 14505 
1891 5673 
896 2688 
5383 1793 
2685 2685 
3117 1038 
4082 4082 
4637 13911 
4494 4494 
3777 3777 
3449 10347 
1501 4503 
2570 2570 
2634 2634 
6559 2185 
3904 3904 
2824 2824 
4436 1478 
4497 4497 
4595 4595 
4622 4622 
80 240 
2968 2968 
1922 5766 
2360 2360 
6713 20139 
3057 3057 
794 2382 
3420 3420 
3615 3615 
1632 4896 
3504 3504 
3731 11193 
3190 3190 
3132 3132 
1019 3057 
2846 2846 
263 789 
2903 2903 
2816 8448 
5919 17757 
4127 4127 
4555 4555 
4040 12120 
2373 2373 
2441 813 
2729 2729 
6164 18492 
3472 1156 
2310 769 
3243 9729 
5185 15555 
3531 3531 
2359 2359 
2934 2934 
3543 3543 
788 262 
3157 1051 
5503 1833 
3247 3247 
3710 3710 
2966 988 
4808 1602 
3787 3787 
4161 4161 
2640 879 
5746 1914 
6798 20394 
3581 3581 
3539 3539 
3109 3109 
2939 8817 
643 1929 
83 27 
3816 3816 
2778 2778 
6175 18525 
4615 4615 
4322 1440 
1945 5835 
1765 5295 
2783 2783 
2419 2419 
3287 3287 
1680 559 
3745 3745 
954 317 
1274 424 
5529 1842 
2594 7782 
2872 956 
1009 335 
2037 6111 
3061 1019 
2055 6165 
2469 2469 
6777 20331 
4827 1608 
3776 3776 
785 2355 
3943 3943 
3702 11106 
1796 5388 
3654 3654 
210 69 
5337 16011 
2005 667 
6227 18681 
4227 12681 
3267 3267 
3531 1176 
683 227 
2271 6813 
973 323 
6766 20298 
1548 515 
4260 12780 
214 642 
4445 4445 
5733 1910 
725 2175 
4421 4421 
4003 4003 
5806 1934 
3860 3860 
3687 3687 
2000 666 
24 72 
6406 2134 
1076 358 
1490 496 
1112 370 
5313 15939 
3788 3788 
123 369 
6162 2053 
6727 20181 
2371 2371 
4447 4447 
4561 4561 
5281 1759 
3780 3780 
3267 1088 
3281 3281 
2423 807 
545 1635 
390 1170 
5643 16929 
364 1092 
4533 13599 
4548 13644 
1792 596 
4488 13464 
6467 19401 
4087 4087 
523 1569 
827 275 
4013 4013 
2520 7560 
2404 7212 
2708 8124 
1683 5049 
1750 582 
4417 4417 
5564 16692 
588 195 
4045 1347 
4048 4048 
2899 2899 
1122 3366 
4623 1540 
6835 20505 
2525 2525 
881 2643 
4917 14751 
6744 20232 
2548 848 
4036 4036 
6379 19137 
4188 12564 
3354 3354 
2542 7626 
3015 1004 
2870 2870 
6358 2118 
6312 2103 
3263 3263 
4233 4233 
1116 371 
4567 4567 
3228 3228 
723 2169 
1497 4491 
4437 4437 
4189 12567 
1884 5652 
3505 3505 
2681 2681 
1951 5853 
2663 2663 
5494 1830 
4123 4123 
6798 2265 
4408 4408 
2578 2578 
4292 4292 
382 1146 
2503 7509 
850 282 
280 840 
5507 16521 
3606 3606 
5857 1951 
4548 1515 
1839 612 
6317 18951 
5969 17907 
5650 16950 
6339 2112 
6940 2312 
866 2598 
2407 801 
288 95 
4148 1382 
6620 2206 
2415 2415 
2524 840 
5371 16113 
5569 1855 
3406 1134 
455 151 
67 201 
3863 3863 
4368 4368 
4157 4157 
3413 1137 
5749 1915 
2834 8502 
4623 13869 
2837 2837 
3185 3185 
5879 17637 
3966 3966 
6637 2211 
4538 1512 
6182 2060 
4008 4008 
2827 941 
6236 18708 
369 1107 
1476 491 
4527 4527 
3550 10650 
1230 3690 
2546 2546 
1866 621 
4087 12261 
4340 1446 
2592 2592 
4056 12168 
4251 4251 
6433 2143 
6159 2052 
3012 3012 
3186 3186 
3085 3085 
5207 15621 
4797 1598 
1813 5439 
4649 13947 
2623 2623 
5070 1689 
2283 760 
4054 4054 
6095 2031 
1094 364 
3657 3657 
2785 2785 
3964 3964 
1333 443 
3547 3547 
1351 449 
980 326 
2213 737 
2873 957 
5696 17088 
2496 2496 
3327 9981 
2979 2979 
2366 2366 
6706 20118 
663 220 
3204 1067 
2731 909 
5354 16062 
2908 2908 
470 156 
4851 1616 
6671 2223 
4461 4461 
2722 2722 
3076 3076 
4504 4504 
3837 3837 
3061 3061 
1364 4092 
4497 13491 
2051 683 
3096 3096 
2702 900 
3820 3820 
2537 845 
1765 587 
3986 3986 
4595 1531 
1525 4575 
5630 16890 
6398 19194 
1925 641 
4148 4148 
2998 2998 
4458 4458 
6164 2054 
2716 2716 
4145 12435 
3399 3399 
3757 11271 
4830 14490 
3737 3737 
3844 3844 
601 199 
1013 337 
3630 3630 
3621 3621 
3445 10335 
2835 8505 
438 145 
3205 3205 
1220 3660 
160 52 
3686 11058 
2354 2354 
3021 3021 
4133 4133 
1342 4026 
6570 19710 
2752 8256 
1636 4908 
1559 4677 
3480 3480 
4703 14109 
3396 3396 
3244 3244 
3158 9474 
4486 4486 
3451 10353 
3145 3145 
6051 2016 
2424 2424 
4245 4245 
6143 2047 
3351 10053 
4469 4469 
4552 4552 
4012 4012 
2643 2643 
4521 4521 
2625 2625 
409 135 
5388 16164 
3138 3138 
4425 4425 
2683 2683 
4378 4378 
2670 8010 
749 249 
2265 6795 
3986 11958 
1457 485 
2402 2402 
2576 2576 
3126 1041 
1021 3063 
5364 1787 
6586 19758 
1557 4671 
1062 3186 
3866 3866 
6345 2114 
5097 15291 
5528 16584 
4601 4601 
4426 4426 
3850 1282 
2273 757 
1864 620 
6934 20802 
1070 3210 
1625 4875 
4486 1494 
3596 3596 
6237 18711 
3732 11196 
6585 19755 
2689 2689 
2711 2711 
4638 1545 
4074 4074 
6763 2253 
808 268 
6121 2039 
3509 10527 
1284 3852 
6860 20580 
2879 2879 
2493 830 
2270 756 
367 1101 
4080 4080 
2847 2847 
1066 3198 
2448 2448 
249 82 
3900 3900 
4501 13503 
5600 16800 
442 1326 
4029 4029 
2498 2498 
709 2127 
3848 1282 
3403 1133 
657 1971 
1407 4221 
3041 9123 
3285 3285 
2166 6498 
3158 3158 
2848 2848 
2664 887 
4188 4188 
111 36 
4581 1526 
780 2340 
5156 15468 
3009 3009 
511 169 
2773 2773 
5085 1694 
1024 340 
3098 3098 
6543 2180 
1398 4194 
4835 1611 
5666 16998 
1127 375 
6190 2062 
2933 977 
5291 15873 
3834 3834 
1089 3267 
1053 350 
5756 1918 
3443 3443 
3840 3840 
4144 12432 
2570 7710 
1722 573 
2041 6123 
2997 8991 
4119 4119 
4564 13692 
5877 17631 
3754 1250 
3157 3157 
3261 3261 
3689 3689 
3286 9858 
3546 3546 
829 2487 
404 134 
4274 1424 
1517 4551 
4455 13365 
6821 20463 
631 1893 
4587 4587 
6554 2184 
3483 3483 
1691 563 
3391 3391 
4409 4409 
2933 8799 
5119 1705 
4634 4634 
5238 15714 
6667 20001 
1647 4941 
4172 4172 
2970 2970 
4554 4554 
5233 15699 
3494 3494 
4070 4070 
4954 14862 
5302 15906 
3386 3386 
3736 3736 
843 280 
1056 3168 
820 272 
1910 636 
2665 887 
5990 17970 
3375 1124 
4385 4385 
2255 751 
250 750 
3293 1097 
4020 4020 
2192 730 
1445 4335 
5306 15918 
632 1896 
2612 870 
4705 14115 
4547 4547 
2819 2819 
5626 1874 
4060 1352 
3913 3913 
3971 3971 
5191 15573 
1123 3369 
3423 3423 
2999 999 
4570 4570 
4855 14565 
5021 15063 
3203 1067 
787 261 
2861 2861 
4315 4315 
3140 9420 
1572 4716 
4129 4129 
3113 9339 
3466 1154 
2702 2702 
3147 3147 
1097 365 
3777 11331 
6219 18657 
270 89 
5416 1804 
5934 17802 
4546 4546 
6983 2327 
3760 11280 
3968 11904 
5778 17334 
1279 425 
3374 3374 
597 198 
1556 4668 
5668 1888 
2874 2874 
3376 10128 
2737 911 
5749 17247 
6024 2007 
6241 18723 
5811 17433 
3652 3652 
3840 11520 
6366 2121 
2555 2555 
3347 10041 
6771 2256 
2329 6987 
5619 1872 
3664 1220 
311 933 
4122 4122 
2389 7167 
5158 1718 
4665 4665 
6286 18858 
5576 16728 
167 55 
2574 2574 
6347 19041 
3670 11010 
4160 4160 
3582 1193 
2560 852 
5419 16257 
6180 2059 
834 2502 
3970 3970 
2953 2953 
3344 1114 
2662 2662 
4072 12216 
4558 4558 
2093 6279 
3902 3902 
4068 12204 
5719 17157 
2972 2972 
3629 10887 
2446 2446 
6475 2157 
4072 1356 
5444 16332 
2749 2749 
1301 433 
3406 3406 
3407 3407 
3916 3916 
3078 3078 
5763 1920 
4652 4652 
3439 3439 
2679 892 
5316 15948 
5593 16779 
2732 2732 
4039 4039 
455 1365 
3008 3008 
3187 9561 
3738 11214 
2463 2463 
3350 1116 
2744 2744 
6535 2177 
2850 2850 
6196 2064 
2378 792 
5731 1909 
726 241 
2946 981 
620 206 
3541 3541 
1424 4272 
3226 9678 
1625 541 
3600 3600 
2391 7173 
4083 4083 
6257 18771 
2830 2830 
6658 2218 
3852 1283 
4657 4657 
2119 705 
398 1194 
3369 1122 
3460 3460 
4895 14685 
6059 18177 
2531 2531 
2941 2941 
146 438 
4413 4413 
2407 7221 
2822 2822 
5364 16092 
3191 1063 
3454 3454 
3603 10809 
3063 1020 
2954 8862 
4836 14508 
6455 19365 
4654 4654 
5110 1702 
6014 18042 
3044 1014 
4624 4624 
4189 4189 
2458 2458 
4783 1593 
6283 2093 
4932 1643 
29 87 
2394 7182 
2833 2833 
5344 1780 
3116 9348 
5322 1773 
838 2514 
3342 3342 
2512 2512 
4470 4470 
5144 15432 
4040 4040 
3422 3422 
505 1515 
4573 1523 
2137 711 
6050 18150 
4212 4212 
6935 20805 
878 292 
995 2985 
2447 2447 
6522 19566 
3518 3518 
3219 9657 
4027 4027 
5536 1844 
3833 3833 
5649 16947 
3553 3553 
3576 3576 
2602 2602 
4325 1441 
3111 9333 
6016 2004 
2954 2954 
966 2898 
5977 17931 
3296 9888 
1491 4473 
4187 12561 
2433 2433 
2337 778 
1663 553 
4267 4267 
3417 10251 
917 305 
4101 1366 
3416 3416 
4334 4334 
2379 2379 
2340 7020 
3795 3795 
3202 1066 
4814 14442 
3962 11886 
3484 3484 
4166 1388 
6210 18630 
688 2064 
4379 4379 
9 2 
5563 1853 
3283 9849 
1611 4833 
3363 1120 
3152 3152 
2769 2769 
2361 2361 
1600 4800 
6893 20679 
3294 3294 
5242 1746 
5729 1909 
3094 9282 
5347 16041 
1759 5277 
2946 2946 
432 143 
2752 2752 
4977 1658 
4587 13761 
3596 1198 
1624 4872 
2942 2942 
4343 1447 
2814 2814 
5943 1980 
479 1437 
4326 4326 
3077 3077 
1915 637 
2467 2467 
5990 1996 
6966 2321 
2128 708 
4921 14763 
3842 3842 
3325 3325 
1672 5016 
6663 2220 
2948 982 
3539 1179 
467 1401 
4331 4331 
2447 815 
3238 3238 
4791 1596 
4778 14334 
1619 4857 
4249 12747 
2538 7614 
289 95 
3331 3331 
4041 4041 
2001 666 
6260 2086 
2518 838 
526 174 
5752 1916 
3287 9861 
4922 14766 
5896 17688 
3949 1315 
4652 1550 
5692 1896 
5971 17913 
2274 757 
2849 2849 
2386 2386 
596 1788 
2763 8289 
88 28 
3740 3740 
621 1863 
5034 1677 
3626 3626 
936 311 
2499 2499 
3519 3519 
3367 3367 
3167 3167 
4247 4247 
3974 3974 
6040 18120 
3899 3899 
405 134 
3252 3252 
4333 4333 
3978 3978 
3143 3143 
4408 1468 
5757 17271 
5628 1875 
1570 4710 
3620 3620 
3967 3967 
2756 918 
4492 4492 
6068 18204 
2889 8667 
3054 3054 
503 1509 
2459 2459 
3359 3359 
3742 11226 
3288 3288 
3451 3451 
3335 3335 
4522 4522 
2984 2984 
621 206 
3086 3086 
5951 17853 
4300 12900 
3139 3139 
1416 4248 
5865 1954 
2565 2565 
2793 2793 
6069 2022 
5252 15756 
2318 6954 
1145 3435 
345 114 
4165 4165 
91 29 
3570 3570 
3315 3315 
4218 4218 
4715 1571 
5954 1984 
183 60 
5057 15171 
4210 4210 
4488 4488 
5629 1875 
3388 3388 
4063 4063 
6966 20898 
4967 1655 
4372 4372 
2335 2335 
2860 2860 
4988 14964 
2602 7806 
1003 333 
3662 10986 
3714 3714 
3338 3338 
1377 458 
1779 5337 
811 2433 
58 174 
4530 4530 
3735 1244 
3524 3524 
3004 3004 
4063 1353 
4744 14232 
6233 18699 
3888 11664 
270 810 
712 236 
4896 14688 
3110 3110 
3254 3254 
2493 2493 
5410 1802 
2460 819 
2759 919 
2982 2982 
1472 4416 
5685 1894 
2628 2628 
19 57 
5058 1685 
5980 1992 
5594 1864 
1067 3201 
3142 3142 
3188 9564 
6630 19890 
2033 677 
4234 4234 
1873 5619 
1209 402 
3269 9807 
5998 17994 
1747 5241 
209 69 
3233 9699 
5839 1945 
5680 17040 
4637 1545 
2719 2719 
2445 2445 
2742 2742 
2915 2915 
2608 2608 
3574 3574 
4007 4007 
4383 4383 
3222 3222 
3935 3935 
5765 1921 
6446 2148 
4617 4617 
2964 2964 
1204 400 
3828 11484 
4514 4514 
746 248 
6803 2267 
3704 3704 
394 130 
5771 1923 
6861 20583 
3545 3545 
3786 3786 
4137 4137 
6530 19590 
3573 3573 
2372 7116 
3832 3832 
5616 16848 
360 1080 
4541 4541 
5393 1797 
3123 3123 
4106 4106 
6552 2183 
4578 4578 
4149 1382 
3735 3735 
2717 2717 
200 66 
6092 2030 
558 1674 
4273 4273 
744 247 
5239 15717 
1334 4002 
2480 2480 
6524 2174 
3088 3088 
2451 2451 
1524 507 
5292 15876 
3721 3721 
3923 1307 
5613 1870 
2690 8070 
5485 1827 
2437 7311 
562 1686 
2881 8643 
2399 2399 
5005 15015 
3124 3124 
221 73 
3384 3384 
4022 4022 
5741 1913 
3377 3377 
2895 2895 
4513 4513 
2724 907 
3703 3703 
3061 9183 
