75 2850
41 41 
33 33 
66 66 
11 11 
34 34 
14 14 
40 40 
18 18 
29 29 
37 37 
60 60 
68 68 
16 16 
63 63 
3 3 
23 23 
10 10 
71 71 
17 17 
38 38 
13 13 
42 42 
19 19 
39 39 
32 32 
45 45 
28 28 
75 75 
56 56 
20 20 
57 57 
35 35 
30 30 
24 24 
47 47 
9 9 
21 21 
4 4 
72 72 
7 7 
26 26 
74 74 
51 51 
43 43 
31 31 
5 5 
53 53 
25 25 
61 61 
65 65 
73 73 
67 67 
36 36 
70 70 
22 22 
6 6 
49 49 
64 64 
44 44 
46 46 
8 8 
48 48 
50 50 
2 2 
27 27 
12 12 
1 1 
58 58 
55 55 
54 54 
62 62 
59 59 
15 15 
52 52 
69 69 
