73 2701
65 65 
23 23 
27 27 
14 14 
61 61 
58 58 
10 10 
71 71 
43 43 
62 62 
12 12 
4 4 
63 63 
5 5 
18 18 
70 70 
68 68 
13 13 
69 69 
33 33 
34 34 
53 53 
54 54 
59 59 
44 44 
52 52 
49 49 
42 42 
48 48 
2 2 
11 11 
64 64 
41 41 
47 47 
73 73 
67 67 
37 37 
29 29 
60 60 
8 8 
20 20 
72 72 
32 32 
16 16 
40 40 
38 38 
24 24 
25 25 
50 50 
51 51 
35 35 
19 19 
28 28 
66 66 
57 57 
15 15 
39 39 
31 31 
9 9 
22 22 
55 55 
26 26 
17 17 
30 30 
46 46 
6 6 
56 56 
45 45 
3 3 
36 36 
1 1 
21 21 
7 7 
