76 2926
35 35 
59 59 
33 33 
7 7 
58 58 
57 57 
38 38 
56 56 
29 29 
50 50 
67 67 
70 70 
76 76 
26 26 
13 13 
17 17 
11 11 
44 44 
28 28 
16 16 
68 68 
46 46 
73 73 
32 32 
52 52 
43 43 
20 20 
74 74 
42 42 
71 71 
25 25 
64 64 
24 24 
21 21 
55 55 
53 53 
9 9 
66 66 
1 1 
41 41 
14 14 
54 54 
31 31 
72 72 
62 62 
23 23 
75 75 
34 34 
19 19 
18 18 
6 6 
47 47 
27 27 
12 12 
30 30 
10 10 
2 2 
8 8 
60 60 
65 65 
39 39 
45 45 
40 40 
48 48 
63 63 
69 69 
3 3 
36 36 
37 37 
15 15 
49 49 
22 22 
5 5 
51 51 
4 4 
61 61 
