77 3003
27 27 
75 75 
21 21 
51 51 
74 74 
54 54 
77 77 
15 15 
47 47 
69 69 
65 65 
60 60 
3 3 
53 53 
19 19 
28 28 
41 41 
67 67 
9 9 
59 59 
13 13 
2 2 
33 33 
10 10 
55 55 
36 36 
22 22 
61 61 
72 72 
57 57 
30 30 
6 6 
56 56 
31 31 
66 66 
1 1 
25 25 
73 73 
32 32 
8 8 
26 26 
5 5 
50 50 
17 17 
37 37 
29 29 
43 43 
11 11 
39 39 
52 52 
42 42 
18 18 
44 44 
7 7 
20 20 
48 48 
64 64 
16 16 
58 58 
62 62 
38 38 
35 35 
40 40 
68 68 
34 34 
46 46 
76 76 
63 63 
45 45 
49 49 
24 24 
12 12 
14 14 
71 71 
4 4 
23 23 
70 70 
