7000 1000
4583 4583 
1088 362 
4941 1646 
4365 4365 
6135 18405 
228 684 
1754 584 
4541 13623 
746 2238 
2978 992 
4263 12789 
5969 1989 
104 34 
4033 4033 
5955 17865 
2442 2442 
4419 4419 
1114 3342 
3690 3690 
571 1713 
4428 1475 
3281 3281 
6111 2036 
737 245 
5134 15402 
4447 13341 
897 298 
1500 499 
5344 16032 
6071 2023 
3265 3265 
2769 8307 
2629 2629 
4128 1375 
6086 2028 
4289 1429 
4248 12744 
3747 3747 
1973 5919 
1862 5586 
3118 9354 
4795 1597 
3010 9030 
4600 1532 
3589 3589 
1118 3354 
4671 14013 
325 975 
357 118 
5806 1934 
3590 3590 
4091 1363 
5478 16434 
2342 2342 
399 1197 
5779 17337 
4508 4508 
2771 8313 
5902 17706 
1935 644 
5107 15321 
6500 19500 
4661 4661 
3644 3644 
3692 11076 
2374 2374 
6748 2248 
116 348 
6113 2037 
5798 1932 
1091 363 
3387 3387 
3210 3210 
3176 9528 
3921 3921 
4337 4337 
2699 2699 
3667 3667 
6108 2035 
4569 13707 
3265 1087 
2749 8247 
1038 345 
2863 2863 
2836 2836 
4240 1412 
6352 19056 
3109 3109 
4400 4400 
2495 7485 
100 300 
4162 4162 
2740 8220 
123 40 
1820 5460 
2400 7200 
6450 2149 
4285 4285 
4435 1477 
3441 3441 
6654 2217 
1039 3117 
2383 2383 
6209 18627 
4350 4350 
2877 958 
5669 1889 
4480 4480 
4653 1550 
3105 3105 
2706 901 
5777 17331 
727 2181 
4831 14493 
6926 20778 
6650 2216 
4385 4385 
5075 1691 
2914 2914 
2059 685 
3078 3078 
6777 2258 
4259 4259 
4894 1630 
2987 2987 
1170 389 
4077 4077 
6291 2096 
5484 1827 
4489 4489 
2591 2591 
1528 4584 
3030 1009 
2897 2897 
961 2883 
661 219 
3555 1184 
6428 2142 
3250 9750 
2581 7743 
2885 961 
6751 20253 
5243 15729 
2474 2474 
2838 2838 
900 2700 
2397 798 
1433 477 
2649 882 
3322 3322 
5132 15396 
2631 2631 
578 192 
6115 2037 
1207 401 
2530 7590 
3443 3443 
6556 2184 
2456 7368 
441 146 
3135 1044 
4238 4238 
4731 1576 
6739 20217 
3524 3524 
4045 4045 
3300 3300 
1886 628 
4288 4288 
5092 1696 
1129 3387 
1178 3534 
5008 1668 
1787 5361 
2889 962 
1097 3291 
3850 3850 
2462 2462 
1613 4839 
1251 416 
2134 710 
6863 2287 
2984 2984 
4713 14139 
2737 2737 
3336 3336 
4331 4331 
3946 3946 
5711 1903 
5840 1946 
433 143 
4987 14961 
2486 7458 
6663 19989 
3404 3404 
2374 790 
3964 3964 
47 141 
5724 17172 
5740 17220 
2877 2877 
2283 760 
6543 2180 
2016 6048 
6813 20439 
5770 1922 
1998 5994 
2858 2858 
6780 20340 
3826 3826 
188 62 
3113 3113 
6368 2122 
3957 3957 
5269 1755 
3151 3151 
2172 723 
6088 18264 
3618 3618 
716 238 
4212 4212 
4383 13149 
3249 3249 
2949 2949 
3448 3448 
2011 6033 
4091 4091 
1368 455 
1294 3882 
3561 3561 
3117 9351 
2582 2582 
5109 1702 
2568 2568 
2610 2610 
6288 18864 
2242 6726 
4792 1596 
4441 4441 
4200 4200 
2732 2732 
2851 2851 
206 618 
4515 13545 
2858 8574 
4088 1362 
6752 2250 
1978 5934 
4148 12444 
2950 8850 
2753 2753 
3746 3746 
5660 16980 
3010 3010 
4181 4181 
197 591 
2881 2881 
821 2463 
1910 5730 
6401 2133 
393 1179 
2289 762 
4406 1468 
6370 2122 
639 1917 
4570 4570 
5946 17838 
3379 3379 
3138 3138 
4048 4048 
6262 2086 
1366 4098 
3617 3617 
6206 18618 
3981 3981 
2139 712 
4680 14040 
4545 4545 
3527 3527 
4352 4352 
6813 2270 
4421 13263 
2979 2979 
1690 5070 
3432 3432 
1058 352 
3079 3079 
6030 2009 
4001 4001 
2621 2621 
4533 4533 
2911 2911 
3094 3094 
6518 19554 
37 111 
1542 4626 
879 292 
4122 1373 
4012 1336 
438 1314 
3639 3639 
1788 595 
4861 14583 
3789 1262 
2834 8502 
2405 801 
208 624 
2924 2924 
2189 6567 
4189 12567 
2113 703 
6241 18723 
435 1305 
5170 15510 
1829 609 
326 108 
3029 1009 
3641 1213 
4267 4267 
2075 6225 
3232 3232 
1383 460 
3227 9681 
2468 2468 
2762 2762 
2856 8568 
2182 6546 
1254 417 
2425 807 
2773 8319 
1253 417 
3315 1104 
1199 3597 
1608 4824 
3780 3780 
272 90 
4051 12153 
3157 3157 
4402 4402 
818 2454 
1521 4563 
6040 2012 
4105 4105 
2439 2439 
4043 4043 
2747 2747 
1399 465 
5313 15939 
2622 2622 
3655 3655 
6904 20712 
1909 635 
2479 825 
3394 10182 
1955 651 
2232 743 
1784 5352 
3557 3557 
2426 2426 
3022 1006 
4505 4505 
4142 4142 
2431 809 
6011 18033 
1331 3993 
12 36 
3947 3947 
1530 4590 
5746 1914 
2755 2755 
4445 13335 
2369 2369 
596 1788 
4187 4187 
5211 1736 
5707 1901 
6951 20853 
4458 1485 
3222 3222 
5542 1846 
987 2961 
2150 716 
6130 18390 
1176 391 
2951 8853 
6983 20949 
2393 797 
2707 2707 
2721 2721 
3611 10833 
5488 1828 
1788 5364 
3937 11811 
2407 2407 
2787 8361 
3958 3958 
1345 4035 
5534 16602 
3250 3250 
798 2394 
2981 993 
4269 4269 
2219 6657 
4078 4078 
429 142 
4082 4082 
6435 2144 
446 1338 
6310 2102 
4186 1394 
4788 14364 
5348 1782 
3498 1165 
3372 10116 
2606 7818 
2148 715 
6967 2321 
4619 4619 
4461 13383 
580 192 
1644 4932 
4174 4174 
3508 3508 
5913 1970 
6989 2329 
4613 4613 
2464 2464 
949 2847 
1989 662 
4312 4312 
5604 1867 
2776 2776 
2375 2375 
768 2304 
423 1269 
1016 3048 
6701 20103 
3414 3414 
2989 2989 
4898 14694 
1265 3795 
2060 686 
3065 3065 
490 162 
4007 4007 
4197 4197 
2902 8706 
3470 1156 
42 126 
1995 5985 
3536 3536 
1436 4308 
1599 532 
6354 19062 
3091 3091 
4272 4272 
1749 582 
4921 1639 
2751 2751 
3162 3162 
4513 13539 
2493 7479 
1404 4212 
3326 3326 
5377 16131 
2853 950 
2385 2385 
2551 849 
32 10 
6200 18600 
3219 9657 
3966 3966 
4608 1535 
3392 10176 
3104 3104 
696 231 
2506 834 
18 5 
965 2895 
6273 18819 
3811 1269 
1103 367 
3971 3971 
6867 20601 
3667 1221 
2421 2421 
6908 2302 
3069 3069 
3040 1012 
2603 2603 
3557 1185 
65 195 
2974 2974 
2479 2479 
4199 12597 
6787 2261 
4601 1533 
4295 4295 
2897 8691 
4183 1393 
6927 20781 
2159 6477 
1626 541 
1460 486 
3582 3582 
3233 3233 
119 39 
4657 4657 
2393 2393 
5241 1746 
585 1755 
3555 3555 
4137 4137 
6554 19662 
3844 3844 
6502 19506 
1350 4050 
3556 3556 
427 141 
3373 3373 
4614 1537 
2626 2626 
4911 14733 
2104 6312 
3168 3168 
5209 15627 
2900 2900 
2952 983 
3099 3099 
6150 2049 
4163 4163 
5083 1693 
5954 17862 
4266 12798 
2396 798 
2882 2882 
43 13 
4375 4375 
5614 1870 
762 253 
5871 1956 
4481 1493 
2074 6222 
3459 3459 
2185 6555 
2469 2469 
4213 4213 
1225 3675 
4893 1630 
274 822 
2964 987 
835 2505 
4507 4507 
4854 14562 
3841 3841 
246 81 
3122 1040 
6635 19905 
2430 2430 
5255 1751 
3319 3319 
3944 3944 
1444 4332 
3054 9162 
5321 1773 
872 2616 
3715 3715 
2663 2663 
4527 1508 
4445 4445 
3789 11367 
3995 1331 
3928 3928 
610 1830 
2846 2846 
2554 2554 
356 1068 
2596 2596 
4938 1645 
2726 8178 
3246 1081 
561 186 
3212 1070 
6374 2124 
109 35 
978 2934 
1689 5067 
5350 1782 
1485 4455 
4034 4034 
6061 18183 
2451 7353 
4431 4431 
5386 16158 
4751 14253 
5877 1958 
6324 18972 
5785 1927 
2381 2381 
2624 7872 
2790 929 
5515 1837 
4455 4455 
4128 4128 
3151 9453 
2935 2935 
5554 1850 
582 193 
3959 1319 
1824 607 
6349 19047 
3897 11691 
4314 4314 
3624 3624 
2408 7224 
4846 14538 
4979 14937 
3469 3469 
2656 2656 
575 1725 
3659 10977 
2547 7641 
2171 6513 
4666 13998 
2601 2601 
3427 3427 
3199 3199 
3916 1304 
1897 5691 
2326 774 
2366 2366 
3490 3490 
6357 19071 
2496 7488 
4210 12630 
4178 12534 
748 248 
1413 4239 
2165 721 
2539 2539 
3601 3601 
1740 5220 
2166 721 
5418 16254 
6891 20673 
706 2118 
6269 2089 
3719 1239 
6556 19668 
3092 9276 
3229 1075 
6594 2197 
4592 4592 
4126 4126 
4858 1618 
4412 4412 
694 2082 
1434 477 
2450 2450 
3597 1198 
3420 3420 
5975 1991 
3392 3392 
4610 13830 
5385 1794 
1462 4386 
2287 761 
4811 1603 
439 1317 
1237 3711 
2678 2678 
3546 1181 
4963 14889 
3762 3762 
1651 4953 
3509 3509 
2435 811 
4577 13731 
6700 2232 
4484 4484 
3220 9660 
3683 1227 
4196 4196 
6524 2174 
1916 638 
3216 9648 
592 196 
4714 1570 
3811 11433 
1079 359 
2923 2923 
5244 15732 
3517 10551 
6559 19677 
4558 4558 
3518 10554 
1905 634 
5503 16509 
3148 3148 
1983 660 
2594 864 
3242 1080 
3675 3675 
6535 19605 
6298 18894 
1293 430 
3824 3824 
456 1368 
4675 1557 
3770 3770 
4564 13692 
4026 1341 
6195 2064 
3056 3056 
1346 4038 
886 294 
5325 1774 
3124 3124 
3420 10260 
4462 1486 
6474 2157 
1750 5250 
2806 2806 
1990 5970 
4446 4446 
4372 4372 
1915 637 
3048 3048 
4580 4580 
3975 3975 
2715 904 
600 199 
1887 5661 
468 1404 
4663 1553 
1831 609 
4803 1600 
5363 1787 
6274 18822 
2634 2634 
1596 531 
3300 1099 
2499 2499 
4257 12771 
3879 11637 
1695 564 
2655 884 
5181 1726 
4592 13776 
3044 3044 
623 1869 
3823 1273 
1415 4245 
6914 2304 
4767 1588 
6041 18123 
5103 15309 
4460 1486 
2476 7428 
2100 6300 
3100 3100 
4709 1569 
4471 1489 
3087 1028 
2492 2492 
3695 3695 
3697 3697 
4629 4629 
6769 20307 
648 1944 
5545 1847 
1053 350 
4647 4647 
6120 2039 
1356 4068 
4379 4379 
2713 8139 
4894 14682 
3289 9867 
5657 16971 
4740 1579 
2482 2482 
5407 1801 
5061 15183 
6411 2136 
3402 3402 
2081 693 
2577 2577 
4017 4017 
2467 2467 
285 94 
3895 3895 
2832 2832 
3202 3202 
3427 10281 
6720 2239 
3454 1150 
4300 12900 
3549 1182 
768 255 
263 789 
3592 3592 
6298 2098 
3290 1096 
3480 3480 
2335 2335 
4982 1660 
5667 1888 
3913 1303 
4171 4171 
3285 9855 
4120 4120 
6515 19545 
4999 1665 
3914 11742 
3505 3505 
4418 4418 
3486 1161 
3282 3282 
2556 2556 
2673 2673 
2515 2515 
4616 4616 
3195 3195 
2637 2637 
3178 3178 
3234 3234 
1671 556 
5567 16701 
4892 14676 
2728 8184 
4633 13899 
1939 5817 
4041 12123 
3912 3912 
2267 6801 
3373 1123 
6881 2293 
5346 16038 
2004 667 
4337 1445 
1516 504 
476 158 
4581 4581 
6181 18543 
6057 2018 
3763 3763 
2948 8844 
3948 3948 
2521 7563 
2443 2443 
2711 8133 
2388 2388 
3288 3288 
2349 2349 
3277 3277 
1655 551 
2764 8292 
3324 3324 
1215 404 
1468 4404 
4599 1532 
599 199 
2368 7104 
316 104 
2487 828 
3399 10197 
3274 3274 
3268 3268 
3244 9732 
447 1341 
4476 1491 
3800 3800 
3294 3294 
2704 2704 
3313 3313 
1470 4410 
762 2286 
3821 3821 
4514 4514 
4492 4492 
5754 17262 
3560 3560 
5973 17919 
3217 3217 
3782 3782 
5034 1677 
2547 2547 
4999 14997 
5869 17607 
3299 9897 
2666 888 
4266 4266 
305 915 
4409 4409 
2996 2996 
2695 8085 
3012 3012 
1009 335 
2542 846 
4154 12462 
3774 3774 
4227 4227 
3072 3072 
3725 3725 
2739 2739 
3468 3468 
2143 713 
4215 12645 
5864 1954 
3046 3046 
113 37 
2542 2542 
4295 12885 
6707 20121 
2578 2578 
3750 3750 
4591 4591 
1258 3774 
3132 1043 
6768 20304 
4491 13473 
3003 3003 
917 305 
2440 7320 
6713 20139 
3120 3120 
3660 3660 
5771 1923 
1479 492 
3623 3623 
485 1455 
2982 8946 
773 257 
3795 3795 
3439 10317 
5388 16164 
6410 19230 
1869 5607 
2941 2941 
1266 3798 
5356 16068 
1702 566 
2040 679 
3302 1100 
5810 1936 
3455 10365 
4015 4015 
2525 2525 
696 2088 
2756 2756 
3198 9594 
5273 1757 
4973 1657 
4407 4407 
234 77 
2447 2447 
4069 4069 
3257 9771 
6441 2146 
5031 15093 
6194 18582 
5420 1806 
4849 14547 
1395 464 
6428 19284 
4939 1645 
148 48 
5428 1808 
6253 2083 
4425 4425 
1542 513 
6919 20757 
3178 1058 
4240 4240 
3269 1089 
5016 15048 
3281 1093 
3485 10455 
4140 4140 
3881 3881 
1962 653 
1801 5403 
2687 2687 
3648 3648 
3886 3886 
4711 1569 
2817 2817 
3409 1135 
4612 4612 
212 70 
3726 3726 
3979 11937 
4184 12552 
547 181 
176 58 
653 217 
4244 4244 
6403 2133 
2031 676 
3542 10626 
2253 6759 
3043 3043 
5020 15060 
3738 3738 
4171 1389 
4427 13281 
3572 1190 
3144 3144 
4594 13782 
3694 3694 
6277 18831 
1979 659 
839 2517 
3539 3539 
6405 19215 
2759 919 
2552 850 
1157 385 
5474 1824 
1109 369 
6348 2115 
6999 20997 
6431 19293 
3741 3741 
3391 1129 
2331 776 
2833 8499 
2509 835 
4396 4396 
6898 20694 
1394 464 
3372 3372 
4113 4113 
2417 2417 
2048 6144 
1800 599 
6142 2046 
3744 1247 
5172 15516 
4144 4144 
548 1644 
4621 1539 
2184 6552 
121 363 
4586 4586 
3193 3193 
4288 1428 
5026 1674 
5184 1727 
6300 2099 
2917 2917 
3428 3428 
1736 5208 
3979 1325 
259 85 
3236 3236 
4583 1527 
2566 2566 
6062 2020 
5736 17208 
9 27 
1890 629 
2867 8601 
3796 3796 
3647 3647 
3811 3811 
6906 20718 
4344 1447 
4267 12801 
1452 483 
127 381 
1576 524 
3967 11901 
4041 1346 
4153 12459 
4625 4625 
2955 2955 
51 16 
4338 4338 
1083 3249 
6212 2070 
6175 2057 
2624 2624 
4934 1644 
2427 808 
3906 3906 
4832 1610 
3296 3296 
4659 1552 
1834 5502 
6605 2201 
3918 1305 
1644 547 
3670 3670 
6059 18177 
2978 2978 
209 627 
4887 14661 
5036 15108 
3899 11697 
2514 2514 
6245 18735 
5861 17583 
2664 887 
1274 424 
3652 3652 
773 2319 
1236 411 
3775 3775 
2918 972 
5795 17385 
5305 15915 
678 2034 
4035 4035 
144 432 
2597 865 
5543 1847 
2786 2786 
174 57 
3093 3093 
6279 2092 
1031 3093 
4002 1333 
2969 8907 
570 189 
3598 3598 
5734 17202 
72 216 
4155 4155 
972 2916 
6078 2025 
2842 2842 
2551 2551 
5868 17604 
4037 4037 
1246 3738 
3267 9801 
593 197 
1666 554 
3771 3771 
3504 3504 
969 322 
2588 2588 
2783 2783 
3077 1025 
1117 371 
4275 4275 
2657 885 
6903 20709 
2915 971 
2740 2740 
4260 1419 
6957 2318 
1025 3075 
3564 1187 
3367 10101 
3829 3829 
3312 9936 
3182 9546 
4888 14664 
2507 2507 
2558 2558 
4404 4404 
2423 2423 
2062 6186 
3834 3834 
3573 3573 
4367 4367 
3172 9516 
4222 4222 
3735 3735 
1514 504 
3135 3135 
5146 15438 
566 188 
1895 631 
42 13 
187 561 
529 1587 
3048 1015 
2636 878 
5017 15051 
3546 3546 
2519 2519 
4231 4231 
3572 10716 
3408 3408 
2537 2537 
4046 12138 
3900 3900 
2404 2404 
906 2718 
3009 9027 
2401 2401 
3729 3729 
6421 2139 
1537 511 
2441 7323 
2446 2446 
3033 3033 
6841 20523 
2628 2628 
5324 15972 
6917 20751 
6736 2244 
1845 614 
3620 10860 
4311 4311 
4059 12177 
1594 4782 
5889 1962 
3662 3662 
5519 1839 
3521 3521 
5387 16161 
1032 3096 
4181 1393 
3440 3440 
6449 2149 
1674 5022 
5860 1952 
3335 3335 
3430 3430 
2884 2884 
3644 10932 
1591 4773 
2210 6630 
4173 4173 
801 2403 
2356 784 
3398 1132 
4176 4176 
2828 2828 
3998 11994 
6590 2196 
842 2526 
4039 1345 
4081 12243 
2382 7146 
3575 3575 
5305 1767 
3699 11097 
5582 16746 
6828 20484 
4189 4189 
1069 355 
5063 15189 
1996 5988 
2712 2712 
3403 10209 
908 2724 
3719 11157 
6308 18924 
3774 11322 
2948 982 
3327 3327 
3449 3449 
2690 2690 
3386 1128 
4574 4574 
3105 1034 
2879 959 
5717 17151 
4542 4542 
2490 2490 
4146 12438 
3013 9039 
3417 3417 
4774 1590 
1311 436 
4138 4138 
3950 1316 
3576 10728 
246 738 
568 1704 
428 142 
6402 19206 
2399 7197 
4421 4421 
4547 4547 
1044 3132 
3421 3421 
2573 2573 
1753 5259 
4541 4541 
4172 4172 
3253 1083 
5680 17040 
3393 3393 
591 1773 
5767 1921 
4381 13143 
3545 10635 
3022 9066 
2937 8811 
793 2379 
3355 3355 
1031 343 
1021 339 
4743 14229 
5997 17991 
3403 3403 
2400 2400 
4299 4299 
3000 3000 
5015 15045 
2471 2471 
5590 1862 
6950 20850 
5808 17424 
3975 1324 
4279 1425 
4398 4398 
4307 4307 
2406 2406 
2807 2807 
2875 8625 
6443 2147 
4262 1420 
2685 2685 
586 1758 
1083 360 
4691 1563 
2430 7290 
3089 1029 
1666 4998 
2664 7992 
4065 4065 
206 68 
301 903 
3062 3062 
5153 1717 
3684 1227 
1581 526 
5895 17685 
1811 5433 
5700 17100 
4624 13872 
2889 2889 
2601 866 
1297 3891 
4281 4281 
3140 1046 
2841 8523 
3052 1016 
4500 4500 
1453 4359 
3317 1105 
4654 4654 
108 35 
1517 505 
4289 4289 
2600 2600 
3884 1294 
3667 11001 
4553 4553 
4415 4415 
3186 1061 
1258 418 
2026 674 
3862 3862 
5334 1777 
1958 652 
3197 1065 
6747 20241 
4568 4568 
3637 3637 
2951 983 
3833 11499 
5489 16467 
3915 3915 
3460 1152 
2887 2887 
2750 916 
237 711 
3720 3720 
4598 4598 
5962 1986 
2347 2347 
4188 4188 
2899 2899 
3046 9138 
2560 2560 
4481 4481 
3320 3320 
1393 4179 
3978 11934 
3251 3251 
4157 1385 
2782 2782 
3901 3901 
6505 19515 
2644 7932 
5923 1973 
4178 4178 
929 2787 
4167 4167 
2330 776 
388 1164 
3622 3622 
3189 3189 
3330 1109 
3955 3955 
1026 341 
6109 2035 
4808 14424 
6728 2242 
2429 2429 
1707 5121 
3922 3922 
4038 4038 
6945 20835 
3584 10752 
2847 948 
3844 11532 
4478 1492 
3950 3950 
4222 1406 
2414 7242 
2713 903 
5263 1753 
5613 1870 
5686 17058 
3863 1287 
2508 2508 
5749 1915 
4068 4068 
5359 1785 
3459 10377 
3149 3149 
2898 2898 
3052 3052 
3026 3026 
5310 15930 
3238 3238 
2587 2587 
3816 3816 
2477 7431 
4938 14814 
6757 2251 
6157 18471 
1760 586 
4472 4472 
4360 4360 
6493 19479 
291 96 
3678 3678 
2315 6945 
4807 1601 
3422 10266 
3945 1314 
4735 1577 
3783 1260 
1479 4437 
3779 3779 
6744 2247 
3437 1145 
1634 4902 
3403 1133 
3122 3122 
5351 16053 
6170 2056 
3645 3645 
661 1983 
4145 4145 
267 801 
521 173 
5699 17097 
2319 772 
3885 3885 
4090 4090 
428 1284 
1665 4995 
3178 9534 
1022 3066 
2595 2595 
6588 19764 
3879 3879 
1268 3804 
6913 2303 
2386 794 
1210 3630 
357 1071 
6700 20100 
2645 881 
5697 1898 
2391 2391 
1973 657 
3819 3819 
421 1263 
3657 3657 
3962 3962 
893 2679 
2223 6669 
5115 1704 
2905 2905 
2390 2390 
4164 1387 
1222 3666 
3357 3357 
4737 1578 
5807 1935 
2781 8343 
1409 4227 
4205 4205 
4124 12372 
3776 11328 
676 2028 
6642 2213 
6544 2180 
946 2838 
6135 2044 
496 164 
2440 2440 
4720 1572 
3142 9426 
3570 3570 
3685 1227 
6542 2180 
5402 16206 
588 1764 
3037 1011 
3674 3674 
6783 20349 
1136 3408 
4792 14376 
3958 11874 
2708 2708 
3143 9429 
5486 16458 
2161 6483 
2557 2557 
2658 7974 
2716 904 
1700 5100 
4329 12987 
1238 412 
1898 632 
4951 14853 
2420 2420 
2835 2835 
3050 3050 
6445 19335 
4712 1570 
39 117 
3226 1074 
3947 11841 
960 2880 
3829 1275 
4276 4276 
2780 2780 
148 444 
1270 3810 
2418 2418 
2705 2705 
4149 1382 
3830 3830 
2136 711 
6374 19122 
6829 2275 
5403 16209 
6098 18294 
3204 9612 
4028 4028 
4973 14919 
4403 13209 
2116 704 
4011 4011 
1434 4302 
2863 953 
3472 1156 
787 261 
2531 2531 
885 2655 
3838 3838 
880 292 
4203 4203 
3027 3027 
3075 3075 
3592 10776 
4978 1658 
4566 4566 
3442 1146 
3120 9360 
2301 6903 
1290 429 
4250 4250 
5924 17772 
1065 354 
2394 2394 
1620 4860 
5053 1683 
2348 782 
3466 3466 
4229 4229 
2416 2416 
1457 485 
3198 3198 
5028 1675 
2660 886 
514 170 
6266 2088 
2080 692 
660 219 
2761 8283 
3776 3776 
6072 2023 
4368 4368 
5301 15903 
2994 2994 
4559 4559 
4850 14550 
6067 18201 
5083 15249 
3185 3185 
2843 2843 
5279 1759 
2472 2472 
3724 3724 
6366 19098 
3761 1253 
3646 3646 
3768 1255 
6424 19272 
3723 3723 
1317 3951 
286 858 
5558 1852 
2041 6123 
6762 2253 
4678 14034 
503 167 
3279 1092 
4426 4426 
1601 533 
4540 4540 
5940 1979 
3609 3609 
2520 2520 
3452 3452 
738 245 
2559 2559 
6994 20982 
1494 4482 
3638 3638 
1983 5949 
6247 2081 
699 2097 
6026 18078 
1223 407 
2266 6798 
4436 4436 
4166 12498 
2813 2813 
3554 3554 
3536 1178 
4132 4132 
2479 7437 
5378 16134 
4728 1575 
4366 4366 
634 1902 
2662 2662 
3034 3034 
3772 3772 
5126 1708 
2921 2921 
6432 19296 
4061 4061 
4166 4166 
2985 2985 
1150 3450 
3866 11598 
3576 1191 
3083 3083 
4110 4110 
6201 18603 
784 2352 
6592 2196 
2682 893 
4121 4121 
1841 613 
2338 2338 
6025 2007 
6369 19107 
4578 4578 
2510 7530 
329 987 
6836 20508 
2687 8061 
3773 1257 
5130 1709 
5130 15390 
691 2073 
6287 2095 
1925 5775 
5647 1881 
2929 2929 
2782 926 
4593 4593 
6619 19857 
4611 4611 
4271 4271 
2815 2815 
3818 1272 
4274 1424 
6741 2246 
675 2025 
2426 808 
3602 1200 
1648 548 
764 2292 
2069 6207 
3214 9642 
1278 3834 
510 1530 
6830 20490 
2408 2408 
3243 9729 
3315 9945 
5751 17253 
933 310 
2346 2346 
4342 13026 
2192 730 
5407 16221 
4655 4655 
3788 3788 
6481 19443 
4309 4309 
4316 4316 
3890 3890 
3429 3429 
5677 17031 
939 312 
4783 14349 
3055 3055 
1050 3150 
4259 1419 
515 1545 
4215 4215 
5731 17193 
4497 4497 
626 208 
223 73 
974 324 
5960 17880 
3968 3968 
3745 3745 
5602 1866 
4384 4384 
1484 4452 
2867 2867 
4232 4232 
2914 8742 
6351 19053 
3036 3036 
3074 3074 
4535 4535 
5948 17844 
4159 1385 
505 167 
5446 1814 
3698 3698 
4572 4572 
2278 758 
6661 2219 
6095 2031 
5556 16668 
1338 4014 
3974 3974 
4403 4403 
4249 4249 
5232 15696 
973 2919 
2458 2458 
2001 666 
4260 4260 
2638 2638 
79 237 
5953 1983 
1414 4242 
890 2670 
5574 16722 
4154 4154 
2945 2945 
1109 3327 
1950 649 
718 238 
4220 4220 
1892 5676 
677 225 
4565 13695 
3038 3038 
4622 4622 
1822 606 
4378 4378 
3668 1222 
5611 16833 
2689 2689 
5539 1845 
6400 19200 
5473 1823 
3363 10089 
6264 18792 
189 62 
3028 1008 
6430 19290 
3330 3330 
3444 1147 
110 330 
3461 1153 
1364 454 
981 326 
1332 443 
3194 9582 
3730 3730 
3632 10896 
78 25 
2988 8964 
6562 2186 
3580 3580 
3507 3507 
5897 1965 
1161 386 
4130 4130 
4587 13761 
3433 3433 
2643 2643 
3746 1248 
4098 1365 
3370 3370 
4448 4448 
3979 3979 
2316 6948 
6692 2230 
4232 12696 
2469 7407 
2672 2672 
957 318 
4244 12732 
3731 3731 
3528 3528 
5772 1923 
2361 2361 
4069 12207 
3538 3538 
2723 2723 
3851 3851 
5579 16737 
4118 1372 
3253 3253 
2931 2931 
6370 19110 
2103 6309 
326 978 
4389 1462 
3812 3812 
86 28 
4319 4319 
3391 3391 
6324 2107 
4977 14931 
3228 3228 
4123 4123 
3189 1062 
5274 15822 
6147 2048 
4603 4603 
1207 3621 
5883 1960 
1585 527 
2770 2770 
5656 1884 
3887 11661 
3714 3714 
3328 9984 
2090 696 
3387 10161 
6328 18984 
3437 3437 
3532 1176 
2445 2445 
2892 2892 
2701 2701 
4726 1574 
1409 469 
1883 5649 
4003 12009 
1805 5415 
418 1254 
1705 5115 
6604 19812 
1553 4659 
3831 3831 
2771 2771 
5423 1807 
4009 4009 
6646 19938 
1084 360 
4546 13638 
5687 1895 
690 2070 
2626 874 
5340 1779 
4027 4027 
3537 3537 
4278 12834 
3829 11487 
4519 4519 
6199 18597 
2042 6126 
2584 2584 
2106 6318 
3877 1291 
3263 3263 
3653 3653 
1422 4266 
1286 3858 
3166 3166 
717 2151 
2613 2613 
3825 3825 
3867 3867 
4202 4202 
2861 2861 
2625 874 
2539 7617 
4860 14580 
1998 665 
4640 4640 
6729 2242 
3945 3945 
3351 3351 
940 2820 
3039 3039 
1417 471 
2905 8715 
3275 3275 
1705 567 
6708 20124 
3973 3973 
2409 802 
3538 1178 
3986 1328 
2516 2516 
2577 7731 
6151 2049 
2666 2666 
3578 10734 
5172 1723 
2650 7950 
2076 6228 
6662 2220 
5854 1950 
2733 2733 
2870 8610 
2873 2873 
2200 732 
5943 1980 
4394 13182 
2561 853 
3837 3837 
4017 1338 
2315 771 
3765 1254 
5708 1902 
3847 11541 
3004 3004 
413 1239 
6532 19596 
2573 7719 
6859 20577 
2451 2451 
3342 10026 
3338 3338 
3107 1035 
3662 10986 
4441 13323 
3190 3190 
6469 2155 
1310 436 
1330 3990 
2548 7644 
567 188 
4179 4179 
2161 719 
3897 3897 
2975 8925 
2480 2480 
6316 2104 
6833 20499 
6693 2230 
3514 1170 
3813 3813 
3802 3802 
2536 2536 
2723 907 
3994 3994 
4054 1350 
3676 3676 
4930 1642 
6486 19458 
3341 3341 
5550 16650 
4327 4327 
3487 3487 
3314 3314 
6005 2001 
111 333 
4287 4287 
6876 20628 
4291 4291 
3595 10785 
6197 18591 
4487 4487 
3356 3356 
2932 8796 
4812 14436 
2488 2488 
6321 2106 
3009 3009 
6618 2205 
1681 5043 
5875 17625 
5074 15222 
2327 775 
5784 17352 
2490 7470 
3628 1208 
394 130 
230 76 
6640 2212 
2353 2353 
3534 3534 
6475 19425 
297 98 
3120 1039 
2288 6864 
2530 2530 
3283 3283 
4139 4139 
4734 1577 
4645 4645 
4262 4262 
2919 2919 
5678 1892 
1287 428 
5813 1937 
3563 3563 
3177 9531 
248 744 
2340 2340 
3353 1117 
3066 1021 
5917 1971 
3307 9921 
3749 3749 
1763 5289 
1280 3840 
4665 4665 
4397 13191 
5885 17655 
5079 15237 
2432 2432 
997 2991 
463 1389 
2972 8916 
4354 4354 
5769 1922 
6284 18852 
4063 4063 
5354 1784 
2579 2579 
1775 591 
3450 3450 
4323 4323 
5678 17034 
383 1149 
3433 1143 
1267 3801 
5461 1819 
3161 3161 
486 1458 
6303 2100 
2377 2377 
3777 1258 
933 2799 
419 1257 
3932 3932 
605 1815 
2373 790 
3930 3930 
2729 2729 
438 145 
4428 4428 
1048 348 
4294 4294 
4010 12030 
4801 14403 
4140 1379 
2570 7710 
1512 4536 
6178 18534 
2192 6576 
3978 3978 
2837 2837 
3965 3965 
6877 2291 
6909 20727 
2717 2717 
5239 1745 
247 741 
3898 11694 
4768 14304 
3001 3001 
6363 19089 
4177 4177 
4135 1377 
5692 17076 
3606 3606 
5162 15486 
914 2742 
2614 870 
5695 1897 
501 166 
2337 2337 
4008 4008 
2489 2489 
2473 7419 
6947 20841 
4752 14256 
4513 1503 
4476 13428 
2757 8271 
2768 2768 
2505 2505 
3762 11286 
6612 19836 
1012 336 
3196 1064 
4467 1488 
4567 1521 
5409 1802 
2464 7392 
4259 12777 
6885 20655 
6065 2021 
214 70 
3273 1090 
5635 16905 
2809 2809 
3415 3415 
4349 4349 
672 2016 
1773 590 
4252 4252 
2742 2742 
5290 15870 
4462 4462 
3042 3042 
4392 13176 
2814 2814 
1155 384 
988 328 
3041 3041 
4539 13617 
165 495 
3942 1313 
5081 1693 
524 174 
6503 2167 
4084 12252 
3307 3307 
3133 3133 
3605 1201 
3451 3451 
488 162 
4420 4420 
4230 4230 
4320 4320 
3553 3553 
3511 10533 
2428 2428 
1645 547 
1147 3441 
1431 476 
3662 1220 
1992 663 
2853 2853 
1908 635 
3224 3224 
456 151 
4555 4555 
5349 16047 
4595 1531 
4617 1538 
6569 2189 
3796 11388 
2546 848 
2640 2640 
354 1062 
3112 1036 
2496 2496 
2912 2912 
5850 1949 
3305 3305 
144 47 
1355 451 
189 567 
4161 1386 
2531 7593 
4853 1617 
2891 8673 
4987 1661 
6807 20421 
5376 16128 
4076 4076 
6466 2154 
147 48 
4708 14124 
3822 1273 
5921 17763 
4105 1367 
2743 2743 
3235 1077 
3026 1008 
4597 4597 
3244 1080 
2341 2341 
23 69 
2764 2764 
2302 766 
4646 4646 
4188 12564 
2544 2544 
5947 1981 
1003 3009 
3254 1084 
6355 19065 
5873 1957 
2080 6240 
2220 739 
5192 15576 
3518 1172 
3378 3378 
3493 1163 
1927 5781 
2677 8031 
4067 4067 
2832 8496 
5199 1732 
3800 11400 
25 7 
3474 3474 
4967 1655 
2545 7635 
2652 2652 
4662 4662 
6600 19800 
2470 822 
1868 5604 
6038 18114 
1566 521 
3686 11058 
5014 1670 
2896 2896 
5706 17118 
2449 2449 
4807 14421 
977 325 
1289 3867 
2665 2665 
2667 2667 
3283 9849 
4257 4257 
3943 3943 
3656 10968 
2389 2389 
2213 6639 
266 88 
4040 4040 
3842 1280 
4108 4108 
3498 3498 
3512 3512 
3519 10557 
3672 1223 
6893 2297 
6973 20919 
517 171 
6014 18042 
6477 2158 
4095 4095 
3790 3790 
5521 16563 
2309 6927 
5726 17178 
2619 872 
4026 4026 
3293 3293 
6085 2027 
1878 625 
2638 7914 
2730 2730 
4790 1596 
2461 2461 
2856 2856 
2854 2854 
2060 6180 
4493 4493 
6637 2211 
1081 359 
3207 9621 
3628 10884 
6948 20844 
2968 2968 
4548 4548 
2694 2694 
4602 4602 
3140 3140 
1070 3210 
3967 3967 
3517 3517 
5948 1982 
434 144 
2898 965 
6423 2140 
2437 2437 
4556 4556 
2752 2752 
3383 10149 
5046 1681 
5549 16647 
6997 2331 
4698 14094 
4535 13605 
4045 1347 
4149 4149 
2594 2594 
3705 3705 
3668 3668 
95 31 
3882 3882 
3309 9927 
4000 4000 
5786 1928 
4098 4098 
3184 3184 
3103 3103 
3851 11553 
3169 9507 
6252 2083 
4376 4376 
3119 9357 
4106 12318 
4523 4523 
2802 2802 
4264 12792 
5053 15159 
4094 4094 
2994 8982 
4411 13233 
4099 4099 
2997 2997 
2485 2485 
6034 18102 
6299 18897 
3731 1243 
5050 15150 
2075 691 
2700 2700 
4875 1624 
204 612 
4060 12180 
4106 4106 
3276 3276 
3412 3412 
4104 4104 
5476 16428 
6609 2202 
2094 6282 
166 498 
320 960 
4634 13902 
5227 1741 
6660 19980 
3591 10773 
5300 1766 
2598 2598 
3952 11856 
6000 18000 
4538 4538 
5082 1693 
3152 9456 
4018 4018 
2957 2957 
2747 915 
4567 4567 
4223 1407 
4585 13755 
4742 1580 
4694 14082 
3982 3982 
4787 1595 
6483 19449 
3732 3732 
4495 1497 
3008 3008 
4756 1584 
1689 562 
2846 8538 
2364 7092 
2356 2356 
2336 778 
4617 13851 
2789 2789 
3730 11190 
4145 1381 
3350 3350 
3545 3545 
2984 994 
4681 1559 
3804 3804 
2788 2788 
4368 1455 
3382 3382 
5993 17979 
3793 3793 
2602 7806 
5066 1688 
809 2427 
5762 1920 
2686 8058 
3323 3323 
4806 1601 
181 543 
3570 1189 
4135 12405 
5029 1675 
4449 4449 
3865 3865 
5599 16797 
5961 1986 
6508 2168 
4169 4169 
5507 1835 
2801 2801 
6190 18570 
3398 10194 
5449 16347 
2031 6093 
5515 16545 
1551 516 
5934 1977 
4432 13296 
296 98 
1384 4152 
4085 4085 
5151 1716 
3174 3174 
4304 12912 
3089 3089 
170 510 
2523 2523 
3684 3684 
2147 6441 
186 61 
1519 4557 
4344 13032 
1635 544 
1563 4689 
3187 3187 
6626 19878 
2314 6942 
3923 3923 
3454 3454 
4290 1429 
3385 3385 
1802 600 
4065 12195 
3548 3548 
328 984 
4217 4217 
3656 3656 
3438 3438 
2758 918 
2811 2811 
6840 20520 
3869 1289 
1608 535 
3717 3717 
758 2274 
4032 4032 
93 30 
1572 523 
4694 1564 
4530 1509 
1124 374 
6054 2017 
5937 17811 
2508 7524 
2572 2572 
2506 2506 
5706 1901 
2485 7455 
3303 3303 
1645 4935 
1427 475 
6331 2109 
1709 569 
2378 7134 
5451 1816 
312 103 
4473 4473 
1516 4548 
3807 3807 
6701 2233 
4515 4515 
3492 3492 
4290 4290 
4724 14172 
6827 2275 
3835 3835 
3200 3200 
6991 2329 
4532 1510 
3377 3377 
3813 1270 
6839 20517 
1803 600 
3245 9735 
1755 5265 
5066 15198 
3758 3758 
883 2649 
3499 1165 
1141 3423 
2423 7269 
3281 9843 
2293 6879 
4488 13464 
4527 4527 
6900 2299 
1148 382 
145 47 
4899 1632 
4284 4284 
3259 3259 
2448 2448 
3820 11460 
4728 14184 
301 99 
3013 3013 
4997 1665 
4077 1358 
3748 1248 
4389 4389 
765 254 
2607 2607 
4754 1584 
2885 8655 
2399 2399 
2370 2370 
3877 3877 
3163 3163 
170 56 
3468 10404 
2374 7122 
2523 7569 
4277 1425 
5076 1691 
3676 1224 
3659 3659 
4494 13482 
3141 1046 
2145 6435 
6233 18699 
1850 616 
461 1383 
3980 11940 
6683 2227 
3392 1130 
4364 4364 
3828 1275 
4001 12003 
3551 3551 
3065 1021 
4011 1336 
3972 3972 
4736 1578 
3649 3649 
3642 10926 
2524 2524 
4112 4112 
2761 919 
1051 349 
3737 11211 
2215 6645 
6764 2254 
1416 471 
3742 3742 
2444 2444 
4016 4016 
377 125 
2349 782 
845 281 
1180 392 
4620 4620 
3475 3475 
5911 1969 
5164 1720 
6034 2010 
545 1635 
2692 2692 
3913 3913 
2123 707 
6422 2140 
998 2994 
5508 1835 
1285 3855 
986 2958 
4467 4467 
3778 3778 
4448 13344 
2571 2571 
4335 1444 
6305 18915 
2616 871 
4357 13071 
2826 941 
4118 4118 
3528 1175 
384 127 
1873 5619 
2653 7959 
2895 2895 
6122 18366 
2325 6975 
4490 4490 
2922 2922 
4321 12963 
5723 17169 
2899 8697 
3687 3687 
2680 892 
6974 20922 
4021 4021 
3079 9237 
4202 12606 
1201 399 
6690 20070 
3627 1208 
3416 3416 
4028 1342 
5737 17211 
855 2565 
516 171 
3425 3425 
6326 2108 
3384 10152 
4164 4164 
1639 545 
4835 1611 
3748 3748 
5057 15171 
2623 873 
3550 3550 
2833 2833 
1522 506 
4349 1449 
2908 2908 
5106 1701 
160 480 
2618 2618 
6946 20838 
3333 1110 
4659 4659 
4693 14079 
4925 14775 
2826 2826 
2550 7650 
2839 2839 
1624 540 
3783 11349 
3707 1235 
194 582 
6296 2098 
5761 17283 
4358 4358 
2641 2641 
1322 3966 
5651 1883 
4486 4486 
1488 4464 
3365 3365 
6347 19041 
4830 1609 
3543 3543 
2556 851 
4573 4573 
3603 3603 
3133 1043 
2650 2650 
3999 11997 
3693 3693 
4006 1334 
581 193 
5558 16674 
5047 15141 
4417 4417 
4889 1629 
4477 1491 
4072 4072 
1826 608 
5096 15288 
863 287 
3908 3908 
4321 1439 
3627 3627 
5988 17964 
2472 7416 
663 220 
6697 20091 
1846 5538 
1929 642 
4177 1391 
4003 1333 
3907 3907 
3605 3605 
3315 3315 
3567 3567 
3223 1073 
3083 9249 
2998 2998 
2727 2727 
3326 1108 
353 117 
3902 3902 
2715 2715 
3259 1085 
2907 2907 
3831 11493 
6672 2223 
782 260 
2800 2800 
975 2925 
3663 10989 
577 1731 
2990 8970 
2988 2988 
5142 1713 
473 157 
2823 2823 
6891 2296 
4627 4627 
2305 6915 
4641 13923 
3643 10929 
2540 2540 
1559 519 
3491 10473 
543 1629 
750 2250 
3651 3651 
3838 11514 
6923 2307 
4457 4457 
4073 4073 
4373 4373 
6422 19266 
6858 20574 
4208 4208 
2842 8526 
4538 13614 
3381 3381 
3037 9111 
3181 3181 
2093 697 
959 319 
3764 3764 
2412 803 
2697 2697 
12 3 
557 185 
6872 2290 
2683 8049 
4587 4587 
217 71 
4869 14607 
763 253 
177 531 
6472 2156 
3721 3721 
3889 11667 
828 275 
2627 2627 
3008 1002 
652 1956 
5492 1830 
3874 3874 
3445 3445 
6733 2243 
6391 19173 
4308 4308 
3520 1172 
2961 2961 
4263 4263 
2552 2552 
3320 1106 
4201 4201 
2875 2875 
3719 3719 
6143 18429 
2956 984 
3992 3992 
3677 3677 
587 195 
2929 975 
1329 3987 
6317 18951 
1945 647 
2767 2767 
2451 816 
4347 4347 
6000 1999 
1213 3639 
2745 8235 
938 2814 
3055 9165 
4256 12768 
547 1641 
5942 17826 
2397 2397 
4433 4433 
6986 20958 
2810 936 
1493 497 
3848 11544 
5231 1743 
3853 3853 
2741 2741 
4175 4175 
2862 2862 
3169 3169 
3480 10440 
2463 820 
2061 6183 
4512 1503 
1980 659 
4346 13038 
3137 3137 
1030 3090 
3456 3456 
6123 2040 
6343 19029 
2987 8961 
3766 3766 
5100 15300 
5755 1917 
4 0 
2725 2725 
5821 1939 
5447 1815 
4083 1360 
4111 4111 
2674 2674 
3700 3700 
5326 1774 
3894 1297 
6137 18411 
4137 12411 
2934 2934 
5721 17163 
3369 3369 
5793 1930 
4897 14691 
2972 2972 
2623 7869 
1699 5097 
4234 4234 
4336 4336 
2391 796 
2461 7383 
3061 3061 
1085 361 
2754 2754 
6313 2103 
526 1578 
2456 2456 
1102 3306 
3713 11139 
3856 11568 
2709 2709 
3601 10803 
4653 4653 
3230 3230 
3095 3095 
1953 650 
6725 2241 
2465 2465 
3883 3883 
6641 19923 
701 2103 
776 258 
5463 1820 
2893 8679 
3960 3960 
905 301 
3152 3152 
2483 2483 
3114 3114 
5670 1889 
3954 11862 
2037 6111 
2998 8994 
4488 1495 
4622 1540 
4631 1543 
3628 3628 
1309 3927 
3410 3410 
6440 19320 
2019 672 
2636 2636 
905 2715 
4346 4346 
4509 13527 
2500 7500 
6783 2260 
6419 2139 
2292 6876 
6961 2319 
3976 1324 
4126 1374 
4381 1459 
540 179 
4503 4503 
5927 1975 
2803 2803 
4958 1652 
4362 4362 
4313 1437 
2355 784 
701 233 
6856 20568 
2453 2453 
3743 1247 
3381 1126 
3612 3612 
4251 4251 
3179 3179 
4452 4452 
3698 11094 
2991 996 
6446 19338 
4766 14298 
4278 4278 
2635 2635 
2371 2371 
96 288 
70 210 
3245 3245 
5994 17982 
6295 2097 
6947 2315 
6916 2304 
5624 16872 
3542 3542 
3418 3418 
759 2277 
6048 2015 
2513 2513 
177 58 
333 110 
3487 10461 
2980 992 
4447 4447 
6577 19731 
5048 15144 
4007 12021 
1250 416 
3203 9609 
4744 1580 
1281 426 
5914 1970 
5846 1948 
247 81 
6110 18330 
3269 3269 
6979 2325 
5784 1927 
3405 3405 
3086 9258 
3756 3756 
4019 4019 
5671 1889 
3635 3635 
6017 18051 
3737 3737 
3666 3666 
2468 7404 
6633 2210 
3354 3354 
578 1734 
6765 20295 
2827 2827 
4506 1501 
1949 5847 
1319 439 
3236 9708 
3855 11565 
5265 1754 
4629 13887 
4664 4664 
3568 10704 
5268 1755 
2804 934 
3622 10866 
5459 1819 
2372 2372 
6688 20064 
3099 1032 
4120 12360 
3457 3457 
6553 19659 
3431 3431 
4813 1603 
4374 4374 
903 300 
6568 19704 
3279 3279 
6490 19470 
2925 974 
532 1596 
2345 2345 
6210 18630 
2992 2992 
3935 1311 
5670 17010 
3506 1168 
2825 2825 
506 1518 
2502 833 
2871 2871 
4851 14553 
5445 1814 
2450 816 
2076 691 
4755 1584 
6446 2148 
1398 465 
6976 2324 
4148 4148 
4346 1448 
4113 12339 
416 1248 
6051 18153 
2927 2927 
2186 6558 
5455 16365 
3604 3604 
3116 3116 
5091 1696 
2779 2779 
494 1482 
4299 12897 
870 289 
2850 2850 
5084 1694 
5683 1893 
3856 3856 
5239 15717 
3389 10167 
2930 2930 
2711 2711 
3059 3059 
2515 837 
5892 1963 
619 205 
241 723 
4529 1509 
1817 5451 
2244 747 
3156 3156 
618 1854 
2408 802 
3784 1260 
2354 2354 
1774 590 
6706 20118 
3108 3108 
2725 8175 
2452 2452 
1148 3444 
1964 5892 
3855 3855 
2477 825 
5018 15054 
704 2112 
5394 1797 
3817 3817 
4966 1654 
3583 3583 
638 1914 
4475 4475 
4151 4151 
2535 2535 
635 211 
4529 13587 
2117 6351 
5742 1913 
757 2271 
3597 3597 
4903 1633 
3545 1181 
3795 1264 
6487 2161 
1195 3585 
572 190 
4786 1594 
3494 1164 
6737 2245 
4518 4518 
4618 1538 
3019 3019 
3051 3051 
3349 3349 
5050 1682 
3204 3204 
6031 2009 
3306 9918 
2593 2593 
5240 1746 
728 2184 
4116 12348 
3232 9696 
2910 2910 
2160 6480 
2908 968 
2787 928 
3591 1196 
3128 3128 
1163 387 
2617 2617 
3302 9906 
5329 1775 
3452 10356 
1110 3330 
1024 3072 
4916 1638 
3230 1076 
3766 11298 
2590 862 
6727 20181 
3482 3482 
1640 546 
945 2835 
4636 13908 
1205 401 
3226 3226 
462 1386 
2402 2402 
4423 4423 
6576 19728 
4525 4525 
2476 2476 
2168 6504 
3306 3306 
520 172 
3927 3927 
5557 16671 
719 239 
597 1791 
1899 5697 
4466 4466 
2864 8592 
4483 4483 
4233 4233 
4359 4359 
4939 14817 
1377 458 
3710 3710 
4312 1436 
3860 11580 
3390 3390 
2893 2893 
2599 2599 
4219 4219 
2970 989 
1627 541 
5129 1709 
2213 737 
1497 4491 
1879 5637 
68 22 
3417 10251 
2820 939 
1796 598 
6283 2093 
4552 4552 
3619 10857 
3057 3057 
3221 3221 
5055 1684 
3194 3194 
3090 3090 
4509 4509 
3608 3608 
2238 6714 
1048 3144 
3095 1031 
6585 19755 
4131 1376 
614 204 
363 120 
4827 1608 
3275 9825 
609 1827 
200 600 
3009 1002 
2619 2619 
1476 491 
954 2862 
2481 2481 
5649 16947 
19 57 
6129 2042 
4626 4626 
1667 555 
3049 3049 
2109 702 
6140 18420 
4068 1355 
3910 1302 
2627 7881 
2857 2857 
3173 3173 
1622 4866 
1753 583 
4331 1443 
3381 10143 
2335 7005 
2890 2890 
3424 10272 
5260 15780 
4268 12804 
2765 2765 
3395 3395 
632 210 
2449 7347 
4080 12240 
6228 2075 
1502 4506 
5440 16320 
3785 11355 
2050 682 
4904 14712 
2561 2561 
4133 4133 
2920 2920 
2446 814 
2792 2792 
4451 13353 
1629 4887 
5105 1701 
2783 927 
2457 2457 
3405 1134 
6229 18687 
3020 3020 
4005 4005 
540 1620 
5441 16323 
5341 1779 
2763 2763 
3902 11706 
5931 17793 
3465 10395 
4435 4435 
3579 3579 
2964 8892 
752 2256 
6583 2193 
3814 1270 
6952 2316 
2111 703 
4632 4632 
4974 1657 
386 128 
1375 4125 
2549 2549 
3703 1233 
4066 1354 
2931 8793 
4502 1500 
1968 655 
1269 422 
4919 1639 
5033 1677 
4079 12237 
4397 4397 
928 2784 
4340 4340 
3636 3636 
4430 4430 
615 1845 
2338 778 
3701 3701 
1218 405 
5604 16812 
4394 4394 
382 126 
4615 4615 
2459 2459 
2574 2574 
67 201 
2693 2693 
2823 8469 
4380 4380 
6585 2194 
3022 3022 
3871 3871 
1725 574 
6427 19281 
4976 14928 
1439 4317 
166 54 
6974 2324 
4356 4356 
2928 2928 
520 1560 
4051 1349 
2865 2865 
3500 3500 
1866 621 
3596 3596 
1707 568 
1871 623 
4253 1417 
2350 2350 
4000 1332 
6770 2256 
3132 3132 
5076 15228 
2154 6462 
1656 4968 
4550 4550 
6931 20793 
6912 20736 
517 1551 
2769 2769 
3989 3989 
3614 1204 
1176 3528 
4459 13377 
907 2721 
6162 2053 
4689 1562 
3920 3920 
6593 19779 
4192 4192 
2012 6036 
1877 5631 
3713 3713 
195 64 
3068 3068 
4344 4344 
3712 3712 
3378 1125 
3707 11121 
2022 673 
4520 4520 
2321 6963 
1547 515 
290 870 
3237 3237 
2794 2794 
3755 11265 
4412 1470 
2421 806 
5184 15552 
4986 14958 
2337 7011 
5501 1833 
6861 2286 
4046 4046 
6578 2192 
4878 1625 
4386 13158 
2682 2682 
3211 3211 
911 303 
3890 1296 
3016 3016 
3131 3131 
4016 1338 
3640 3640 
4223 4223 
471 1413 
2738 2738 
4552 1516 
337 1011 
4100 4100 
6607 19821 
320 106 
3069 9207 
3159 9477 
4081 1359 
1704 5112 
1197 3591 
2351 2351 
4494 4494 
2191 729 
3760 1252 
2392 2392 
3110 3110 
3439 3439 
1397 465 
3953 11859 
4127 4127 
5003 1667 
4458 4458 
2592 2592 
3547 3547 
2969 989 
4546 4546 
5194 15582 
2412 7236 
3141 3141 
4056 12168 
4341 4341 
500 1500 
2027 675 
2477 2477 
3222 9666 
6311 18933 
4542 13626 
2713 2713 
2373 2373 
4343 4343 
3696 3696 
4388 4388 
1076 358 
1342 446 
4298 4298 
4875 14625 
6553 2183 
2419 7257 
5288 15864 
4313 4313 
6679 20037 
4074 4074 
2807 935 
4221 4221 
4397 1465 
3985 3985 
4432 4432 
6746 2248 
2994 997 
2776 924 
6566 19698 
1237 411 
1779 592 
4084 4084 
1898 5694 
6444 2147 
4637 4637 
4696 1564 
6993 2330 
5344 1780 
2454 817 
4399 4399 
4517 4517 
4562 4562 
797 265 
6429 2142 
5204 15612 
4964 1654 
1847 5541 
2067 6201 
3565 3565 
2855 2855 
2925 2925 
4206 12618 
1098 365 
4245 4245 
6102 18306 
3411 1136 
3216 3216 
5965 1987 
6665 19995 
4293 4293 
6710 20130 
1323 440 
5442 1813 
4551 4551 
3531 3531 
3316 3316 
2961 8883 
2701 8103 
1410 4230 
1591 529 
3299 3299 
3961 3961 
6402 2133 
3158 1052 
4443 13329 
3308 9924 
232 76 
3209 3209 
2872 956 
6236 2078 
2489 7467 
5109 15327 
5573 1857 
3439 1145 
4437 4437 
5919 1972 
4119 4119 
6460 19380 
5273 15819 
4495 4495 
2507 7521 
4371 1456 
3455 1151 
6675 20025 
3759 3759 
1941 5823 
6166 18498 
6222 18666 
5644 16932 
2475 2475 
2940 2940 
2285 761 
3904 11712 
5131 15393 
5987 1995 
2667 888 
4879 1625 
943 2829 
1044 347 
5267 15801 
4213 1403 
6511 19533 
4703 1567 
3810 11430 
4361 4361 
3176 3176 
3707 3707 
2818 2818 
4591 13773 
4160 4160 
4799 14397 
3029 9087 
3212 3212 
3169 1055 
5535 16605 
4053 1350 
5998 17994 
2698 2698 
5608 1868 
3880 1292 
2793 930 
2932 2932 
2503 2503 
3411 3411 
3471 10413 
4146 4146 
4645 1547 
4283 4283 
6528 2175 
2897 965 
5619 1872 
4544 4544 
3014 3014 
888 295 
2142 6426 
5341 16023 
1853 5559 
5271 15813 
843 280 
4853 14559 
4818 1605 
3740 11220 
3224 9672 
3102 3102 
1406 468 
6860 2286 
749 2247 
1773 5319 
4501 4501 
4554 4554 
3850 1282 
4243 4243 
3938 3938 
3280 3280 
385 127 
5597 1865 
3058 3058 
3541 1179 
3576 3576 
5136 15408 
3659 1219 
1540 4620 
4022 12066 
4071 4071 
4374 13122 
4550 1516 
1558 518 
5149 1715 
853 283 
2760 2760 
1840 5520 
2941 8823 
2179 725 
1061 353 
1137 3411 
2379 2379 
511 169 
3409 3409 
4119 12357 
5738 17214 
452 150 
854 284 
4491 1496 
2788 928 
3642 3642 
3156 1051 
3428 10284 
5862 1953 
3768 11304 
2529 842 
350 1050 
2359 2359 
4256 4256 
4198 4198 
1119 372 
3675 1224 
656 1968 
2746 2746 
6445 2147 
6477 19431 
6188 2062 
3311 3311 
3150 1049 
6685 20055 
4454 4454 
464 1392 
2909 2909 
3601 1199 
5334 16002 
1708 5124 
6093 2030 
3295 3295 
3539 1179 
4733 14199 
3711 3711 
3422 3422 
2228 6684 
5021 15063 
3595 3595 
6124 2040 
1556 518 
681 226 
4778 1592 
2494 7482 
4510 4510 
4417 1471 
3082 3082 
2532 2532 
5884 1960 
5467 16401 
816 2448 
3359 1119 
1023 3069 
3653 1217 
4599 4599 
4910 14730 
5343 16029 
4416 13248 
3495 3495 
4131 4131 
2355 2355 
5243 1747 
6803 2267 
1781 5343 
4393 4393 
2822 8466 
2529 2529 
2787 2787 
2950 2950 
3210 9630 
6035 18105 
1643 547 
3456 10368 
4470 13410 
2500 2500 
3872 11616 
2834 2834 
2964 2964 
3849 3849 
5768 17304 
2831 943 
4183 4183 
3909 3909 
3562 3562 
3778 11334 
4391 4391 
5755 17265 
3739 3739 
1385 461 
4532 4532 
3123 3123 
3012 1003 
5709 1902 
4355 4355 
5827 1941 
3186 3186 
1766 588 
6465 19395 
3671 1223 
4130 1376 
5332 1776 
1987 5961 
1668 555 
3227 3227 
431 1293 
2262 6786 
3513 3513 
3247 3247 
4416 4416 
6297 2098 
3321 3321 
3781 3781 
5758 1918 
6854 20562 
38 12 
4080 4080 
4079 1359 
3523 3523 
2773 2773 
5634 16902 
6774 2257 
2704 900 
2089 6267 
4214 4214 
3954 1317 
5815 1937 
3765 3765 
4524 4524 
2847 2847 
6125 2041 
2644 2644 
6045 2014 
3258 1085 
5374 16122 
1055 3165 
483 1449 
3650 3650 
369 1107 
1806 5418 
3129 3129 
3336 1111 
7000 2332 
3708 3708 
3625 1207 
4302 4302 
2336 7008 
951 2853 
1341 446 
3096 3096 
3081 1026 
2821 2821 
816 271 
2428 808 
1253 3759 
3184 9552 
1133 3399 
3963 3963 
2039 679 
688 2064 
488 1464 
4278 1425 
1153 3459 
1174 3522 
2410 2410 
3225 3225 
2307 768 
4903 14709 
2859 952 
795 2385 
6081 18243 
4044 4044 
3308 3308 
3246 3246 
3146 3146 
3708 1235 
254 762 
3261 3261 
3812 1270 
1962 5886 
4157 4157 
2098 698 
4468 4468 
5738 1912 
2312 770 
802 2406 
4764 14292 
6365 19095 
3589 10767 
1373 457 
3092 3092 
5569 16707 
2465 821 
2715 8145 
4273 4273 
2219 739 
664 1992 
5224 15672 
5268 15804 
605 201 
131 43 
1761 5283 
2543 2543 
2358 785 
2870 2870 
254 84 
871 2613 
4268 4268 
4971 14913 
3696 1231 
4560 13680 
4304 4304 
703 233 
1063 3189 
5928 1975 
3649 1215 
2481 826 
4498 1498 
2885 2885 
4469 4469 
3053 3053 
6157 2051 
4330 4330 
617 1851 
4837 1611 
192 576 
462 153 
3787 3787 
2878 2878 
5392 1796 
2357 2357 
3651 10953 
3017 3017 
2710 2710 
1035 3105 
3388 3388 
4297 4297 
6169 2055 
2224 6672 
4122 4122 
705 234 
3954 3954 
692 230 
3011 3011 
2558 7674 
2054 684 
6889 20667 
689 2067 
1825 5475 
4150 12450 
791 263 
5571 1856 
3512 1170 
4614 13842 
5310 1769 
3398 3398 
632 1896 
3522 10566 
4890 1629 
350 116 
2908 8724 
2081 6243 
658 218 
5709 17127 
3078 9234 
3172 3172 
3509 10527 
3213 9639 
4459 4459 
774 2322 
2648 2648 
1216 3648 
2415 2415 
3949 3949 
497 1491 
3664 10992 
3400 3400 
453 150 
4463 4463 
1340 446 
2942 2942 
2844 2844 
613 1839 
4076 1358 
4439 4439 
1096 364 
2380 2380 
1507 501 
2926 2926 
3369 1122 
3552 3552 
3982 1326 
1451 483 
6707 2235 
1053 3159 
5343 1780 
2886 2886 
3266 9798 
1005 334 
6361 2119 
6845 20535 
5612 1870 
3925 3925 
2092 696 
4239 4239 
3345 3345 
2973 2973 
4216 4216 
3015 3015 
2822 2822 
3006 3006 
5203 15609 
5976 17928 
4435 13305 
4220 12660 
5659 16977 
4577 4577 
2633 2633 
4658 4658 
6551 19653 
2799 2799 
1897 631 
3461 3461 
6771 20313 
3081 3081 
5027 1675 
3245 1081 
1369 455 
3919 3919 
919 2757 
3863 3863 
1523 4569 
2367 2367 
834 2502 
4092 4092 
610 202 
3613 1203 
3884 3884 
564 187 
6734 2244 
3449 1149 
3343 10029 
4817 1605 
3136 3136 
3380 3380 
4211 1403 
4496 4496 
2049 6147 
1225 407 
6026 2008 
4521 4521 
2465 7395 
4418 13254 
1746 5238 
4927 1641 
4767 14301 
1765 587 
5424 16272 
6719 2239 
6758 20274 
2363 2363 
5735 1911 
6270 2089 
4169 12507 
4258 12774 
2032 6096 
3643 3643 
5179 15537 
4329 4329 
3262 3262 
2995 2995 
5438 1812 
2915 2915 
6930 20790 
3025 3025 
3786 1261 
4050 4050 
5502 16506 
4451 4451 
3942 3942 
3570 10710 
2970 2970 
4479 13437 
6668 20004 
3808 3808 
3540 3540 
222 73 
1374 457 
112 36 
3301 3301 
2601 7803 
842 280 
3544 3544 
4572 1523 
6566 2188 
6131 2043 
3604 10812 
3873 3873 
4464 13392 
4254 4254 
3840 1279 
6814 2270 
2669 2669 
3063 3063 
2940 979 
2864 2864 
3091 9273 
5898 17694 
3709 3709 
4720 14160 
3159 1052 
3286 1094 
2463 7389 
2239 745 
1164 387 
6258 2085 
6982 2326 
2948 2948 
4641 4641 
3672 3672 
4759 14277 
3208 3208 
1849 615 
809 269 
2632 7896 
3661 1219 
6495 19485 
1140 379 
1454 4362 
5930 17790 
2481 7443 
4705 14115 
2614 2614 
4305 12915 
4763 1587 
2960 2960 
4004 4004 
1499 4497 
932 310 
1175 391 
3005 9015 
5062 15186 
389 129 
1838 5514 
6030 18090 
59 19 
1499 499 
2943 2943 
4237 1411 
4351 4351 
1233 410 
6113 18339 
3995 3995 
6879 2292 
3205 3205 
1723 573 
3733 3733 
3654 3654 
2979 992 
3324 9972 
2336 2336 
2681 8043 
1160 3480 
6171 2056 
4427 4427 
4141 4141 
3629 3629 
3677 11031 
3384 1127 
4393 1463 
4802 1600 
3929 3929 
3277 1091 
2273 6819 
1769 589 
4642 4642 
3759 11277 
3452 1150 
5756 17268 
3267 3267 
426 1278 
1820 606 
6420 2139 
3423 3423 
3679 11037 
6019 18057 
3564 3564 
3544 1180 
908 302 
674 224 
3852 3852 
4706 1568 
1369 4107 
3503 1167 
2119 6357 
3248 9744 
756 2268 
2562 2562 
4505 13515 
2412 2412 
1610 4830 
353 1059 
1279 3837 
341 1023 
3286 3286 
4401 4401 
4652 4652 
1359 452 
1203 3609 
3996 3996 
3519 3519 
2633 7899 
6574 2190 
732 2196 
3688 3688 
6350 19050 
4531 4531 
1034 344 
4025 4025 
2360 2360 
3060 3060 
4954 14862 
233 77 
3384 3384 
2096 6288 
3206 3206 
312 936 
3526 3526 
5375 16125 
4083 4083 
554 184 
4322 12966 
2099 6297 
2631 7893 
2343 2343 
2517 2517 
5617 1871 
3239 3239 
5048 1682 
1625 541 
3266 3266 
2689 8067 
2831 8493 
1074 357 
3348 3348 
3126 3126 
3139 3139 
3365 10095 
75 24 
221 73 
3344 3344 
3363 3363 
4114 12342 
5973 1990 
1442 4326 
6376 19128 
4225 4225 
4594 4594 
675 224 
4618 4618 
3300 9900 
4292 4292 
4371 4371 
4595 4595 
6368 19104 
2621 873 
3121 3121 
1448 482 
4355 13065 
531 1593 
2840 8520 
882 293 
2750 2750 
2702 2702 
3685 3685 
6038 2012 
4324 4324 
1418 472 
1592 530 
2675 2675 
3869 3869 
2586 2586 
761 2283 
2976 2976 
4465 4465 
2487 2487 
1071 356 
3367 3367 
6899 20697 
2862 953 
6930 2309 
6160 2052 
3997 3997 
3689 3689 
4491 4491 
754 2262 
6081 2026 
3235 3235 
3515 3515 
1791 5373 
1153 383 
6459 19377 
2904 2904 
4320 12960 
3980 3980 
4241 4241 
331 993 
2896 8688 
6728 20184 
3135 9405 
2872 8616 
5161 15483 
3103 1033 
6712 20136 
3736 3736 
2104 700 
5169 1722 
2651 2651 
6251 18753 
2728 2728 
5001 15003 
3203 3203 
4159 4159 
3571 3571 
5302 15906 
4923 14769 
4010 4010 
2478 7434 
2403 2403 
3861 3861 
1244 3732 
4198 1398 
3471 3471 
4153 4153 
3298 3298 
3815 3815 
3810 3810 
668 2004 
3671 3671 
2808 2808 
4193 4193 
831 276 
6027 18081 
3180 3180 
5641 1879 
2791 2791 
2402 7206 
873 290 
2854 8562 
3484 3484 
553 1659 
2491 2491 
3840 3840 
866 2598 
582 1746 
5922 17766 
4271 12813 
4561 4561 
6068 2022 
4038 1345 
6006 2001 
3385 1127 
4102 4102 
3559 3559 
4762 1586 
3613 3613 
3396 3396 
4626 13878 
4277 4277 
4184 4184 
3877 11631 
603 1809 
6946 2314 
6629 2209 
6499 19497 
3625 10875 
4650 4650 
1483 4449 
3191 3191 
6172 2056 
3654 1217 
4453 4453 
4182 4182 
621 1863 
3294 1097 
839 279 
2855 8565 
4328 4328 
3892 3892 
2527 2527 
5949 1982 
2180 6540 
2098 6294 
6659 2219 
3035 3035 
4168 4168 
3045 1014 
2939 979 
3818 3818 
3807 11421 
6931 2309 
5102 1700 
2714 2714 
1574 524 
5211 15633 
6421 19263 
6507 2168 
5450 1816 
6837 20511 
1107 368 
935 2805 
5166 1721 
317 951 
5957 1985 
2993 2993 
1535 511 
3530 3530 
5677 1891 
3088 1028 
3730 1242 
801 266 
4456 4456 
1741 5223 
4097 4097 
1062 353 
5040 15120 
2576 7728 
2498 2498 
4679 1559 
3112 3112 
811 2433 
4607 4607 
4651 4651 
2114 704 
5818 1938 
3280 9840 
4589 4589 
6398 2132 
4495 13485 
5416 1804 
2778 2778 
2749 2749 
4753 1583 
4389 13167 
3665 3665 
1991 5973 
3301 1099 
4070 4070 
3084 1027 
2965 8895 
4920 14760 
2695 2695 
466 1398 
4434 4434 
1143 3429 
3848 3848 
2509 2509 
2565 2565 
2334 777 
1481 4443 
2902 2902 
4221 12663 
3704 3704 
1249 3747 
5952 17856 
2841 2841 
4170 4170 
173 57 
6917 2305 
2567 855 
5929 17787 
1180 3540 
3993 1330 
2890 962 
1713 570 
3727 3727 
3823 3823 
4357 4357 
1652 4956 
404 134 
4511 4511 
2004 6012 
4355 1451 
2604 7812 
3689 11067 
5547 1848 
4578 13734 
6596 2198 
4199 4199 
6323 18969 
4649 4649 
101 303 
2611 2611 
1585 4755 
1041 346 
4219 1405 
349 1047 
4020 4020 
1057 3171 
2597 2597 
6871 2289 
2304 767 
1182 3546 
654 1962 
530 1590 
5841 1946 
3836 3836 
3290 3290 
3196 3196 
3284 3284 
2466 2466 
4303 4303 
5916 17748 
1586 528 
2533 2533 
3346 3346 
3018 3018 
3406 3406 
3782 11346 
4765 14295 
3998 3998 
412 1236 
3891 3891 
81 26 
6054 18162 
1664 554 
2992 8976 
3347 1115 
496 1488 
3878 3878 
1256 418 
4056 1351 
3692 1230 
4146 1381 
2528 2528 
5140 1712 
3023 3023 
4041 4041 
6575 19725 
2278 6834 
1785 5355 
3220 3220 
3936 3936 
574 190 
5529 16587 
2835 8505 
3987 3987 
2538 2538 
2501 2501 
5847 1948 
2912 970 
141 423 
5024 1674 
6925 20775 
3798 3798 
4922 1640 
1654 4962 
6601 19803 
4404 1467 
469 155 
4656 4656 
3784 3784 
1982 5946 
2645 2645 
4377 4377 
2589 2589 
4436 1478 
4015 12045 
4531 1509 
2296 6888 
1844 614 
3325 3325 
6227 2075 
140 420 
4067 1355 
6638 19914 
3889 1295 
2529 7587 
4392 4392 
6994 2330 
6836 2278 
4843 1613 
2876 2876 
4013 4013 
2257 751 
3097 3097 
3502 3502 
4590 4590 
3496 10488 
5704 17112 
4450 4450 
735 2205 
985 327 
6025 18075 
915 2745 
2932 976 
4528 4528 
3276 1091 
6152 18456 
3470 3470 
1793 597 
3460 3460 
4335 4335 
1620 539 
2348 7044 
3255 3255 
6278 2092 
5363 16089 
251 753 
4642 13926 
4693 1563 
4270 12810 
3219 3219 
3540 10620 
6938 2312 
6691 20073 
1699 565 
6900 20700 
6103 2033 
6681 20043 
3881 1293 
4114 4114 
3405 10215 
501 1503 
3076 9228 
3261 1086 
1733 5199 
3515 10545 
3607 1201 
5320 15960 
4323 12969 
454 1362 
2975 991 
3002 3002 
3134 3134 
5276 15828 
2903 2903 
2583 2583 
5049 15147 
1835 5505 
1977 5931 
3272 3272 
4172 1390 
2741 8223 
5983 17949 
1584 527 
1592 4776 
4469 13407 
3201 3201 
1110 369 
2576 2576 
3292 3292 
5412 1803 
4117 4117 
4379 1459 
3077 3077 
1483 493 
4797 1598 
5847 17541 
6584 2194 
3847 3847 
5464 16392 
2933 2933 
2287 6861 
2772 2772 
5542 16626 
3260 3260 
4419 13257 
3797 3797 
4834 1610 
373 123 
3961 1319 
4639 4639 
788 262 
344 1032 
4160 1386 
3183 3183 
5092 15276 
4022 4022 
5242 1746 
4835 14505 
417 138 
4197 12591 
2732 8196 
3588 3588 
3991 3991 
5264 1754 
1808 5424 
2382 2382 
2659 2659 
2460 2460 
4863 1620 
3055 1017 
3948 11844 
6158 2052 
1549 515 
5093 1697 
2830 2830 
4977 1658 
2275 6825 
5654 16962 
3658 1218 
1600 4800 
2431 2431 
308 924 
3846 3846 
535 177 
659 219 
3587 3587 
6200 2066 
4127 12381 
4477 4477 
4851 1616 
1445 481 
584 1752 
3159 3159 
2840 2840 
4515 1504 
2365 7095 
472 156 
72 23 
2914 970 
2396 2396 
3064 9192 
218 72 
4531 13593 
4171 12513 
3003 1000 
3529 3529 
4019 1339 
4306 1434 
3086 3086 
4247 12741 
4274 4274 
2848 2848 
2137 711 
2417 7251 
5725 17175 
4282 4282 
4096 4096 
4204 1400 
2805 2805 
4443 4443 
4103 4103 
3692 3692 
1423 4269 
4618 13854 
3746 11238 
1640 4920 
5009 1669 
3302 3302 
2395 7185 
5506 16518 
2956 2956 
3727 1241 
2105 6315 
6308 2102 
3062 1020 
3755 3755 
364 120 
6482 19446 
3970 3970 
3317 3317 
5051 15153 
332 996 
5002 1666 
4549 4549 
6319 2105 
3896 3896 
5599 1865 
2777 8331 
3683 3683 
5327 15981 
3956 3956 
4382 4382 
4962 1653 
3473 1157 
5977 17931 
3728 3728 
180 59 
3960 1319 
4512 4512 
4012 4012 
6644 19932 
1748 582 
16 48 
1472 490 
4414 4414 
4305 4305 
4485 4485 
2724 2724 
2575 2575 
1422 473 
4534 4534 
3660 10980 
3256 3256 
3518 3518 
1562 520 
3021 3021 
2906 2906 
1833 610 
2703 2703 
5386 1794 
5774 17322 
3066 3066 
4136 4136 
3852 11556 
3170 3170 
5632 16896 
2662 7986 
1353 4059 
2974 8922 
168 504 
1630 4890 
3368 3368 
3934 11802 
3722 3722 
2105 701 
4529 4529 
6621 2206 
3899 1299 
4422 4422 
4925 1641 
4810 14430 
265 87 
669 2007 
124 372 
5123 1707 
5012 1670 
2655 2655 
3333 3333 
4066 4066 
2720 2720 
3155 3155 
2263 753 
2522 2522 
1648 4944 
2649 7947 
3175 3175 
3088 9264 
2658 2658 
2883 2883 
3577 3577 
4089 4089 
4656 13968 
1380 4140 
1885 5655 
595 1785 
5338 1778 
4695 14085 
4220 1406 
2731 8193 
2580 2580 
1954 650 
4286 12858 
3285 3285 
3429 10287 
4970 1656 
3584 3584 
4246 1414 
2661 7983 
1887 628 
3495 10485 
3703 3703 
3736 11208 
3522 3522 
6991 20973 
4571 1523 
4048 12144 
1610 536 
4373 13119 
676 224 
6851 20553 
4353 4353 
4882 14646 
5298 15894 
1429 4287 
5570 16710 
4565 4565 
128 42 
4315 4315 
1653 4959 
2732 910 
1593 530 
5578 16734 
2652 7956 
3269 9807 
4725 1574 
352 1056 
3406 10218 
4606 4606 
1598 4794 
3615 3615 
4699 14097 
20 60 
2120 6360 
3600 1199 
6814 20442 
4306 4306 
3688 1228 
2683 2683 
2438 7314 
4479 4479 
6093 18279 
4087 4087 
6540 19620 
2422 2422 
3117 3117 
6690 2229 
4198 12594 
1476 4428 
2368 2368 
3842 11526 
1197 398 
3362 3362 
3785 3785 
407 1221 
1004 3012 
6663 2220 
6343 2113 
4814 1604 
4815 1604 
5480 16440 
4923 1640 
4594 1530 
4539 4539 
3366 3366 
2569 2569 
2279 6837 
6516 2171 
2795 2795 
3786 3786 
2680 2680 
3876 3876 
502 166 
3360 3360 
3952 3952 
6426 2141 
4230 1409 
3859 11577 
6055 18165 
631 1893 
2436 2436 
132 43 
4832 14496 
4407 1468 
4439 1479 
3530 10590 
3340 1112 
1445 4335 
408 1224 
3758 11274 
5267 1755 
875 291 
5537 16611 
6990 20970 
3585 1194 
5621 1873 
3494 10482 
3426 1141 
655 1965 
3702 3702 
3187 9561 
3769 3769 
4002 4002 
6047 18141 
1536 4608 
3029 3029 
3514 3514 
2564 2564 
4503 13509 
2595 864 
1273 3819 
672 223 
1004 334 
3866 3866 
865 287 
3331 3331 
3115 3115 
5482 1826 
3251 1083 
4236 4236 
5498 1832 
5308 1768 
2513 7539 
376 124 
3218 3218 
3064 3064 
3558 3558 
3956 1318 
5797 17391 
4526 4526 
2237 745 
4763 14289 
3164 9492 
1299 3897 
3663 3663 
3453 3453 
4579 4579 
4571 4571 
3851 1283 
3625 3625 
3478 3478 
2714 8142 
2102 6306 
2944 2944 
3248 3248 
2103 700 
4186 4186 
3867 11601 
953 317 
3080 3080 
5238 1745 
6512 2170 
2999 2999 
2415 7245 
4629 1542 
3243 3243 
1352 4056 
2709 8127 
3494 3494 
3232 1076 
3208 9624 
2201 6603 
2849 8547 
3484 1160 
4553 13659 
3777 3777 
3501 3501 
2671 8013 
2726 2726 
6119 2039 
3082 1026 
2618 7854 
6134 2044 
2796 2796 
4657 13971 
3447 3447 
5967 1988 
6346 19038 
6944 20832 
3087 3087 
3101 3101 
4156 4156 
3019 1005 
327 981 
4784 14352 
3775 1257 
3931 1309 
2744 2744 
5225 15675 
5718 17154 
5009 15027 
3040 3040 
5309 15927 
4395 1464 
4039 4039 
4747 14241 
3914 3914 
6548 2182 
6250 18750 
6920 20760 
1392 4176 
396 131 
5099 15297 
2496 831 
3297 3297 
3465 3465 
3270 3270 
3650 10950 
1518 505 
5373 1790 
1303 3909 
2008 668 
4644 4644 
3754 3754 
5283 15849 
506 168 
2578 7734 
6885 2294 
4321 4321 
2473 2473 
6765 2254 
1123 3369 
2553 850 
5085 1694 
2760 8280 
2378 2378 
1797 598 
2311 6933 
4185 4185 
5503 1833 
6824 2274 
4318 4318 
6918 2305 
5840 17520 
4590 1529 
1128 3384 
3347 10041 
4334 4334 
2101 6303 
6184 18552 
4560 4560 
3857 3857 
2424 807 
5728 17184 
2454 2454 
1475 491 
5287 15861 
2254 6762 
5197 1731 
598 1794 
1553 517 
5440 1812 
194 64 
2817 8451 
3332 3332 
893 297 
2217 738 
4395 13185 
2342 780 
6949 20847 
3878 11634 
2044 680 
3574 3574 
2616 2616 
6884 2294 
4134 1377 
604 200 
6300 18900 
711 236 
3790 1262 
5996 17988 
2043 680 
1637 545 
1353 450 
6559 2185 
4575 4575 
4440 1479 
2679 2679 
4207 4207 
3630 3630 
2811 936 
4345 4345 
4444 1480 
1009 3027 
6658 19974 
5792 17376 
3469 10407 
4414 13242 
5638 1878 
4410 4410 
6465 2154 
6753 20259 
3506 3506 
4463 1487 
1278 425 
4055 4055 
6390 19170 
3809 3809 
2401 799 
2653 2653 
2174 724 
3334 1110 
4390 4390 
6149 2049 
171 513 
4864 1620 
2684 2684 
6104 2034 
4920 1639 
3395 1131 
5845 1947 
3723 11169 
248 82 
5004 1667 
4656 1551 
4148 1382 
2339 2339 
3814 11442 
2537 7611 
6954 2317 
3289 3289 
3847 1281 
777 2331 
4753 14259 
2849 2849 
2927 975 
4739 14217 
3951 3951 
3599 3599 
4513 4513 
6466 19398 
3706 3706 
3824 11472 
3480 1159 
448 148 
5716 17148 
971 323 
3875 3875 
4195 4195 
3585 3585 
3360 1119 
2901 966 
2158 718 
2880 2880 
4664 1554 
6567 19701 
4238 1412 
3669 3669 
847 2541 
3615 10845 
4429 13287 
3192 3192 
2947 2947 
4624 1540 
5467 1821 
5867 17601 
4299 1432 
3177 3177 
3141 9423 
3935 3935 
458 1374 
4339 4339 
6225 2074 
4688 1562 
3442 10326 
179 537 
3619 1205 
3568 3568 
274 90 
3510 3510 
282 93 
3374 3374 
74 222 
3803 3803 
1882 5646 
2860 8580 
4255 4255 
5653 1883 
3783 3783 
5126 15378 
4823 1607 
3885 11655 
5358 1785 
2873 957 
983 327 
4543 4543 
3428 1142 
125 375 
1865 621 
411 136 
2859 2859 
4081 4081 
3067 3067 
2585 861 
2002 6006 
4614 4614 
3496 3496 
5065 15195 
5852 1950 
1046 348 
2107 6321 
2510 2510 
2096 698 
2847 8541 
2845 2845 
2891 2891 
5922 1973 
6332 18996 
1104 367 
1020 339 
4194 4194 
1219 3657 
1794 597 
6924 2307 
516 1548 
4242 4242 
2502 2502 
3984 3984 
6833 2277 
1989 5967 
3516 3516 
4115 1371 
1129 375 
6976 20928 
2483 827 
2645 7935 
6941 2313 
4624 4624 
4635 1544 
3154 3154 
3610 3610 
3444 10332 
1861 5583 
2720 906 
5468 16404 
4142 12426 
2364 2364 
3661 3661 
3734 3734 
4424 4424 
4883 1627 
4929 14787 
3887 3887 
3600 3600 
6056 18168 
2724 8172 
3005 1001 
2425 2425 
3889 3889 
4638 13914 
3618 1205 
2600 7800 
1535 4605 
1752 583 
1316 3948 
3880 11640 
4527 13581 
6696 20088 
3679 3679 
5214 15642 
6415 2137 
3103 9309 
918 2754 
1348 4044 
2484 827 
944 2832 
4387 4387 
2585 2585 
6718 20154 
3760 3760 
1731 576 
3664 3664 
3118 3118 
3426 3426 
4375 13125 
4825 14475 
401 133 
2954 2954 
3593 3593 
6684 2227 
6916 20748 
6664 2220 
2759 2759 
3857 1285 
3325 9975 
3751 3751 
4411 4411 
4470 4470 
826 2478 
4471 4471 
4663 4663 
4224 4224 
6933 20799 
5796 1931 
2829 2829 
4608 4608 
405 134 
643 1929 
3114 9342 
4258 4258 
6375 19125 
1354 450 
2895 8685 
1497 498 
2111 6333 
4253 4253 
6083 18249 
3473 3473 
2370 789 
886 2658 
6359 2119 
4616 13848 
5458 16374 
2731 2731 
3806 3806 
1525 4575 
63 189 
2473 823 
5499 1832 
3744 3744 
3633 10899 
5583 1860 
4885 1627 
2570 2570 
3805 3805 
6272 2090 
2907 968 
3347 3347 
4296 1431 
4387 1461 
4402 13206 
2639 2639 
3917 3917 
3521 1173 
4457 1485 
4557 4557 
5924 1974 
3076 1024 
5035 1677 
3682 3682 
2332 776 
3073 3073 
2918 2918 
4499 4499 
4370 4370 
2958 2958 
2433 2433 
3080 1026 
6955 20865 
3337 10011 
4301 4301 
2375 791 
3106 1034 
423 140 
4530 4530 
2547 848 
6126 18378 
4325 12975 
3352 3352 
2963 8889 
6645 2214 
4052 12156 
3322 1106 
2844 947 
2493 2493 
2886 8658 
117 351 
4289 12867 
3854 3854 
2990 2990 
5811 17433 
5874 17622 
4313 12939 
3427 1141 
6337 19011 
2952 2952 
3446 3446 
537 178 
837 278 
844 280 
5111 1703 
865 2595 
2438 2438 
2563 2563 
2620 872 
5822 1940 
2285 6855 
2348 2348 
4053 12159 
3516 10548 
5625 1874 
2366 7098 
2967 2967 
1243 413 
3949 11847 
3710 11130 
4250 1416 
6935 20805 
2229 742 
1813 603 
6660 2219 
4212 1403 
3150 3150 
3463 3463 
5715 17145 
4348 4348 
4674 1557 
5257 15771 
3397 3397 
2519 839 
1550 516 
1614 537 
4088 4088 
4461 4461 
6408 19224 
2779 925 
5756 1918 
4342 4342 
261 86 
3240 3240 
4900 1632 
5272 1756 
2563 853 
1052 3156 
2354 7062 
5026 15078 
5065 1687 
6925 2307 
4410 1469 
1018 338 
6137 2045 
6415 19245 
6251 2083 
4698 1565 
4630 4630 
5122 1706 
4363 13089 
985 2955 
1680 5040 
3287 3287 
4774 14322 
3761 3761 
3213 3213 
3400 10200 
3569 3569 
4125 4125 
2276 6828 
4918 1638 
4204 12612 
4605 4605 
3134 9402 
3376 3376 
724 2172 
1488 495 
2763 8289 
106 318 
5903 17709 
1421 4263 
1177 391 
3752 3752 
4143 4143 
5938 17814 
4666 4666 
3791 3791 
5382 16146 
1397 4191 
3539 10617 
6706 2234 
2366 788 
3147 9441 
2341 779 
3450 10350 
2860 2860 
1473 4419 
5139 1712 
4029 4029 
3375 1124 
2936 2936 
1089 362 
5598 16794 
3815 1271 
2524 840 
3839 3839 
5052 15156 
3111 3111 
3623 1207 
3472 10416 
5156 1718 
2766 2766 
3257 3257 
4948 14844 
3342 3342 
1544 514 
3458 3458 
3905 3905 
1832 610 
3124 9372 
6040 18120 
5241 15723 
624 1872 
3611 3611 
2384 2384 
4107 4107 
1052 350 
4243 1413 
4135 4135 
551 183 
5791 17373 
3860 3860 
2546 2546 
2797 2797 
5279 15837 
3151 1049 
3099 9297 
4051 4051 
2254 750 
6801 2266 
4785 14355 
2521 2521 
5345 16035 
3107 3107 
2903 8709 
3394 1130 
4995 14985 
3364 3364 
2831 2831 
3868 3868 
3358 3358 
693 2079 
4762 14286 
4194 12582 
804 267 
3604 1200 
1060 352 
1678 558 
3207 3207 
3856 1284 
4537 1511 
2470 2470 
3937 3937 
6223 18669 
5865 17595 
1879 625 
3007 3007 
5032 1676 
699 232 
6510 19530 
3788 1262 
1571 523 
848 282 
3483 3483 
1533 510 
4596 4596 
3254 3254 
2682 8046 
2226 741 
2100 699 
1273 423 
2705 901 
3024 3024 
4983 14949 
5625 16875 
2362 2362 
2924 974 
1028 342 
1623 4869 
1163 3489 
1671 5013 
2631 876 
2384 794 
3459 1152 
4068 12204 
2959 2959 
3165 3165 
3634 3634 
2757 2757 
3969 3969 
3939 3939 
4901 1633 
4438 13314 
5378 1792 
2805 8415 
4206 4206 
2774 8322 
3832 3832 
4040 1346 
3871 11613 
2625 2625 
3865 11595 
2608 2608 
2661 2661 
2644 880 
1792 5376 
2816 2816 
2024 6072 
3503 3503 
3864 3864 
6718 2238 
3465 1154 
3768 3768 
4408 1468 
607 201 
6436 19308 
173 519 
5010 1669 
6742 2246 
2691 2691 
6711 2236 
1105 367 
3337 3337 
3407 3407 
1002 3006 
4296 12888 
5266 15798 
4771 14313 
6183 2060 
4226 4226 
6433 2143 
3839 11517 
1748 5244 
6839 2279 
5606 1868 
4582 4582 
4116 4116 
2671 2671 
2654 2654 
580 1740 
6899 2299 
1934 5802 
3147 3147 
1186 394 
4636 4636 
35 11 
6482 2160 
5448 1815 
355 1065 
3983 3983 
6733 20199 
4600 4600 
1241 413 
3616 3616 
2593 7779 
4165 4165 
4109 4109 
1189 395 
2409 7227 
2677 2677 
1405 4215 
6834 2277 
4454 1484 
3192 9576 
3205 1067 
4265 1421 
710 236 
1588 528 
6418 2138 
2991 2991 
4809 1602 
6091 18273 
2021 6063 
5292 1763 
3424 3424 
4246 4246 
3108 1035 
288 95 
1038 3114 
5804 17412 
3714 1237 
4004 12012 
1082 3246 
3532 3532 
2891 963 
3483 1160 
1298 432 
2370 7110 
4899 14697 
4633 4633 
159 52 
4595 13785 
5800 17400 
2058 685 
2252 750 
5517 1838 
6191 18573 
2630 2630 
1429 475 
3541 3541 
2222 740 
2777 2777 
6558 2185 
5894 1964 
2379 7137 
6268 2088 
1318 438 
3076 3076 
3706 11118 
4124 4124 
2690 8070 
4643 4643 
3507 10521 
342 1026 
4052 4052 
3304 9912 
4347 1448 
4830 14490 
4054 4054 
4726 14178 
6830 2276 
1933 643 
5581 1859 
2696 2696 
2378 792 
4075 4075 
296 888 
4218 4218 
3581 3581 
2411 803 
4023 4023 
3827 3827 
6146 2048 
6056 2018 
3757 3757 
1283 3849 
2981 8943 
293 879 
1657 4971 
2866 2866 
1930 642 
5271 1756 
6028 2008 
4949 14847 
4947 1648 
1517 4551 
3572 3572 
43 129 
2746 8238 
1119 3357 
2681 2681 
3862 1286 
4057 4057 
5627 1875 
3699 1232 
5379 1792 
5681 17043 
621 206 
3227 1075 
2386 2386 
5640 1879 
1307 435 
2835 944 
5663 1887 
2235 744 
6692 20076 
3899 3899 
4376 13128 
2484 2484 
5352 16056 
3111 1036 
3549 3549 
4695 1564 
4210 4210 
6862 20586 
4053 4053 
5661 1886 
4783 1593 
5668 17004 
2512 2512 
4569 4569 
6448 2148 
2415 804 
2541 2541 
340 112 
3878 1292 
2913 2913 
5331 1776 
1291 3873 
3273 3273 
2395 2395 
6425 2141 
5278 15834 
5788 17364 
6377 2125 
3792 3792 
3214 3214 
3716 3716 
3620 3620 
5339 16017 
4129 4129 
6154 2050 
2794 8382 
6790 2262 
2735 2735 
2736 911 
3164 3164 
5233 15699 
3602 3602 
3953 3953 
2405 2405 
3229 3229 
833 277 
4504 4504 
6942 20826 
4502 4502 
6377 19131 
3435 3435 
4464 4464 
2435 2435 
3359 3359 
2183 6549 
4609 4609 
1579 4737 
349 115 
5475 1824 
2868 2868 
3223 3223 
6202 18606 
1013 337 
2351 783 
3911 3911 
3264 3264 
5450 16350 
2632 2632 
4564 4564 
1047 348 
2724 907 
1019 3057 
6203 2067 
3717 1238 
3657 1218 
5851 1949 
3088 3088 
823 273 
4990 14970 
3291 9873 
70 22 
860 2580 
1245 3735 
2785 2785 
6223 2073 
3170 1056 
1269 3807 
6872 20616 
3153 3153 
4643 1547 
371 123 
1251 3753 
6282 18846 
4826 14478 
2495 2495 
4402 1466 
4158 4158 
379 125 
3242 9726 
1027 341 
6144 2047 
4392 1463 
2458 7374 
5296 15888 
2880 959 
3749 11247 
3030 3030 
1156 384 
2668 2668 
4750 1582 
2398 2398 
5620 16860 
4300 4300 
2228 742 
4004 1334 
3533 3533 
1242 413 
2926 974 
4363 4363 
5950 1982 
3479 3479 
3041 9123 
1993 663 
4280 4280 
4996 14988 
2623 2623 
937 2811 
6573 19719 
3334 3334 
3028 3028 
5708 17124 
2781 2781 
2855 951 
3578 3578 
2657 2657 
5760 17280 
4660 4660 
3171 3171 
6265 2087 
4408 4408 
531 176 
6581 19743 
4498 4498 
2808 8424 
3085 3085 
4265 4265 
2965 2965 
6821 2273 
1401 4203 
3893 3893 
3632 3632 
4204 4204 
3566 3566 
708 2124 
4099 12297 
2982 2982 
5089 1695 
3060 1019 
3098 1032 
5853 17559 
3797 11391 
4661 1553 
2504 2504 
71 23 
5544 16632 
2173 723 
3182 3182 
3050 1016 
106 34 
3614 3614 
4406 4406 
3947 1315 
84 252 
3813 11439 
1435 4305 
3941 3941 
6450 19350 
6860 20580 
2686 2686 
2599 865 
6497 2165 
1815 5445 
3443 1147 
4147 1381 
2486 2486 
3931 3931 
2521 839 
2181 6543 
2612 2612 
6413 2137 
3318 3318 
2975 2975 
6743 2247 
4021 1339 
3079 1025 
3173 1057 
2511 2511 
3309 1102 
3241 3241 
4322 4322 
4876 1624 
666 221 
5072 1690 
4779 14337 
3318 1105 
4552 13656 
4537 4537 
3971 1323 
3383 3383 
6255 18765 
1713 5139 
2609 7827 
1717 5151 
3986 3986 
2989 995 
1217 405 
3485 3485 
5777 1925 
5853 1950 
6605 19815 
4059 4059 
4006 4006 
113 339 
6841 2279 
2404 7212 
5807 17421 
5314 15942 
4144 1380 
3734 1244 
5289 15867 
6244 18732 
2719 2719 
4114 1370 
2872 2872 
3799 3799 
3304 3304 
457 1371 
4406 13218 
1997 665 
3804 11412 
4688 14064 
2820 8460 
6099 18297 
3472 3472 
2180 726 
323 969 
922 2766 
5680 1892 
1560 4680 
4049 4049 
4111 1369 
2736 2736 
1433 4299 
307 101 
2262 753 
3767 3767 
2325 774 
185 61 
3858 3858 
3930 11790 
4061 12183 
3375 3375 
2693 897 
6730 2242 
4211 4211 
3773 3773 
6539 19617 
1162 386 
4064 4064 
4893 14679 
4209 4209 
5144 1714 
386 1158 
3985 11955 
3794 3794 
4190 4190 
3740 3740 
261 783 
3686 3686 
2425 7275 
3282 1093 
2478 2478 
994 2982 
4350 1449 
1843 5529 
4115 4115 
4138 1378 
6126 2041 
1573 4719 
4511 13533 
3511 3511 
4095 12285 
6595 2197 
2852 2852 
1482 4446 
321 106 
2403 800 
3497 3497 
1938 5814 
4235 4235 
1111 369 
753 2259 
4093 4093 
1531 509 
3972 11916 
2447 815 
6036 18108 
4311 1436 
2969 2969 
3037 3037 
5581 16743 
2376 791 
5196 1731 
1286 428 
4395 4395 
5884 17652 
3386 3386 
1992 5976 
5465 16395 
3462 3462 
1135 3405 
5401 16203 
3271 3271 
2419 2419 
3237 1078 
1939 645 
3616 1204 
2345 781 
5038 1678 
2901 2901 
4434 13302 
1426 4278 
3499 3499 
2414 2414 
2497 2497 
4438 4438 
6786 20358 
2664 2664 
5155 15465 
1625 4875 
2642 2642 
1282 426 
4058 4058 
6746 20238 
3801 3801 
3575 10725 
4440 13320 
5951 17853 
3145 3145 
1883 627 
5899 17697 
4476 4476 
1745 581 
3880 3880 
879 2637 
596 198 
5844 1947 
5792 1930 
709 235 
503 1509 
2979 8937 
571 189 
884 2652 
5995 17985 
2675 8025 
4584 4584 
2586 7758 
3926 3926 
4074 12222 
4363 1453 
4003 4003 
5137 15411 
3820 3820 
3738 11214 
3537 1178 
4270 1422 
2384 7152 
1832 5496 
3631 1209 
2748 2748 
4056 4056 
1413 470 
2804 2804 
1042 3126 
6603 2200 
5021 1673 
6977 2325 
244 732 
5989 1995 
6658 2218 
388 128 
3413 3413 
3434 3434 
3833 3833 
1111 3333 
4028 12084 
2130 709 
4471 13413 
5957 17871 
3371 3371 
3744 11232 
4060 4060 
2409 2409 
3455 3455 
2688 2688 
3658 3658 
2893 963 
486 161 
5071 1689 
5410 1802 
3743 3743 
5909 1969 
4152 4152 
2482 7446 
3467 3467 
1684 560 
3639 10917 
6966 20898 
2261 6783 
5531 1843 
3999 3999 
3175 9525 
3257 1085 
3735 11205 
5077 1691 
6584 19752 
3843 3843 
299 897 
6456 2151 
2618 872 
3872 3872 
1467 488 
3526 1174 
2413 2413 
5716 1904 
4506 4506 
3993 3993 
409 1227 
6964 2320 
5469 16407 
2494 830 
3493 3493 
3825 11475 
4291 12873 
2606 2606 
1636 4908 
2052 6156 
5572 1856 
2954 8862 
4042 4042 
2983 2983 
6239 18717 
921 2763 
3197 3197 
2042 680 
5547 16641 
1016 338 
4596 13788 
3236 1078 
2651 883 
3903 3903 
2518 7554 
4488 4488 
5818 17454 
6476 2158 
4369 4369 
749 249 
5472 1823 
6935 2311 
6971 2323 
5536 16608 
4165 1387 
1359 4077 
4623 4623 
3199 1065 
2646 2646 
2220 6660 
5915 17745 
4840 14520 
3491 3491 
3898 3898 
2768 8304 
926 2778 
4442 4442 
2819 2819 
2999 8997 
4273 1423 
3142 3142 
4333 12999 
5317 15951 
2358 2358 
6234 18702 
4874 1624 
352 116 
4147 4147 
2716 2716 
2383 7149 
2869 2869 
3084 3084 
3464 3464 
2962 2962 
2633 877 
5426 16278 
4922 14766 
5059 15177 
2452 816 
2424 2424 
4123 12369 
4245 12735 
4584 1527 
6919 2305 
3425 1141 
3718 3718 
2879 2879 
3291 3291 
2920 8760 
5422 1806 
4190 1396 
3284 9852 
1922 5766 
322 106 
4522 4522 
2820 2820 
3444 3444 
5471 1823 
4492 13476 
3353 3353 
3329 3329 
3676 11028 
2671 889 
249 82 
2365 2365 
2605 2605 
341 113 
663 1989 
6227 18681 
2798 2798 
3991 1329 
6086 18258 
5485 1827 
1220 3660 
2356 7068 
894 2682 
5956 1984 
3309 3309 
262 86 
2953 2953 
2411 2411 
303 909 
4516 1504 
3633 3633 
6625 2207 
3252 3252 
2266 754 
2938 2938 
4264 4264 
4247 4247 
4429 4429 
3960 11880 
4839 14517 
2106 701 
789 2367 
2928 8784 
5900 1966 
3612 1203 
1926 641 
6764 20292 
4328 1442 
2427 2427 
6759 20277 
6039 2012 
3717 11151 
1751 5253 
4317 4317 
4586 1528 
5803 1933 
750 249 
6053 18159 
3310 3310 
770 256 
6654 19962 
6907 20721 
6924 20772 
1456 4368 
3382 1126 
6226 2074 
348 115 
2162 720 
6214 18642 
360 1080 
2647 2647 
3344 10032 
2540 7620 
5741 17223 
5484 16452 
4585 4585 
5359 16077 
19 5 
5015 1671 
3339 3339 
4752 1583 
5217 1738 
5018 1672 
1481 493 
3900 1299 
5522 16566 
573 1719 
4274 12822 
3904 1300 
6367 2121 
3699 3699 
5715 1904 
5650 1882 
403 133 
2548 2548 
2333 6999 
1396 4188 
2751 916 
4405 4405 
5173 15519 
2410 7230 
4251 12753 
314 104 
2706 2706 
5106 15318 
4623 1540 
2491 829 
6319 18957 
6238 18714 
891 2673 
3375 10125 
1525 507 
4296 4296 
3641 3641 
1647 548 
3032 3032 
3399 3399 
3634 10902 
4722 1573 
554 1662 
3070 3070 
1107 3321 
5054 1684 
5428 16284 
4014 4014 
4150 4150 
4029 12087 
33 99 
807 2421 
3918 3918 
2057 6171 
4176 12528 
6471 19413 
4248 4248 
2866 8598 
4381 4381 
3978 1325 
3976 3976 
6320 18960 
4418 1472 
1219 405 
3711 1236 
4588 4588 
2590 2590 
1144 3432 
4413 4413 
4631 4631 
5837 17511 
2199 732 
1914 5742 
3394 3394 
898 2694 
39 12 
2590 7770 
4773 1590 
4180 4180 
2960 986 
4086 4086 
203 67 
2790 2790 
3125 3125 
3127 3127 
3137 9411 
5443 1813 
5212 1736 
3362 10086 
3888 3888 
560 186 
4579 1525 
2784 2784 
4871 1623 
5736 1911 
1871 5613 
2387 2387 
2353 783 
284 852 
3934 3934 
2977 2977 
6708 2235 
4955 14865 
4060 1352 
3488 3488 
5246 1748 
4576 4576 
5814 1937 
2545 2545 
3655 10965 
6853 2283 
3933 3933 
2773 923 
862 2586 
4362 1453 
6045 18135 
1695 5085 
5479 16437 
4482 4482 
4008 12024 
3430 10290 
5781 1926 
3988 3988 
4860 1619 
2344 2344 
4261 4261 
2555 2555 
6527 19581 
1605 534 
2376 2376 
3231 3231 
6186 18558 
5583 16749 
5778 17334 
2436 7308 
5987 17961 
4780 14340 
1896 5688 
3906 1301 
4892 1630 
895 297 
1580 4740 
3609 10827 
2553 2553 
3036 1011 
3619 3619 
2774 2774 
1609 535 
3525 3525 
6067 2021 
2581 2581 
4702 1566 
6698 2232 
3914 1304 
4933 1643 
4319 12957 
4756 14268 
6325 2107 
6314 2104 
245 735 
1999 5997 
4013 12039 
5521 1839 
3481 3481 
1652 550 
1612 4836 
157 471 
5512 1836 
2836 944 
3340 3340 
3238 1078 
1193 3579 
2939 2939 
293 97 
2727 908 
4134 4134 
4478 4478 
4559 1519 
4310 4310 
2758 2758 
4703 14109 
4161 4161 
5490 16470 
6676 2224 
3822 3822 
4444 4444 
3143 3143 
2676 2676 
6453 2150 
3168 9504 
1046 3138 
6333 2110 
1032 343 
5473 16419 
969 2907 
2743 8229 
2022 6066 
5653 16959 
4635 4635 
5449 1815 
4332 4332 
546 181 
4333 4333 
5601 16803 
941 2823 
4499 1499 
3220 1072 
3720 11160 
4509 1502 
5323 15969 
2910 8730 
1960 652 
5059 1685 
2038 6114 
268 88 
2550 2550 
3530 1176 
2620 2620 
4465 1487 
3970 1322 
239 79 
2434 2434 
714 2142 
3255 9765 
3389 3389 
3591 3591 
4960 14880 
5690 1896 
6071 18213 
3477 3477 
4989 1662 
4386 4386 
3858 11574 
4238 12714 
2670 2670 
2199 6597 
2909 969 
1778 592 
4687 14061 
5432 16296 
6142 18426 
2602 2602 
4196 12588 
1171 3513 
6381 2126 
3680 3680 
4583 13749 
2722 906 
3219 1072 
5592 16776 
2981 2981 
4563 4563 
562 186 
2038 678 
6276 2091 
6652 19956 
3165 9495 
2615 2615 
5700 1899 
1102 366 
6669 20007 
4205 1401 
2276 758 
2351 7053 
6656 19968 
3924 3924 
102 306 
5926 17778 
149 49 
2070 689 
2966 2966 
3537 10611 
2734 2734 
6399 19197 
4791 1596 
3621 3621 
2450 7350 
3842 3842 
2534 2534 
5674 17022 
3242 3242 
3244 3244 
3586 1194 
5259 15777 
2761 2761 
3476 3476 
667 2001 
3431 1143 
4625 13875 
5933 17799 
3279 9837 
1719 572 
1865 5595 
1214 404 
5261 15783 
4372 1456 
17 51 
1292 430 
4516 4516 
2986 2986 
3033 1010 
5114 15342 
3404 1134 
3990 3990 
4621 4621 
6621 19863 
3846 11538 
2793 2793 
4279 4279 
4326 4326 
4634 4634 
5254 1750 
1514 4542 
4638 4638 
6914 20742 
527 175 
6794 2264 
1337 445 
6558 19674 
1485 494 
1653 550 
5260 1752 
3828 3828 
5414 1804 
1855 617 
2318 772 
6694 2230 
1465 487 
2604 2604 
6180 2059 
4924 14772 
4186 12558 
1343 4029 
1157 3471 
4079 4079 
6981 20943 
5614 16842 
4047 4047 
2971 2971 
4580 13740 
5647 16941 
3119 3119 
4191 4191 
4101 4101 
4601 4601 
3054 3054 
209 69 
477 158 
1776 5328 
3420 1139 
5025 1674 
5231 15693 
3512 10536 
2530 842 
1839 612 
6290 2096 
6981 2326 
283 849 
6988 2328 
5174 15522 
2283 6849 
2567 2567 
3691 3691 
2152 716 
3160 3160 
1965 5895 
3904 3904 
5588 1862 
4848 1615 
4501 1499 
6547 2181 
5104 1700 
4735 14205 
2608 7824 
5379 16137 
1802 5406 
3167 3167 
3894 3894 
3436 3436 
5976 1991 
6119 18357 
1294 430 
5199 15597 
3486 3486 
3951 1316 
3631 3631 
2318 6954 
4474 4474 
61 183 
6582 2193 
108 324 
695 231 
6247 18741 
82 246 
2874 2874 
6779 2259 
2036 6108 
682 226 
2377 791 
3673 3673 
1232 3696 
2352 2352 
3916 3916 
6265 18795 
3594 3594 
5019 1672 
2390 796 
5846 17538 
3442 3442 
3626 3626 
6488 19464 
3188 3188 
2888 2888 
2518 2518 
3859 3859 
1978 658 
76 24 
4723 14169 
2304 6912 
2501 833 
200 66 
1963 653 
243 729 
6114 18342 
5719 1905 
2015 6045 
4014 12042 
118 38 
3870 3870 
718 2154 
3464 1154 
1221 3663 
6898 2298 
2894 2894 
3870 1289 
4666 1554 
3594 10782 
2812 2812 
2980 2980 
6818 20454 
4485 13455 
3479 1159 
3328 3328 
3466 10398 
3977 3977 
916 2748 
3047 3047 
3834 1277 
5504 16512 
2455 2455 
4857 14571 
3031 3031 
3994 1330 
4270 4270 
6148 2048 
4965 14895 
1635 4905 
3064 1020 
4325 4325 
5141 1713 
3681 3681 
5235 1744 
3586 3586 
2963 2963 
2205 6615 
6179 2059 
4255 12765 
4935 14805 
62 186 
3401 3401 
6327 2108 
3753 3753 
2441 2441 
4036 4036 
2714 904 
3060 9180 
4062 4062 
2463 2463 
4024 4024 
3215 3215 
5533 1843 
22 6 
3812 11436 
2775 2775 
2930 976 
4366 13098 
2660 2660 
1344 447 
4732 1576 
4622 13866 
5477 1825 
6631 19893 
2587 861 
3959 3959 
3212 9636 
4470 1489 
3814 3814 
454 150 
6047 2015 
3844 1280 
1101 366 
3005 3005 
4846 1614 
3278 3278 
767 2301 
4286 4286 
1401 466 
5799 1932 
3940 3940 
4643 13929 
3343 3343 
2916 2916 
3314 1104 
2524 7572 
5251 15753 
2745 2745 
2059 6177 
3624 10872 
4332 12996 
6367 19101 
4913 1637 
3258 3258 
3799 1265 
2824 2824 
6302 18906 
4458 13374 
3158 3158 
6185 18555 
4709 14127 
2494 2494 
2718 2718 
1289 429 
6252 18756 
2526 2526 
1469 4407 
4500 13500 
4607 13821 
5302 1766 
4707 14121 
2624 874 
3535 3535 
5291 15873 
2726 908 
3513 10539 
1547 4641 
1634 544 
6624 2207 
5010 15030 
4873 14619 
3780 11340 
4873 1623 
3789 3789 
4604 4604 
4557 1518 
5983 1993 
193 579 
3419 3419 
2722 2722 
734 2202 
4228 4228 
2584 860 
4736 14208 
5159 1719 
4359 1452 
4031 4031 
1626 4878 
3520 3520 
759 252 
3607 3607 
5536 1844 
2609 2609 
1406 4218 
3098 3098 
5701 1899 
4648 4648 
4610 4610 
2698 8094 
4536 4536 
5665 16995 
57 18 
1510 502 
1440 4320 
5619 16857 
867 2601 
3312 3312 
6075 2024 
4383 4383 
4241 12723 
1339 445 
5125 1707 
3955 1317 
2212 736 
3910 3910 
399 132 
1916 5748 
2069 689 
5842 17526 
5729 1909 
2361 786 
4237 4237 
4151 12453 
3361 3361 
2047 681 
3489 3489 
5592 1863 
3760 11280 
6915 20745 
5029 15087 
6907 2301 
6496 19488 
5834 1944 
741 2223 
4466 13398 
4617 4617 
2946 2946 
2497 831 
1741 579 
3208 1068 
4861 1619 
2141 713 
1394 4182 
5173 1723 
1986 661 
2962 8886 
3071 3071 
2810 2810 
4440 4440 
3045 3045 
3463 10389 
5648 1882 
4350 13050 
3106 3106 
3645 10935 
5432 1810 
3130 3130 
5954 1984 
1007 335 
1034 3102 
890 296 
2649 2649 
1094 3282 
2951 2951 
1317 438 
3312 1103 
802 266 
4093 1363 
6224 18672 
110 36 
4460 4460 
4030 4030 
3211 9633 
6845 2281 
187 61 
4628 4628 
4225 1407 
2087 695 
6162 18486 
2800 8400 
2937 2937 
538 1614 
2208 735 
3737 1245 
3845 3845 
4841 14523 
