78 3081
70 70 
71 71 
40 40 
75 75 
55 55 
59 59 
66 66 
9 9 
73 73 
51 51 
3 3 
39 39 
36 36 
26 26 
44 44 
46 46 
2 2 
48 48 
38 38 
4 4 
49 49 
50 50 
69 69 
17 17 
25 25 
43 43 
14 14 
13 13 
27 27 
12 12 
61 61 
6 6 
33 33 
53 53 
35 35 
18 18 
41 41 
8 8 
62 62 
63 63 
19 19 
31 31 
11 11 
10 10 
28 28 
65 65 
56 56 
5 5 
60 60 
58 58 
57 57 
37 37 
47 47 
67 67 
22 22 
23 23 
21 21 
34 34 
1 1 
16 16 
29 29 
32 32 
64 64 
54 54 
68 68 
74 74 
52 52 
72 72 
78 78 
15 15 
76 76 
77 77 
7 7 
20 20 
45 45 
42 42 
24 24 
30 30 
