74 2775
36 36 
5 5 
46 46 
63 63 
62 62 
30 30 
11 11 
25 25 
57 57 
40 40 
34 34 
23 23 
48 48 
38 38 
24 24 
53 53 
12 12 
54 54 
73 73 
72 72 
29 29 
27 27 
56 56 
41 41 
50 50 
16 16 
2 2 
45 45 
26 26 
64 64 
31 31 
43 43 
51 51 
60 60 
66 66 
69 69 
20 20 
10 10 
18 18 
33 33 
52 52 
71 71 
1 1 
14 14 
61 61 
39 39 
19 19 
22 22 
17 17 
6 6 
21 21 
8 8 
70 70 
42 42 
37 37 
7 7 
3 3 
9 9 
55 55 
13 13 
74 74 
44 44 
35 35 
58 58 
68 68 
65 65 
67 67 
4 4 
28 28 
49 49 
15 15 
47 47 
59 59 
32 32 
