7500 3000
1863 620 
2370 7110 
6841 2279 
4406 4406 
1957 651 
2707 2707 
3169 3169 
2661 886 
2626 2626 
6268 18804 
7273 21819 
1141 379 
6697 20091 
2903 2903 
2841 2841 
2028 675 
3039 3039 
2843 947 
3867 11601 
2502 2502 
4772 1590 
2609 869 
4634 4634 
2823 2823 
6788 2262 
1126 3378 
4730 1576 
941 2823 
3984 3984 
3425 3425 
3292 1096 
3044 3044 
617 205 
1328 442 
6822 20466 
5168 15504 
6698 2232 
5749 17247 
2784 2784 
5464 16392 
6743 20229 
1688 562 
4986 4986 
2967 2967 
3542 3542 
2564 2564 
5752 1916 
2956 2956 
4570 4570 
4842 14526 
2483 7449 
3016 9048 
6434 2144 
12 3 
4192 4192 
2682 893 
5582 1860 
4426 4426 
2863 2863 
3214 3214 
1711 569 
4329 4329 
5384 1794 
3763 3763 
323 107 
4171 12513 
3791 3791 
2741 2741 
3823 3823 
4027 4027 
7236 2411 
3478 3478 
1832 5496 
2101 699 
1840 612 
37 11 
2282 760 
3558 3558 
2181 726 
7103 2367 
3936 3936 
6067 2021 
5445 1814 
4321 12963 
3510 3510 
2534 2534 
7305 21915 
3430 10290 
2424 807 
5722 1906 
3844 3844 
3473 1157 
2588 862 
4970 4970 
2435 811 
3497 3497 
4414 4414 
4487 4487 
901 299 
6426 2141 
4886 1628 
4755 14265 
2329 6987 
3272 3272 
313 103 
4167 4167 
3356 3356 
1549 4647 
3090 3090 
2728 2728 
5749 1915 
463 1389 
340 112 
4279 4279 
4771 4771 
6667 2221 
997 2991 
3494 3494 
6281 18843 
6404 2134 
3632 1210 
3995 11985 
5034 1677 
528 175 
2215 737 
3546 1181 
4925 4925 
2787 2787 
3514 3514 
3617 3617 
316 948 
3465 3465 
4789 4789 
2623 7869 
2821 939 
4472 4472 
4131 1376 
4032 4032 
2728 908 
3056 3056 
4655 13965 
4631 4631 
2092 6276 
1461 4383 
5646 16938 
3502 10506 
4761 4761 
7039 21117 
4846 4846 
4804 4804 
6459 2152 
1528 4584 
411 1233 
4857 4857 
4968 14904 
5083 15249 
3828 11484 
1655 4965 
4697 14091 
2332 776 
4190 4190 
2703 2703 
3005 3005 
3217 9651 
5073 1690 
1349 449 
4781 14343 
918 2754 
296 98 
477 158 
3166 3166 
1070 3210 
6887 2295 
2257 6771 
4972 14916 
7397 22191 
3484 10452 
3970 3970 
977 325 
4169 4169 
3224 3224 
4735 4735 
4550 1516 
3979 3979 
1687 561 
2704 900 
7365 2454 
2692 2692 
4224 4224 
3894 1297 
3165 3165 
3574 10722 
2629 7887 
5205 15615 
3138 3138 
7492 2496 
1499 499 
1952 5856 
5906 17718 
2669 2669 
1891 629 
1660 4980 
26 8 
3885 3885 
4274 1424 
3682 1226 
4381 1459 
6617 2205 
3770 3770 
3303 3303 
1757 585 
4453 4453 
2119 705 
657 218 
4026 4026 
2789 2789 
4749 1582 
2554 2554 
1321 439 
1254 417 
4482 4482 
4917 1638 
3380 3380 
146 48 
3437 10311 
4374 4374 
4198 1398 
1583 4749 
5726 17178 
3090 9270 
7037 21111 
4929 4929 
1092 363 
3864 11592 
7452 2483 
2250 6750 
2494 830 
3243 3243 
2768 8304 
3262 3262 
2635 2635 
1144 3432 
858 2574 
230 690 
4110 4110 
292 96 
499 1497 
4162 12486 
3311 3311 
4225 12675 
2890 2890 
1816 5448 
6371 2123 
4799 1599 
1291 429 
6341 19023 
6817 20451 
3902 1300 
4166 4166 
2971 8913 
2056 6168 
2495 7485 
3559 3559 
2975 8925 
3220 3220 
4900 4900 
5584 1860 
1585 527 
4947 1648 
1053 350 
3673 1223 
7334 2444 
5693 1897 
3998 3998 
1096 364 
4823 4823 
218 654 
3481 3481 
2897 965 
2592 2592 
4801 1599 
1852 5556 
3175 3175 
4790 4790 
4366 1454 
3552 3552 
4162 4162 
7137 21411 
4640 13920 
2649 7947 
3527 10581 
365 1095 
3022 3022 
3155 3155 
6907 20721 
2381 793 
4139 4139 
6690 20070 
2694 8082 
122 40 
3077 3077 
4430 4430 
4409 1469 
3293 1097 
6085 2027 
4231 1409 
3986 3986 
3639 1212 
4807 14421 
3088 9264 
522 173 
4384 4384 
2498 832 
7420 22260 
1261 3783 
4371 1456 
2546 2546 
3771 1256 
3407 3407 
6078 18234 
6146 2048 
1809 602 
1917 5751 
4124 1374 
2612 2612 
930 2790 
6955 20865 
2628 2628 
5718 1905 
5244 15732 
4266 12798 
755 251 
2964 2964 
2507 2507 
5383 1793 
2728 8184 
1583 527 
3752 3752 
3048 3048 
3583 3583 
3850 3850 
550 182 
737 2211 
4000 1332 
4160 4160 
5220 15660 
4606 4606 
5108 1702 
7447 2481 
2203 733 
7453 2483 
6283 18849 
5510 16530 
7017 21051 
4531 4531 
7248 21744 
1402 466 
4053 4053 
2793 2793 
153 459 
3642 3642 
2164 6492 
4107 4107 
4595 4595 
3925 3925 
4761 14283 
6800 20400 
4055 4055 
3799 3799 
74 24 
5447 1815 
3447 10341 
4221 4221 
289 867 
1933 643 
4694 4694 
6107 2035 
3959 3959 
5997 17991 
5005 15015 
5839 1945 
3960 3960 
6194 2064 
4328 1442 
4949 4949 
7204 2400 
4547 4547 
3636 10908 
2204 6612 
2507 835 
2301 6903 
3509 3509 
3607 3607 
6956 20868 
1155 3465 
4879 4879 
2727 2727 
553 183 
2980 2980 
5811 1936 
4836 14508 
6810 20430 
1430 476 
5557 16671 
4889 14667 
3135 3135 
4671 1556 
7161 2386 
5013 15039 
5027 15081 
4170 12510 
1466 488 
4942 14826 
7165 21495 
4278 12834 
320 106 
4257 1418 
6145 2047 
4446 4446 
6456 2151 
5903 1967 
4559 4559 
2667 2667 
3834 3834 
5310 15930 
3122 3122 
3045 3045 
2277 6831 
4999 1665 
3590 3590 
3853 3853 
4538 4538 
6447 2148 
2537 2537 
4474 4474 
4510 4510 
4191 12573 
3884 3884 
3224 1074 
2226 6678 
2835 2835 
319 105 
5193 1730 
3519 3519 
3676 1224 
267 801 
4115 4115 
7235 2411 
2850 2850 
5782 17346 
3170 1056 
2909 2909 
1961 653 
6254 2084 
4248 12744 
3630 1209 
3171 9513 
29 9 
2577 2577 
4523 4523 
4670 4670 
1362 4086 
6968 2322 
4088 4088 
2725 907 
1919 5757 
5349 1782 
4662 4662 
3194 9582 
1584 4752 
3466 10398 
6184 2060 
5400 1799 
4424 4424 
4779 4779 
681 2043 
1908 5724 
2983 2983 
3783 3783 
3422 1140 
3889 3889 
4213 4213 
4350 4350 
1516 504 
4639 4639 
7058 2352 
3882 3882 
3806 11418 
7314 21942 
4145 1381 
2639 2639 
7161 21483 
4397 4397 
4399 1465 
1869 5607 
7443 2480 
119 39 
4935 1644 
751 2253 
4150 4150 
5826 1941 
437 1311 
4803 4803 
3634 10902 
3114 3114 
6704 20112 
2542 846 
2760 2760 
3956 1318 
3913 3913 
2366 788 
6920 20760 
721 2163 
3841 1279 
4914 14742 
3377 3377 
598 1794 
5169 1722 
3848 11544 
3496 1164 
1438 4314 
4130 4130 
3889 11667 
3241 3241 
4655 4655 
4086 4086 
102 33 
1555 4665 
871 2613 
5667 17001 
6055 2017 
1880 5640 
2315 771 
3634 3634 
3707 3707 
1900 5700 
3212 3212 
5843 1947 
5320 1772 
4335 1444 
3037 3037 
3216 9648 
4709 4709 
1674 557 
2846 948 
2634 2634 
4030 1342 
1 3 
1587 4761 
4500 13500 
5891 17673 
5009 15027 
2806 8418 
151 453 
6999 20997 
3270 3270 
3996 3996 
4503 4503 
4071 4071 
274 822 
4498 1498 
693 230 
3600 3600 
5355 16065 
1508 4524 
5816 1938 
1299 3897 
691 229 
1234 3702 
255 84 
156 51 
3054 3054 
4855 4855 
245 735 
3684 3684 
4211 12633 
3651 3651 
6926 20778 
3667 3667 
4562 4562 
1671 5013 
3694 3694 
5504 16512 
2969 8907 
3949 3949 
5213 15639 
6619 2205 
4518 13554 
4676 4676 
2636 878 
4757 4757 
5347 1781 
4825 4825 
1108 368 
2957 2957 
3396 3396 
3092 1030 
2457 818 
6691 20073 
2597 865 
3818 1272 
3817 3817 
6907 2301 
3778 3778 
2572 2572 
2548 2548 
3611 3611 
4754 14262 
3148 3148 
2993 2993 
2644 2644 
4808 4808 
6956 2318 
7417 2471 
4072 1356 
5999 17997 
3128 3128 
5930 1976 
4723 4723 
5402 1800 
6839 20517 
4358 13074 
2299 6897 
248 744 
4705 4705 
3209 9627 
3654 10962 
1173 390 
3938 3938 
3045 9135 
2692 896 
2899 8697 
3517 3517 
1243 3729 
4012 1336 
5888 17664 
1267 421 
7297 21891 
3789 1262 
2430 7290 
2758 2758 
2856 2856 
4663 1553 
1978 5934 
7251 21753 
2318 772 
7361 22083 
2845 947 
4968 4968 
2388 7164 
2794 2794 
464 1392 
4057 12171 
4690 4690 
3927 3927 
4502 1500 
4911 4911 
1214 3642 
7263 21789 
2261 6783 
4302 4302 
3607 1201 
5644 1880 
4343 4343 
3276 3276 
3887 3887 
7048 21144 
607 1821 
2619 7857 
1051 3153 
7030 21090 
2590 862 
3881 11643 
998 2994 
5386 1794 
2280 6840 
3085 3085 
4024 1340 
5876 17628 
5711 17133 
5404 1800 
7493 22479 
596 1788 
4837 4837 
3222 1073 
3940 1312 
1814 5442 
2720 2720 
6820 20460 
3297 3297 
4510 1502 
7463 2487 
3570 10710 
4508 4508 
476 1428 
2751 2751 
4061 4061 
3973 1323 
2913 8739 
3347 10041 
1039 345 
627 208 
4921 4921 
846 2538 
2892 8676 
3575 3575 
5489 16467 
4231 4231 
2382 793 
2681 2681 
3142 9426 
748 248 
2709 2709 
4617 4617 
3264 3264 
2788 2788 
4675 4675 
7254 2417 
3106 9318 
6983 20949 
4897 1631 
5658 16974 
2177 725 
6847 2281 
4958 4958 
4344 4344 
2999 2999 
5944 17832 
6948 2315 
1357 451 
7360 2452 
2776 2776 
1318 438 
4294 12882 
2631 2631 
1603 533 
5974 1990 
3476 1158 
3367 3367 
5753 17259 
2792 930 
7314 2437 
6358 19074 
3295 3295 
4103 1367 
5553 1850 
4671 4671 
3063 9189 
2732 2732 
2649 882 
4455 1484 
2074 690 
175 57 
6465 19395 
2979 2979 
1058 352 
2518 2518 
3697 3697 
3038 9114 
4469 1489 
1951 5853 
4530 4530 
2927 8781 
5507 16521 
4698 4698 
2969 2969 
3192 1063 
3903 3903 
6166 2054 
2867 2867 
3756 3756 
3069 3069 
1136 378 
5875 17625 
4096 4096 
4367 1455 
2369 789 
3760 3760 
2902 8706 
3959 1319 
783 260 
7480 22440 
5163 15489 
3345 3345 
4548 1515 
3518 3518 
2946 8838 
4984 14952 
5468 16404 
3257 9771 
3995 3995 
3960 1319 
2157 718 
2448 7344 
4228 12684 
3643 3643 
3631 3631 
188 62 
4047 4047 
3448 3448 
4141 1379 
4041 4041 
6632 19896 
4562 13686 
1874 5622 
4831 1609 
7060 21180 
3693 11079 
5185 1727 
4647 4647 
3791 1263 
2072 690 
2207 735 
7489 22467 
7480 2492 
3201 3201 
4138 12414 
6952 20856 
4943 4943 
6603 2200 
5819 17457 
7272 2423 
3543 3543 
4664 4664 
5580 1859 
6215 2071 
6479 19437 
5225 1741 
3720 3720 
2171 723 
3928 1308 
5106 15318 
3522 3522 
2217 6651 
3314 3314 
3983 1327 
4073 1357 
4827 4827 
4313 4313 
5420 1806 
2950 2950 
2988 8964 
3635 3635 
3171 3171 
1725 5175 
5244 1747 
3897 1298 
4895 4895 
2580 7740 
4482 1493 
4829 1609 
6457 19371 
3008 3008 
4576 1524 
4210 4210 
159 477 
4863 4863 
626 1878 
87 28 
4522 4522 
2667 8001 
5452 1816 
2685 894 
3439 1145 
1122 373 
3948 1315 
4024 4024 
7186 21558 
7229 21687 
3202 9606 
1898 5694 
4008 4008 
3897 11691 
2935 2935 
260 780 
3413 3413 
1599 4797 
4710 14130 
3985 11955 
2786 8358 
3842 11526 
3320 3320 
4323 12969 
3348 3348 
3703 3703 
2529 842 
409 1227 
4704 4704 
3140 1046 
3999 3999 
4254 12762 
7309 2435 
4535 4535 
3740 3740 
3951 3951 
4696 4696 
3488 1162 
5000 1666 
2583 2583 
4151 4151 
4797 4797 
2253 6759 
2766 2766 
3116 3116 
4322 1440 
6014 18042 
3549 3549 
4580 4580 
1156 384 
994 330 
2467 7401 
2020 6060 
2497 7491 
7300 2432 
1784 5352 
3729 11187 
2538 2538 
3625 10875 
2914 8742 
3307 1101 
653 1959 
86 28 
615 1845 
1434 477 
5783 17349 
3998 1332 
6086 18258 
1399 4197 
6850 2282 
5464 1820 
6814 20442 
1183 393 
3905 3905 
1304 3912 
4403 4403 
5638 16914 
2701 2701 
1481 4443 
5067 15201 
2843 2843 
731 243 
2696 898 
4890 4890 
5692 1896 
4423 4423 
2114 6342 
5365 1787 
2636 2636 
3742 11226 
34 102 
7091 21273 
4909 4909 
4339 1445 
3688 3688 
957 318 
6187 2061 
3874 3874 
4501 4501 
3524 10572 
6474 2157 
4262 1420 
5569 16707 
3457 10371 
1052 350 
4545 4545 
1983 5949 
2927 2927 
4650 13950 
4831 4831 
6263 2087 
3975 3975 
2638 7914 
3524 3524 
3709 11127 
515 1545 
2417 805 
1628 542 
5578 16734 
1252 3756 
5990 1996 
2585 861 
4033 4033 
2614 2614 
2278 6834 
3543 10629 
2834 2834 
4038 4038 
4001 4001 
4416 4416 
3785 3785 
1204 400 
7288 21864 
5097 1698 
1660 552 
1865 621 
6497 19491 
2949 2949 
3790 3790 
4148 4148 
6877 2291 
7332 2443 
4277 1425 
6628 2208 
4595 13785 
2941 2941 
4666 4666 
1889 5667 
4674 1557 
3792 11376 
4892 4892 
2756 8268 
2739 2739 
6550 2182 
7205 2401 
2662 7986 
289 95 
4108 4108 
4941 4941 
6285 2094 
5449 16347 
685 227 
75 225 
5156 1718 
126 41 
4979 4979 
3679 3679 
4946 1648 
5551 16653 
4663 4663 
4799 4799 
4288 4288 
3381 3381 
6919 20757 
3079 3079 
406 134 
3575 1191 
4814 1604 
1475 4425 
4961 4961 
3306 3306 
4236 4236 
3502 3502 
2060 6180 
1818 5454 
1457 485 
5460 16380 
4764 1587 
7429 2475 
6056 2018 
959 319 
4074 4074 
2033 6099 
7145 2381 
3130 1042 
2889 8667 
1713 570 
946 2838 
4764 4764 
84 27 
2826 8478 
4094 4094 
2962 8886 
4141 4141 
5861 1953 
3945 3945 
10 30 
3825 3825 
3441 10323 
5497 16491 
2526 2526 
5601 1866 
4165 4165 
4437 4437 
1375 4125 
3059 9177 
423 1269 
3868 11604 
3428 3428 
4489 1495 
1166 388 
4526 4526 
3724 3724 
4375 4375 
3796 3796 
3615 3615 
4308 1435 
4047 12141 
3681 3681 
6031 2009 
6621 2206 
5528 1842 
5742 17226 
1840 5520 
4240 4240 
4170 4170 
4070 4070 
6228 2075 
4104 1367 
7012 21036 
2845 8535 
6428 2142 
3149 1049 
3106 3106 
2591 2591 
3073 3073 
2984 8952 
2666 2666 
3363 10089 
195 64 
3646 3646 
6365 19095 
4009 4009 
6516 2171 
4982 14946 
4474 13422 
2222 740 
3254 9762 
4791 14373 
2569 2569 
4208 4208 
6048 2015 
694 2082 
4614 4614 
3164 3164 
2870 2870 
3935 3935 
3050 3050 
3499 3499 
5407 16221 
6227 2075 
567 1701 
5149 1715 
1235 3705 
2807 935 
3566 3566 
4760 1586 
5303 1767 
6038 18114 
2039 679 
1004 3012 
3748 1248 
2131 6393 
7490 22470 
5017 1671 
2697 2697 
4740 4740 
4742 4742 
3829 11487 
2566 854 
2886 2886 
752 2256 
3820 3820 
4431 4431 
6578 19734 
699 232 
5049 15147 
3576 3576 
3024 3024 
3606 3606 
6178 18534 
1249 3747 
3046 9138 
3567 3567 
3433 3433 
695 231 
6402 2133 
4888 4888 
3145 3145 
7021 2339 
470 1410 
2795 8385 
1023 340 
1612 536 
3170 3170 
3094 3094 
6035 18105 
6720 20160 
4907 4907 
4020 4020 
4601 13803 
4445 4445 
2842 2842 
831 2493 
3256 9768 
528 1584 
4776 4776 
2247 748 
6490 2162 
853 2559 
4450 4450 
3954 3954 
5609 1869 
6210 18630 
2900 2900 
2031 6093 
3249 3249 
7083 21249 
1839 5517 
2695 2695 
3240 3240 
3209 3209 
4938 4938 
5725 1907 
4583 4583 
3893 11679 
6778 20334 
4623 4623 
1512 503 
5295 15885 
4264 1420 
4021 12063 
564 1692 
1066 354 
2566 2566 
468 155 
4684 14052 
5989 1995 
3457 3457 
3938 11814 
4235 12705 
3672 3672 
4784 4784 
3340 3340 
2701 899 
4624 4624 
6779 20337 
2310 769 
5762 17286 
3423 3423 
7242 2413 
3784 3784 
3178 3178 
2297 765 
3276 9828 
2866 2866 
5837 17511 
6080 18240 
687 228 
1967 5901 
4360 13080 
4919 1639 
6995 20985 
3931 1309 
4078 4078 
5605 16815 
5634 1877 
7002 21006 
5721 1906 
4270 1422 
3602 10806 
4153 4153 
4183 12549 
2724 2724 
6525 2174 
1456 484 
5594 1864 
4159 4159 
296 888 
1385 461 
2921 2921 
2427 7281 
6590 19770 
2793 930 
6409 19227 
3137 3137 
7020 2339 
4889 4889 
2731 2731 
4643 1547 
4049 12147 
2981 8943 
2672 2672 
4555 4555 
3050 9150 
2686 2686 
4981 4981 
4982 4982 
4770 4770 
1211 403 
1988 662 
3385 3385 
1838 5514 
1084 3252 
3028 3028 
3921 3921 
5214 1737 
5661 16983 
1674 5022 
3002 9006 
2121 6363 
4322 12966 
1515 4545 
4272 12816 
3692 1230 
4592 13776 
7409 2469 
5541 1846 
2676 2676 
7383 2460 
3467 1155 
4253 4253 
4590 1529 
576 191 
3044 1014 
3962 11886 
2445 814 
6910 2302 
2112 6336 
3946 3946 
2816 2816 
4741 4741 
4105 12315 
697 2091 
7241 21723 
4184 1394 
2942 2942 
4330 4330 
5406 16218 
4733 4733 
5605 1867 
228 684 
2586 2586 
2077 6231 
1819 605 
3194 3194 
6255 2084 
3349 1115 
1648 4944 
3950 3950 
4552 4552 
5898 17694 
3716 3716 
2730 2730 
4699 1565 
1929 5787 
2654 2654 
1460 486 
6627 19881 
2130 709 
2994 2994 
6015 2004 
603 1809 
2545 2545 
2201 6603 
3105 1034 
3648 3648 
4258 4258 
2803 2803 
1150 382 
1776 591 
4736 4736 
6078 2025 
3743 3743 
2648 2648 
1788 5364 
3619 3619 
4367 4367 
5344 1780 
4164 4164 
4834 4834 
4090 4090 
3526 3526 
2640 2640 
2711 2711 
560 1680 
4413 4413 
3733 3733 
5796 17388 
3484 3484 
2660 886 
6498 2165 
4576 13728 
249 747 
4738 4738 
3349 3349 
6309 18927 
7475 2491 
5047 1681 
1760 586 
5280 15840 
2601 2601 
2590 2590 
4393 4393 
5584 16752 
2797 2797 
4511 4511 
3769 3769 
4533 1510 
4728 4728 
4126 12378 
4579 13737 
2695 8085 
3323 3323 
1964 654 
4558 4558 
2678 892 
2745 8235 
2933 2933 
4498 13494 
1319 3957 
3950 1316 
6282 2093 
4935 4935 
482 1446 
4351 4351 
6806 20418 
6496 19488 
2962 986 
4741 1579 
4429 4429 
6131 18393 
109 327 
4035 1344 
2953 983 
4602 4602 
6366 19098 
7267 21801 
4582 4582 
3883 3883 
295 97 
6376 19128 
6990 20970 
3753 3753 
7265 21795 
5565 1854 
4987 4987 
1348 448 
6873 2290 
3645 3645 
4036 4036 
2740 912 
3333 3333 
4353 4353 
2504 2504 
3235 3235 
2651 2651 
4666 13998 
2899 2899 
2501 7503 
6209 2069 
3305 3305 
2974 2974 
6652 19956 
1698 5094 
4653 1550 
3313 3313 
3981 1326 
154 50 
7376 22128 
2771 2771 
1388 462 
1770 589 
786 261 
3471 3471 
2641 2641 
5445 16335 
6389 2129 
4749 4749 
71 213 
4380 4380 
6622 2206 
7351 22053 
5287 1761 
4248 1415 
3735 3735 
4439 1479 
2973 8919 
1006 334 
4766 14298 
6603 19809 
6729 2242 
7499 22497 
4300 4300 
5805 17415 
3233 3233 
4001 1333 
4102 1366 
218 72 
4733 1577 
750 249 
2081 693 
6329 2109 
2641 7923 
533 1599 
6454 19362 
4461 4461 
3357 3357 
7212 2403 
6626 2208 
1344 4032 
4772 14316 
4739 14217 
5585 16755 
5621 16863 
6359 19077 
4310 12930 
5678 17034 
2908 968 
4128 12384 
6391 19173 
2643 2643 
4145 4145 
4111 4111 
3728 1242 
1792 5376 
5537 1845 
2901 2901 
185 555 
1671 556 
4218 4218 
4973 4973 
71 23 
5147 15441 
3798 3798 
4849 14547 
7351 2449 
5812 17436 
6646 19938 
94 30 
3867 3867 
7392 22176 
5929 1975 
1933 5799 
4405 4405 
4668 1555 
7296 2431 
2252 750 
4160 12480 
1883 627 
5151 1716 
2729 2729 
40 12 
1555 517 
5667 1888 
39 117 
2520 2520 
2638 2638 
4037 4037 
2668 2668 
4427 4427 
2339 779 
4060 4060 
3387 3387 
6875 20625 
6927 20781 
4861 1619 
4580 13740 
3514 1170 
62 186 
4045 12135 
2804 2804 
4568 4568 
6678 2225 
6495 19485 
4216 4216 
5463 16389 
2610 869 
1546 4638 
2551 2551 
988 2964 
3465 1154 
6029 2009 
4114 1370 
4158 12474 
2832 8496 
269 807 
821 2463 
1925 5775 
5523 16569 
4259 12777 
3183 1060 
2848 2848 
1264 420 
1512 4536 
4609 1535 
3093 9279 
2781 2781 
6110 2036 
3657 10971 
4766 4766 
1134 3402 
2165 6495 
2760 919 
4769 4769 
5415 1804 
3078 3078 
1722 573 
7115 2371 
4201 4201 
1410 4230 
7152 2383 
3012 3012 
4590 4590 
3601 1199 
6112 2036 
3879 3879 
2518 7554 
3248 3248 
5191 1729 
5848 1948 
7139 21417 
2378 792 
1699 565 
6750 2249 
2182 726 
5373 16119 
3580 3580 
3196 1064 
6565 19695 
1304 434 
7428 2475 
4805 4805 
5655 16965 
546 1638 
3624 3624 
5104 15312 
3531 3531 
6761 2253 
4826 14478 
678 2034 
2541 2541 
1440 479 
3552 10656 
1930 642 
5482 16446 
3689 3689 
6945 20835 
95 285 
7446 2481 
3381 10143 
4788 4788 
4927 1641 
1452 4356 
3700 3700 
3914 3914 
5827 17481 
4975 14925 
4560 1519 
889 295 
4842 1613 
5373 1790 
3371 3371 
3313 9939 
3241 1079 
2592 7776 
952 316 
3723 11169 
3266 3266 
2940 2940 
4600 1532 
5380 1792 
891 2673 
5343 16029 
3993 3993 
3952 3952 
371 123 
2146 714 
2677 2677 
2840 8520 
3115 9345 
6063 18189 
5970 17910 
5830 1942 
4176 4176 
5098 15294 
4867 4867 
3714 3714 
4188 4188 
815 2445 
2144 6432 
1662 4986 
5486 16458 
3966 3966 
5581 16743 
1079 3237 
6891 20673 
3841 11523 
3844 1280 
6687 2228 
5111 15333 
505 1515 
7095 2364 
2169 722 
3729 3729 
6418 2138 
6870 2289 
3442 3442 
2311 769 
4931 4931 
2149 6447 
677 2031 
3815 3815 
6011 18033 
4811 14433 
7491 2496 
2515 837 
2304 767 
426 141 
4610 4610 
4342 4342 
2395 797 
4691 4691 
3956 3956 
2833 2833 
1596 4788 
3945 11835 
3245 3245 
1681 5043 
4962 4962 
3547 3547 
6758 20274 
6172 2056 
4049 4049 
3427 3427 
2582 2582 
1937 645 
5765 17295 
6852 2283 
896 2688 
5716 1904 
4061 12183 
4827 14481 
3856 1284 
4154 4154 
2684 894 
2991 996 
3595 1197 
5836 17508 
2477 825 
5335 1777 
3955 3955 
2469 7407 
3146 3146 
4425 4425 
3112 1036 
5643 1880 
4194 4194 
3405 3405 
7486 22458 
2152 6456 
4348 4348 
4880 1626 
2855 951 
1611 4833 
7121 21363 
3202 3202 
6297 18891 
2984 2984 
5054 15162 
4177 4177 
3812 3812 
6831 2276 
2787 928 
3318 3318 
7451 2483 
1026 341 
4854 1617 
3562 3562 
3186 3186 
4867 1621 
5928 17784 
3872 3872 
3629 3629 
4344 13032 
3556 10668 
4260 4260 
1072 3216 
4517 1505 
3613 3613 
512 1536 
3366 3366 
4796 4796 
3040 1012 
3108 3108 
5501 16503 
4217 4217 
4945 4945 
2817 2817 
1234 410 
3118 9354 
3189 3189 
4239 12717 
6973 2323 
2108 702 
4104 4104 
5987 17961 
2528 2528 
7339 22017 
5180 15540 
1171 389 
6579 19737 
4889 1629 
3851 11553 
3436 1144 
2611 2611 
4151 1383 
4498 4498 
1199 3597 
2476 7428 
5461 1819 
4068 1355 
4033 1343 
1615 4845 
960 2880 
3158 3158 
4812 1603 
6401 19203 
1761 586 
2676 8028 
5261 15783 
4012 4012 
326 978 
4941 14823 
741 246 
3550 10650 
4309 4309 
2671 889 
4237 4237 
4884 4884 
3269 1089 
2932 2932 
4643 4643 
2404 800 
3999 11997 
1511 4533 
2553 2553 
3343 3343 
3438 10314 
4768 1588 
3270 1089 
4975 4975 
5494 1830 
3865 3865 
6560 2186 
2656 2656 
971 323 
5678 1892 
5004 1667 
2211 6633 
629 1887 
608 202 
4574 4574 
2428 808 
1916 638 
4271 4271 
4615 4615 
3801 1266 
760 2280 
7129 2375 
5630 16890 
400 1200 
3394 3394 
4394 4394 
3547 10641 
566 1698 
5499 1832 
6222 2073 
3900 11700 
4006 4006 
3 9 
2902 2902 
1377 4131 
3574 3574 
4694 14082 
5077 15231 
4074 12222 
3037 9111 
2227 741 
6646 2214 
4814 4814 
485 1455 
1202 3606 
3403 3403 
5665 1887 
4358 1452 
752 250 
3453 10359 
162 486 
4920 4920 
751 249 
5619 16857 
5417 16251 
590 196 
2550 7650 
4765 14295 
691 2073 
2019 672 
1755 584 
3041 1013 
2178 6534 
4293 12879 
4402 4402 
3141 3141 
1142 380 
832 276 
3952 1316 
1071 356 
2567 2567 
4974 4974 
2957 985 
3169 1055 
5897 17691 
794 2382 
4806 4806 
6863 20589 
4930 4930 
6490 19470 
5606 1868 
2084 6252 
3747 3747 
327 981 
6317 18951 
4838 4838 
6166 18498 
4680 1559 
4822 1606 
4937 14811 
4213 1403 
3843 3843 
4030 4030 
3992 3992 
3384 3384 
1473 490 
4449 13347 
3536 10608 
2511 7533 
3943 1313 
4997 14991 
3734 11202 
4946 14838 
4896 4896 
6934 20802 
4583 1527 
5788 1928 
1788 595 
7415 2471 
3156 3156 
2678 2678 
5096 15288 
5588 1862 
4475 4475 
4223 1407 
1539 512 
6567 2188 
1600 532 
5779 17337 
1146 381 
3515 3515 
3468 3468 
1034 344 
2735 2735 
4878 4878 
558 1674 
5771 17313 
3584 10752 
1659 552 
4191 4191 
352 116 
6682 2226 
2975 991 
171 56 
4095 4095 
2622 2622 
4992 4992 
3922 11766 
2974 990 
4296 4296 
2514 837 
3659 3659 
4495 1497 
1836 611 
1138 378 
3608 3608 
1174 390 
2820 939 
4080 4080 
1780 592 
5082 15246 
3849 3849 
4672 4672 
624 1872 
1869 622 
1681 559 
4649 1549 
2488 7464 
2474 824 
3196 9588 
3064 1020 
3845 3845 
5408 1802 
4477 4477 
6531 19593 
676 224 
4118 4118 
3555 10665 
809 2427 
3436 3436 
4019 1339 
819 2457 
2765 2765 
1365 454 
7213 2403 
3390 3390 
4186 4186 
3330 3330 
6879 20637 
4102 4102 
3129 3129 
4091 12273 
6190 2062 
3418 10254 
5010 15030 
2119 6357 
3001 3001 
4007 4007 
6543 19629 
3043 3043 
967 2901 
3146 9438 
2850 8550 
5777 1925 
2906 2906 
5577 1858 
3342 10026 
3638 10914 
6503 19509 
3472 10416 
3187 3187 
7252 2416 
413 137 
6353 19059 
96 288 
7267 2421 
3419 3419 
5668 1888 
1579 525 
7109 21327 
3068 3068 
3352 1116 
3745 3745 
848 282 
4368 4368 
2860 2860 
277 831 
2030 6090 
3983 3983 
5555 16665 
3383 1127 
6717 2238 
2350 7050 
740 246 
3017 3017 
4263 1420 
3459 1152 
2736 2736 
4211 4211 
1310 3930 
6297 2098 
6360 2119 
7496 2498 
2987 995 
3195 3195 
5534 16602 
4983 4983 
4331 4331 
6264 2087 
6631 19893 
4193 4193 
6891 2296 
3253 1083 
3489 3489 
1026 3078 
1649 4947 
2957 8871 
4197 4197 
6860 2286 
2769 922 
5663 16989 
3162 3162 
7387 2461 
3755 3755 
1030 342 
3310 3310 
3678 3678 
5586 16758 
4227 4227 
1685 561 
3964 11892 
6251 2083 
2481 826 
4204 4204 
4561 1519 
1639 4917 
6671 2223 
3602 3602 
5913 17739 
44 132 
4262 4262 
2915 2915 
5236 15708 
659 1977 
4294 4294 
1774 5322 
4081 12243 
4137 12411 
6994 20982 
2529 2529 
480 1440 
3123 3123 
4584 4584 
4898 4898 
2883 960 
7001 21003 
1043 3129 
580 192 
3142 3142 
3623 1207 
3525 1174 
5926 1974 
3447 1148 
4376 1458 
116 348 
516 171 
3865 1287 
4121 1373 
3210 3210 
1049 349 
3605 3605 
4378 4378 
3696 3696 
4168 4168 
4043 4043 
4619 4619 
4042 4042 
4781 4781 
6800 2266 
4540 4540 
4059 1352 
2937 2937 
3446 3446 
2875 2875 
7362 22086 
4897 4897 
2926 2926 
4651 1549 
3255 3255 
5300 15900 
3840 3840 
4189 4189 
1488 4464 
3440 3440 
4141 12423 
4887 14661 
1004 334 
2752 916 
4467 4467 
4679 14037 
4203 4203 
4486 4486 
4100 4100 
892 2676 
1535 511 
4120 12360 
5176 1724 
2977 991 
3198 3198 
7272 21816 
1713 5139 
3757 3757 
3569 3569 
1684 560 
1872 5616 
2862 8586 
4700 1566 
2807 8421 
1912 5736 
2576 2576 
3009 3009 
4062 4062 
7433 22299 
4371 13113 
1089 362 
4337 13011 
6511 19533 
1421 473 
6351 2116 
7033 21099 
4853 4853 
2642 7926 
4323 1440 
6795 20385 
885 2655 
5958 17874 
4974 1657 
3828 1275 
7370 22110 
768 2304 
6182 2060 
6938 20814 
3797 3797 
4477 13431 
4094 1364 
3863 3863 
3723 3723 
3043 9129 
7401 22203 
4641 13923 
1163 3489 
2678 8034 
3726 3726 
3958 3958 
3252 3252 
4432 4432 
2151 716 
4462 1486 
4091 4091 
3640 10920 
1980 659 
1783 5349 
3584 3584 
999 2997 
5697 17091 
5701 17103 
2851 2851 
3437 3437 
5088 15264 
116 38 
70 22 
5086 15258 
3219 3219 
4933 4933 
3304 3304 
6087 2028 
6486 2161 
405 1215 
5608 16824 
4986 1661 
4209 4209 
2100 699 
3642 1213 
6500 19500 
4651 13953 
1376 4128 
583 193 
2764 2764 
3475 3475 
2625 7875 
303 909 
3412 3412 
2159 6477 
3753 11259 
3533 3533 
4985 4985 
3772 3772 
3111 3111 
2658 7974 
552 1656 
3435 10305 
4318 4318 
2808 8424 
5485 16455 
4324 4324 
1292 430 
4703 4703 
6533 19599 
3126 9378 
1736 5208 
3618 3618 
4434 1477 
3939 3939 
852 2556 
4674 4674 
2653 2653 
3019 1005 
3628 3628 
3704 1234 
3350 10050 
3265 1087 
3307 3307 
4126 4126 
3439 3439 
4235 4235 
6150 2049 
883 293 
3290 3290 
571 189 
4303 12909 
1382 4146 
6703 2233 
7320 21960 
5902 1966 
3164 9492 
2104 700 
4518 4518 
3279 3279 
1694 5082 
4546 13638 
3616 3616 
4664 13992 
3921 1306 
2248 6744 
221 73 
2792 2792 
5477 16431 
1647 4941 
1733 5199 
4438 4438 
7437 22311 
6022 18066 
5018 15054 
5710 1902 
3360 1119 
4599 4599 
2623 2623 
4846 1614 
1394 464 
3775 11325 
3528 10584 
3140 9420 
4934 4934 
895 297 
1940 646 
4894 4894 
2755 8265 
6900 20700 
3585 3585 
4319 4319 
3071 1023 
724 2172 
3144 3144 
4491 4491 
5987 1995 
4051 4051 
1450 4350 
3306 9918 
1971 656 
4992 1663 
3811 3811 
3176 9528 
4830 4830 
3648 1215 
3461 3461 
5688 1895 
7112 2370 
5500 1832 
7358 22074 
5499 16497 
4581 4581 
4791 4791 
5277 1758 
5915 1971 
1978 658 
2231 6693 
1342 4026 
3662 1220 
6916 2304 
7409 22227 
2393 797 
3335 3335 
3495 3495 
7374 22122 
3780 3780 
4128 4128 
5157 1718 
3580 1192 
2675 2675 
7269 2422 
6794 20382 
5919 1972 
5677 1891 
4529 4529 
6737 20211 
6175 18525 
3891 3891 
2950 982 
7420 2472 
5855 1951 
3042 3042 
2553 850 
2647 2647 
6825 2274 
4371 4371 
5103 1700 
2970 2970 
4994 4994 
4123 4123 
6659 19977 
1038 3114 
6306 18918 
7010 2336 
3878 1292 
4702 4702 
2691 8073 
3650 3650 
3897 3897 
1607 4821 
5356 16068 
5818 1938 
167 55 
1824 607 
6979 2325 
3339 3339 
6015 18045 
5865 17595 
6312 18936 
6119 2039 
1566 4698 
6947 20841 
7422 2473 
7047 21141 
7342 22026 
4504 13512 
3714 11142 
3033 3033 
2894 8682 
3113 1037 
1913 5739 
6872 20616 
1346 4038 
6045 2014 
2787 8361 
1471 489 
5418 1805 
4819 1605 
392 130 
3027 3027 
3061 3061 
4667 4667 
5743 17229 
4459 4459 
3774 3774 
4978 4978 
4912 4912 
3302 1100 
2568 2568 
3228 3228 
4515 4515 
1995 5985 
4519 4519 
17 51 
2915 8745 
4645 1547 
5136 15408 
4494 4494 
6894 20682 
383 1149 
4800 4800 
586 194 
3305 1101 
2878 2878 
4273 12819 
2867 955 
1293 430 
1323 3969 
348 115 
3240 9720 
4591 4591 
6213 2070 
4248 4248 
2683 8049 
2805 2805 
2091 696 
4932 4932 
1165 3495 
3736 11208 
3701 11103 
1005 3015 
3969 3969 
2990 996 
6699 20097 
3535 1177 
2547 2547 
6392 19176 
6021 2006 
6172 18516 
3249 9747 
7245 2414 
3690 1229 
5068 15204 
4512 4512 
6999 2332 
5873 1957 
2634 7902 
3154 3154 
4525 4525 
3180 3180 
3434 10302 
1686 5058 
5636 16908 
5210 1736 
2910 969 
6636 2211 
4022 1340 
5223 1740 
689 229 
1821 5463 
4165 1387 
4099 4099 
4184 4184 
4914 1637 
246 738 
4698 1565 
2612 870 
4597 4597 
4488 1495 
4 12 
4488 4488 
4021 4021 
3253 3253 
4058 4058 
3994 3994 
1148 3444 
3079 1025 
2831 943 
7231 2409 
6242 2080 
4119 4119 
2540 2540 
2783 927 
784 2352 
4101 4101 
1220 406 
3091 3091 
4010 4010 
3152 3152 
1509 4527 
451 1353 
3277 3277 
3261 3261 
3278 3278 
5114 15342 
4759 1585 
3389 3389 
5914 1970 
3724 1240 
2174 6522 
5623 1873 
4528 4528 
3627 3627 
4178 4178 
3513 10539 
5525 1841 
2879 2879 
3221 3221 
1368 455 
4819 14457 
1966 654 
4939 4939 
3579 1192 
4187 4187 
6004 18012 
1016 3048 
2615 2615 
3353 3353 
4267 4267 
1683 560 
4598 4598 
2004 667 
4497 4497 
2549 2549 
4247 12741 
4366 13098 
3331 3331 
5209 15627 
5321 15963 
2674 8022 
4284 4284 
4485 13455 
4115 12345 
2537 845 
4713 1570 
7292 21876 
3943 3943 
5498 16494 
6269 2089 
4897 14691 
6521 19563 
790 2370 
3597 10791 
3504 3504 
3609 1202 
5533 16599 
2363 7089 
4171 4171 
4799 14397 
1335 444 
2930 8790 
7352 22056 
2708 902 
3525 10575 
357 118 
7131 2376 
2951 2951 
1237 411 
6091 2029 
1889 629 
6441 2146 
4471 1489 
3375 3375 
77 25 
5745 1914 
7401 2466 
5090 15270 
3283 3283 
3978 3978 
490 1470 
5259 1752 
4212 12636 
3717 11151 
4143 12429 
5051 15153 
6514 19542 
4377 4377 
1717 5151 
3458 1152 
2439 812 
4078 12234 
4174 4174 
4375 1457 
4420 13260 
2086 6258 
4601 4601 
4883 1627 
1779 592 
3707 1235 
4808 14424 
1931 5793 
1902 5706 
4746 14238 
4811 4811 
4255 12765 
4596 4596 
6645 19935 
3384 10152 
5130 15390 
6900 2299 
4407 4407 
1552 4656 
3862 3862 
825 2475 
3719 3719 
4195 1397 
3348 10044 
4159 12477 
6462 2153 
3157 1051 
4344 1447 
6230 2076 
3978 11934 
2712 2712 
5709 17127 
5431 16293 
6515 2171 
3204 3204 
4065 4065 
2376 791 
1441 479 
2532 2532 
5228 1742 
620 206 
4571 4571 
2075 691 
112 36 
5911 17733 
7087 21261 
3010 1002 
81 26 
4933 1643 
2871 956 
1640 546 
6809 2269 
4976 4976 
3050 1016 
4423 13269 
377 1131 
3670 3670 
7386 22158 
2755 2755 
6099 2032 
3284 3284 
936 311 
6988 2328 
3864 3864 
2726 908 
1765 587 
2273 6819 
4417 4417 
3930 3930 
5483 16449 
4155 1384 
4625 4625 
163 53 
909 302 
6575 2191 
784 260 
369 122 
5434 1810 
4165 12495 
7387 22161 
4585 4585 
4230 12690 
4715 1571 
4812 4812 
4524 1507 
3925 1307 
3358 10074 
5849 17547 
3004 3004 
2682 2682 
6675 2224 
5560 16680 
4729 4729 
3392 3392 
3932 3932 
2044 680 
3588 3588 
3722 3722 
5039 15117 
6211 2069 
163 489 
4218 12654 
4129 1375 
7288 2428 
4125 4125 
6173 2057 
1259 419 
6529 2175 
3128 1042 
1963 5889 
3604 3604 
2307 768 
1584 527 
4246 4246 
1841 5523 
2780 926 
1110 3330 
6109 2035 
4356 4356 
2040 6120 
2796 2796 
541 1623 
932 310 
337 111 
3098 3098 
4769 1589 
4283 12849 
3970 1322 
4751 4751 
7036 2344 
5475 16425 
498 1494 
4516 13548 
2660 2660 
5878 1958 
1706 5118 
2325 774 
5522 16566 
3479 3479 
4405 1467 
3395 3395 
3893 3893 
127 381 
3088 3088 
4015 1337 
4880 14640 
1560 519 
5502 1833 
747 248 
3548 3548 
2342 7026 
5206 1734 
4673 14019 
2888 2888 
3467 3467 
4525 13575 
89 267 
1190 396 
4836 1611 
2788 8364 
5582 16746 
5702 1900 
7042 2346 
4550 4550 
3488 3488 
602 1806 
6737 2245 
3456 1151 
709 2127 
5007 15021 
4526 1508 
4649 4649 
4743 4743 
5715 1904 
4124 4124 
3737 3737 
2930 2930 
6019 18057 
3160 9480 
4918 4918 
4317 12951 
3157 3157 
3925 11775 
2852 2852 
3081 9243 
6658 19974 
5895 17685 
4505 4505 
4796 14388 
2221 6663 
2696 2696 
4652 4652 
3140 3140 
6777 20331 
6827 20481 
3919 1305 
3513 3513 
3982 3982 
4495 4495 
4852 1616 
3415 10245 
3409 3409 
3143 3143 
4972 4972 
2094 697 
3066 3066 
1337 4011 
5471 16413 
3610 1202 
3924 3924 
3506 3506 
458 152 
7078 2358 
4960 4960 
4217 12651 
76 228 
2669 889 
3431 10293 
4763 4763 
2763 2763 
3185 3185 
1105 367 
1094 3282 
2997 2997 
3490 3490 
3985 3985 
5442 1813 
6075 18225 
2105 701 
1696 564 
6833 20499 
6569 2189 
3424 3424 
4264 12792 
4644 4644 
4022 4022 
4227 12681 
3379 3379 
283 849 
2561 7683 
4841 4841 
1476 491 
4479 4479 
2559 2559 
4345 4345 
4025 1341 
4135 4135 
6972 20916 
3904 3904 
6825 20475 
4452 4452 
3926 3926 
6202 18606 
4050 4050 
6296 18888 
991 2973 
4393 1463 
4362 13086 
415 1245 
3118 1038 
4299 4299 
4332 12996 
1044 3132 
3118 3118 
1514 504 
4775 4775 
3668 11004 
5151 15453 
888 2664 
5563 1853 
2455 7365 
603 200 
695 2085 
1570 4710 
3491 3491 
2683 2683 
3458 3458 
6479 2159 
4883 4883 
621 1863 
2599 865 
4739 4739 
6155 2051 
2744 2744 
3586 10758 
1384 460 
216 71 
7019 2339 
4280 4280 
3665 3665 
33 10 
7391 22173 
5218 1738 
4943 14829 
7062 21186 
1747 581 
208 624 
4727 4727 
3554 3554 
1398 4194 
2887 2887 
6504 19512 
6541 2179 
1133 377 
3935 11805 
1675 557 
6421 19263 
4788 14364 
2056 684 
6320 2106 
7408 22224 
6410 2136 
7146 2381 
1212 403 
1492 496 
2730 8190 
4323 4323 
3023 1007 
5990 17970 
5393 16179 
4948 1648 
3031 9093 
3292 3292 
3828 3828 
3795 3795 
4877 4877 
3225 1074 
1751 5253 
2719 2719 
2914 970 
1476 4428 
4316 1438 
1819 5457 
103 309 
5370 16110 
4579 4579 
3491 10473 
6542 2180 
3647 3647 
2973 2973 
4684 4684 
5830 17490 
1860 619 
5040 15120 
4129 4129 
6663 19989 
2983 8949 
5920 1972 
4479 1492 
3550 3550 
4989 1662 
5102 1700 
1383 460 
4100 12300 
2790 929 
2853 950 
2575 2575 
3847 3847 
3027 9081 
4219 4219 
2993 997 
1504 500 
2584 2584 
5109 1702 
2657 2657 
6569 19707 
4642 4642 
1966 5898 
2135 711 
4117 12351 
1540 4620 
4441 4441 
6132 18396 
2974 8922 
4010 1336 
2877 2877 
664 1992 
1472 490 
4765 1587 
663 220 
3283 9849 
5263 15789 
4817 4817 
3956 11868 
3038 3038 
2484 827 
1784 594 
4588 1528 
3565 3565 
6946 20838 
4048 4048 
4146 4146 
4964 4964 
1301 433 
1619 4857 
4745 14235 
7439 22317 
3976 3976 
4979 14937 
4999 4999 
2982 2982 
3435 3435 
6926 2308 
5539 1845 
3965 3965 
4904 1634 
3910 3910 
7292 2430 
6339 19017 
3971 3971 
2969 989 
2506 2506 
2700 2700 
6856 20568 
3871 3871 
3585 1194 
2791 2791 
3963 3963 
2465 7395 
3206 3206 
4473 4473 
4762 14286 
1722 5166 
5072 15216 
4937 4937 
5579 16737 
2536 2536 
2908 2908 
5275 15825 
3173 1057 
767 255 
3492 3492 
1824 5472 
4466 4466 
3798 1265 
3004 9012 
3216 3216 
3443 3443 
4573 1523 
5324 1774 
3284 1094 
5850 17550 
5051 1683 
5122 15366 
7310 2436 
3238 3238 
2386 794 
2570 2570 
1289 3867 
1642 546 
5099 15297 
6023 18069 
4263 4263 
2689 2689 
2999 8997 
4816 4816 
4819 4819 
2955 2955 
1833 5499 
565 1695 
3287 3287 
6091 18273 
6860 20580 
2967 988 
1923 5769 
4286 4286 
6923 2307 
3316 3316 
2821 2821 
6355 19065 
6195 18585 
4310 4310 
3427 1141 
4000 4000 
3201 9603 
552 183 
7424 2474 
5319 1772 
4610 13830 
3274 3274 
3961 11883 
5093 15279 
563 1689 
3456 10368 
7469 2489 
4079 4079 
5084 15252 
3368 3368 
4376 4376 
4859 4859 
6278 2092 
3776 3776 
2801 2801 
5558 1852 
7361 2453 
6805 20415 
4996 4996 
4229 4229 
1278 425 
50 150 
4551 4551 
3415 1137 
2407 801 
3948 3948 
5350 16050 
4876 4876 
6676 2224 
1020 339 
3079 9237 
347 1041 
2533 2533 
3503 10509 
5314 1770 
2849 8547 
581 1743 
6573 2190 
4410 13230 
4833 4833 
4202 12606 
6174 2057 
4364 1454 
4844 14532 
4011 4011 
1873 623 
6344 2114 
5837 1945 
4966 14898 
6642 2213 
4843 4843 
7344 22032 
3420 3420 
4532 4532 
4352 1450 
1340 4020 
4832 14496 
5019 1672 
3002 1000 
3102 1033 
4233 12699 
1112 370 
4415 4415 
5293 15879 
3898 3898 
965 2895 
3040 3040 
2044 6132 
4147 4147 
3590 10770 
113 339 
7173 21519 
4101 12303 
2702 2702 
2795 931 
3214 9642 
3680 3680 
4529 1509 
5252 1750 
5790 17370 
3758 1252 
6423 2140 
3800 1266 
3025 3025 
4251 4251 
6373 2123 
5699 17097 
4990 4990 
3597 1198 
7431 22293 
2027 675 
3156 9468 
4755 4755 
3678 1225 
3338 3338 
3025 9075 
2924 8772 
3596 1198 
3837 3837 
4919 4919 
1437 478 
4921 1639 
6255 18765 
3683 11049 
5878 17634 
6587 19761 
4989 14967 
3805 3805 
1403 4209 
6793 20379 
7438 2478 
3816 3816 
4297 1431 
1559 519 
4029 4029 
7369 2455 
1080 359 
2513 2513 
270 810 
4607 4607 
3282 3282 
231 76 
3419 1139 
42 126 
3813 3813 
5629 1875 
5046 1681 
6708 20124 
3549 10647 
4905 4905 
4761 1586 
3775 3775 
5756 17268 
2215 6645 
5141 15423 
2122 6366 
2735 911 
7438 22314 
6635 19905 
3075 3075 
3962 3962 
5725 17175 
3685 3685 
1582 526 
908 2724 
3397 1131 
999 332 
5289 1762 
5363 1787 
281 843 
6501 19503 
2068 688 
5616 16848 
3980 3980 
6547 2181 
3271 3271 
687 2061 
3545 3545 
1329 3987 
4504 4504 
3055 3055 
4212 1403 
544 1632 
6843 2280 
4457 13371 
2639 7917 
5461 16383 
5501 1833 
1239 3717 
1979 659 
7266 2421 
4004 4004 
4066 1354 
7252 21756 
4950 1649 
3786 1261 
4765 4765 
6467 2155 
4005 4005 
4182 4182 
5954 1984 
2768 2768 
2968 2968 
5885 17655 
3417 3417 
3470 3470 
2229 6687 
744 247 
2896 2896 
6917 20751 
3256 3256 
7133 2377 
5238 1745 
1408 4224 
1381 4143 
3557 10671 
4632 4632 
4419 13257 
1627 4881 
1082 360 
1996 664 
6604 19812 
4478 4478 
2172 723 
3402 3402 
1214 404 
3577 3577 
4849 4849 
189 62 
5309 1769 
3553 10659 
3181 3181 
468 1404 
2581 2581 
3350 1116 
4373 1457 
4536 4536 
2302 6906 
1470 489 
4695 4695 
3741 3741 
672 223 
3396 10188 
5902 17706 
1429 475 
2949 982 
294 97 
4290 1429 
6249 2082 
3137 1045 
332 110 
2876 2876 
3660 10980 
1355 451 
1775 591 
4068 4068 
3764 3764 
3200 1066 
4635 4635 
5937 1978 
3350 3350 
2748 8244 
6534 19602 
4772 4772 
7432 2476 
1364 454 
2026 674 
6303 18909 
5952 17856 
201 603 
4840 4840 
447 1341 
966 2898 
4910 14730 
4022 12066 
3854 3854 
1491 4473 
3861 3861 
4925 1641 
4366 4366 
4065 12195 
2837 2837 
3214 1070 
4436 4436 
2232 743 
3431 1143 
2637 2637 
7496 22488 
3382 3382 
4422 4422 
5409 16227 
3067 3067 
3414 3414 
4784 14352 
2925 2925 
2655 2655 
3787 3787 
7056 2351 
2613 2613 
3738 3738 
4460 4460 
397 1191 
5899 17697 
2279 6837 
6368 19104 
3878 3878 
4534 1510 
5961 1986 
3789 3789 
3282 9846 
61 19 
3493 3493 
1684 5052 
3516 1171 
3555 3555 
6442 2146 
2808 2808 
3206 1068 
2978 2978 
5530 16590 
506 168 
354 1062 
3191 3191 
1675 5025 
2988 995 
3485 10455 
4423 1473 
4760 4760 
7347 22041 
6161 18483 
4451 1483 
5189 1729 
3641 3641 
5700 1899 
3649 10947 
1190 3570 
3783 11349 
2302 766 
3788 3788 
4564 4564 
1683 5049 
6128 18384 
3785 1261 
4470 4470 
2201 733 
5689 17067 
6852 20556 
5204 1734 
5438 16314 
3685 11055 
4860 4860 
3107 3107 
3781 3781 
2074 6222 
6974 20922 
4080 12240 
1102 3306 
3172 3172 
3072 3072 
3644 1214 
787 2361 
1598 4794 
678 225 
1887 5661 
5707 17121 
4207 12621 
6192 18576 
4774 4774 
5258 15774 
4439 4439 
3458 10374 
3372 10116 
3625 3625 
2964 987 
3416 10248 
2597 2597 
3561 3561 
4072 4072 
3416 3416 
3656 10968 
2690 2690 
5488 1828 
4923 4923 
4398 4398 
206 68 
4605 1534 
3987 3987 
4494 13482 
4868 1622 
65 195 
3120 3120 
7289 2429 
3237 9711 
4778 4778 
3638 3638 
4854 4854 
5433 1810 
6384 2127 
2932 976 
4333 4333 
4483 4483 
3451 10353 
4484 4484 
4758 14274 
3516 3516 
1428 4284 
4205 12615 
4780 4780 
7498 2498 
51 16 
792 263 
2778 2778 
3198 1065 
4893 4893 
3159 3159 
2780 2780 
2742 2742 
431 143 
4539 4539 
7455 2484 
2364 787 
3593 3593 
7025 21075 
473 1419 
3648 10944 
2539 2539 
1376 458 
3833 3833 
2811 936 
6990 2329 
3393 10179 
4067 4067 
2627 875 
2752 2752 
2844 2844 
3190 3190 
4480 4480 
4901 4901 
4268 4268 
2192 730 
3544 1180 
2657 885 
5515 1837 
4756 4756 
3527 3527 
7024 21072 
2520 839 
6970 20910 
749 2247 
2220 739 
3029 9087 
3087 1028 
1207 3621 
654 217 
2750 2750 
3782 3782 
3234 3234 
3539 3539 
2638 878 
4942 4942 
2423 807 
2756 2756 
2685 2685 
920 2760 
5900 1966 
1014 3042 
6735 2244 
4500 4500 
6631 2209 
3105 3105 
4132 4132 
3021 3021 
4836 4836 
3702 3702 
4591 1529 
6645 2214 
3100 1032 
3666 3666 
7347 2448 
842 2526 
5104 1700 
1882 626 
7470 2489 
4349 4349 
1502 4506 
3271 1089 
3662 3662 
2818 938 
3773 3773 
3231 1076 
4554 4554 
5064 15192 
2562 7686 
3086 9258 
6549 2182 
1938 5814 
518 172 
3234 9702 
2886 961 
4096 1364 
3354 3354 
955 2865 
4203 1400 
3968 3968 
3456 3456 
2963 2963 
588 1764 
5539 16617 
1945 5835 
7171 2389 
727 2181 
4653 4653 
6835 2277 
2627 7881 
4824 4824 
6103 2033 
3741 1246 
4206 12618 
3672 11016 
4326 4326 
3988 3988 
3559 10677 
3802 11406 
3327 1108 
2171 6513 
3554 10662 
5302 1766 
2680 2680 
4118 12354 
2706 8118 
5533 1843 
5134 1710 
1300 432 
507 1521 
986 328 
4224 12672 
1993 663 
513 170 
5205 1734 
7285 21855 
4971 14913 
4007 12021 
869 289 
2665 7995 
6774 20322 
4873 14619 
5543 16629 
4984 4984 
3568 10704 
3180 9540 
3917 1305 
4172 4172 
2684 2684 
6182 18546 
178 58 
4563 4563 
7119 2372 
7262 2420 
3281 1093 
3649 1215 
4541 4541 
1800 599 
4998 4998 
5195 15585 
2492 7476 
5803 1933 
3855 3855 
2904 8712 
4298 4298 
3876 11628 
3285 9855 
3062 3062 
4566 1521 
4707 14121 
6063 2020 
3732 11196 
5341 1779 
5802 17406 
4064 12192 
3839 11517 
795 2385 
2983 993 
2939 979 
6134 2044 
3645 10935 
4629 4629 
4134 4134 
4578 4578 
1394 4182 
5964 17892 
4507 4507 
2239 745 
4520 13560 
6556 19668 
1200 399 
6 1 
3233 1077 
7187 2395 
6913 20739 
4893 1630 
6345 19035 
1246 3738 
1810 602 
345 114 
2816 938 
3625 1207 
4782 4782 
2454 817 
4088 12264 
3981 3981 
4612 13836 
5534 1844 
4689 14067 
4892 14676 
868 2604 
3909 3909 
335 1005 
4040 4040 
2939 8817 
4140 4140 
1028 3084 
1479 492 
5852 17556 
3620 10860 
233 699 
2512 836 
4443 4443 
4744 4744 
4835 1611 
4352 13056 
3094 1030 
226 678 
4447 1481 
3143 9429 
108 35 
4427 1475 
3619 10857 
3822 3822 
641 1923 
1019 3057 
3886 3886 
6998 2332 
3181 9543 
2746 2746 
3299 3299 
2350 782 
5242 1746 
4884 14652 
2592 863 
508 1524 
3065 3065 
3810 3810 
5841 17523 
910 2730 
4730 4730 
6502 2166 
2946 2946 
6013 18039 
3092 3092 
3652 3652 
6111 2036 
2358 785 
3401 3401 
2840 2840 
3102 3102 
6917 2305 
106 318 
5278 1758 
226 74 
1280 3840 
6335 2111 
4880 4880 
2761 8283 
1728 575 
1859 5577 
4679 4679 
6768 20304 
3698 3698 
6484 19452 
3125 3125 
3892 3892 
1352 4056 
2367 788 
5737 1911 
1510 4530 
3690 3690 
763 2289 
3875 1291 
3842 1280 
799 265 
3314 9942 
6911 2303 
5089 1695 
4147 12441 
3132 3132 
2723 2723 
4059 4059 
1656 4968 
4748 4748 
1668 5004 
1311 436 
1948 648 
4732 4732 
2681 8043 
4128 1375 
5763 17289 
4787 4787 
4305 4305 
303 100 
3269 9807 
4616 4616 
3246 3246 
3846 1281 
3998 11994 
1524 507 
4278 4278 
4802 1600 
2179 6537 
4725 4725 
4465 4465 
5900 17700 
2698 2698 
2704 2704 
650 1950 
3099 3099 
3922 3922 
3332 3332 
5772 1923 
4434 4434 
3739 3739 
3856 11568 
6265 2087 
3124 3124 
3887 11661 
2655 884 
4950 4950 
4389 13167 
4868 4868 
3330 9990 
1730 5190 
3534 10602 
7229 2409 
6189 18567 
7280 21840 
4725 1574 
7157 21471 
7193 2397 
2838 2838 
4855 14565 
3801 3801 
3636 3636 
6298 2098 
1787 595 
1942 646 
5893 17679 
4707 1568 
3523 3523 
916 304 
1268 3804 
4537 4537 
7324 21972 
3594 3594 
5802 1933 
3328 3328 
7060 2352 
3603 3603 
4127 4127 
2390 796 
3701 3701 
6232 2076 
5826 17478 
4657 4657 
2254 750 
1635 4905 
4624 1540 
2688 2688 
4998 1665 
3463 3463 
4073 4073 
5315 15945 
3868 1288 
3957 3957 
5128 1708 
3177 3177 
5877 17631 
2449 7347 
5012 15036 
1164 387 
1539 4617 
4416 13248 
3923 11769 
3954 11862 
3594 1197 
2773 2773 
5429 16287 
1661 553 
3239 3239 
5671 1889 
1859 619 
5038 15114 
2323 6969 
4713 14139 
6519 19557 
4493 4493 
4733 14199 
2919 2919 
987 2961 
3604 1200 
4133 4133 
6807 20421 
4845 4845 
1500 499 
4304 4304 
3450 3450 
4953 4953 
5368 16104 
5694 1897 
199 65 
4587 1528 
2665 2665 
5519 16557 
853 283 
4985 14955 
5057 1685 
1854 617 
1900 632 
4232 1410 
3528 3528 
2528 842 
3091 9273 
5791 17373 
1577 525 
6901 20703 
7101 2366 
4053 12159 
6239 18717 
5745 17235 
2295 764 
5110 15330 
4103 4103 
559 185 
1525 507 
3712 3712 
2659 2659 
3094 9282 
3571 3571 
248 82 
3946 1314 
2596 7788 
6429 19287 
6536 2178 
3378 3378 
3793 1263 
6961 20883 
3689 1229 
6585 2194 
4719 1572 
3583 1193 
1104 367 
4700 4700 
626 208 
5635 16905 
7051 21153 
3728 3728 
2585 2585 
2600 2600 
5188 15564 
4828 14484 
5975 1991 
2977 2977 
4127 12381 
2574 2574 
1993 5979 
3702 11106 
4156 4156 
6570 19710 
542 1626 
2889 2889 
4718 4718 
2849 2849 
4951 4951 
3172 1056 
2825 2825 
3469 3469 
6444 2147 
2691 896 
3453 3453 
2024 674 
3025 1007 
2846 2846 
264 792 
4476 4476 
5980 17940 
1217 405 
6817 2271 
2809 2809 
4753 14259 
4556 4556 
3253 9759 
4385 1461 
1820 606 
5187 15561 
346 1038 
3896 3896 
2650 2650 
1227 408 
307 921 
1532 4596 
2798 932 
5801 17403 
3754 1250 
3623 3623 
3451 3451 
2768 922 
2368 788 
3809 3809 
4802 4802 
6948 20844 
2743 2743 
1119 372 
5477 1825 
2868 2868 
6764 20292 
2715 2715 
1987 5961 
3153 3153 
5236 1744 
2131 709 
2543 2543 
5593 1863 
6594 2197 
3041 3041 
3369 3369 
4485 4485 
3941 1313 
4089 4089 
4195 4195 
3444 3444 
3997 3997 
220 72 
1559 4677 
4277 4277 
1125 374 
3658 3658 
5329 1775 
4321 4321 
6058 18174 
1822 606 
7477 22431 
7026 2341 
6429 2142 
4859 1619 
4092 4092 
537 1611 
2959 2959 
6030 18090 
6722 2240 
4677 4677 
3728 11184 
1479 4437 
4462 4462 
5496 16488 
3259 3259 
4734 4734 
271 813 
6924 20772 
1701 5103 
4509 4509 
1134 377 
4157 12471 
3225 3225 
5045 1681 
4983 14949 
4257 4257 
7366 22098 
2829 942 
4357 4357 
6118 2038 
5440 16320 
2617 871 
3620 3620 
3794 3794 
148 444 
214 642 
3080 3080 
2721 2721 
2837 8511 
5907 1968 
7353 22059 
984 2952 
4654 4654 
4328 4328 
2070 689 
5684 1894 
7136 2378 
925 2775 
5333 1777 
4621 1539 
78 25 
2989 2989 
5947 1981 
4708 4708 
6670 2222 
3779 3779 
917 305 
5182 1726 
3051 3051 
5465 1821 
2865 2865 
4336 1444 
4513 1503 
5072 1690 
4712 4712 
3529 1175 
1015 3045 
2671 2671 
2004 6012 
4078 1358 
4647 13941 
5860 17580 
4966 4966 
2402 800 
5620 16860 
5834 1944 
4023 4023 
4747 4747 
2530 2530 
2645 881 
2954 2954 
4470 13410 
2718 2718 
4865 4865 
2008 668 
1351 4053 
2958 8874 
4214 1404 
21 63 
4558 13674 
2591 7773 
5833 1943 
2173 723 
4293 4293 
2907 2907 
7304 21912 
5401 1799 
3103 3103 
4663 13989 
6574 2190 
6933 20799 
1881 626 
6274 2090 
1195 3585 
4660 1552 
2777 2777 
4842 4842 
3293 3293 
6150 18450 
4900 1632 
3112 3112 
4191 1396 
4360 4360 
2786 2786 
3822 11466 
2847 2847 
2830 2830 
3665 10995 
5113 15339 
412 1236 
983 2949 
5503 1833 
3029 3029 
4809 4809 
4596 13788 
4755 1584 
4312 4312 
3766 11298 
6775 2257 
3063 3063 
3920 3920 
6695 20085 
4648 4648 
3757 11271 
3532 3532 
4015 4015 
3289 3289 
7258 2418 
4163 1387 
5657 16971 
5975 17925 
1274 424 
2905 2905 
4503 1500 
6169 18507 
4206 4206 
5381 16143 
3331 9993 
4433 4433 
4640 4640 
1567 521 
765 254 
2519 2519 
6200 2066 
7104 2367 
3586 3586 
1381 459 
2632 2632 
3372 3372 
5564 1854 
4924 4924 
4684 1560 
4581 1526 
6726 2241 
2637 878 
829 2487 
1989 662 
4555 13665 
6220 18660 
2426 7278 
1178 3534 
2233 6699 
4654 13962 
5187 1728 
2892 2892 
5166 15498 
7132 2376 
6935 2311 
5615 16845 
914 304 
4715 14145 
3573 10719 
3990 1329 
3150 3150 
6788 20364 
1205 3615 
3911 3911 
1625 541 
4662 13986 
2047 681 
3399 1132 
6160 18480 
4039 4039 
3804 3804 
4254 4254 
2598 2598 
2289 6867 
7232 21696 
4937 1645 
3991 3991 
2691 2691 
5457 16371 
3329 3329 
562 1686 
4528 1508 
1703 5109 
5519 1839 
7257 21771 
360 119 
6504 2167 
2771 923 
3409 1135 
7436 2478 
5959 17877 
4290 4290 
1750 5250 
4753 1583 
5637 1878 
1654 4962 
7079 2359 
837 2511 
2011 669 
5774 17322 
158 52 
2235 6705 
4056 4056 
7376 2458 
609 202 
5884 17652 
4831 14493 
6766 2254 
3389 1129 
2557 2557 
4858 4858 
1700 5100 
2881 8643 
4035 4035 
2912 2912 
4795 4795 
6191 18573 
4637 4637 
3326 3326 
3291 1096 
1008 335 
3961 3961 
2646 2646 
7481 2493 
3288 9864 
3523 1173 
4520 4520 
3084 3084 
4692 4692 
1211 3633 
547 1641 
1245 414 
2733 2733 
3507 3507 
4380 13140 
3630 3630 
4008 1335 
2035 6105 
4365 1454 
351 116 
4588 4588 
4456 4456 
2349 7047 
3637 3637 
1934 644 
6127 2041 
3786 3786 
3907 1301 
4305 1434 
4997 4997 
3674 3674 
2333 777 
3188 3188 
4421 4421 
4584 1527 
280 92 
2524 2524 
7153 21459 
1315 437 
3991 11973 
5212 1736 
833 277 
4929 1642 
2952 2952 
1295 3885 
2029 675 
3149 3149 
4404 4404 
2494 7482 
2509 2509 
2663 2663 
7325 2441 
4604 4604 
5291 15873 
1470 4410 
4089 1362 
1449 4347 
4183 4183 
4113 1370 
1077 358 
1617 4851 
4076 4076 
2740 2740 
3059 3059 
981 2943 
4948 4948 
4081 4081 
2531 2531 
2940 979 
1650 4950 
2148 6444 
2503 2503 
1040 3120 
2839 2839 
4084 4084 
1143 380 
4837 1611 
2855 2855 
3937 3937 
6134 18402 
5427 16281 
5526 16578 
6331 18993 
1738 5214 
5383 16149 
6061 2019 
5973 1990 
3790 1262 
4793 14379 
4952 4952 
2571 2571 
3695 3695 
4706 1568 
4273 4273 
2700 899 
5394 1797 
7279 2425 
574 1722 
1715 5145 
1926 5778 
2680 892 
1120 3360 
7188 2395 
2057 6171 
5428 1808 
4613 1537 
2734 8202 
2525 2525 
1474 4422 
4352 4352 
3060 3060 
3308 3308 
4361 13083 
3500 3500 
1437 4311 
5807 17421 
7198 2398 
911 303 
6154 2050 
4389 1462 
3290 9870 
4557 4557 
6664 19992 
2988 2988 
4693 4693 
3269 3269 
325 107 
3693 3693 
2874 2874 
2624 874 
3082 3082 
2722 2722 
5025 15075 
3296 3296 
1314 437 
4633 4633 
465 1395 
4822 14466 
151 49 
3380 1126 
982 326 
3336 10008 
3046 3046 
4442 13326 
3508 3508 
4818 4818 
3988 11964 
5821 1939 
3715 3715 
5124 1707 
7177 21531 
6971 2323 
1440 4320 
4399 13197 
6572 2190 
2619 2619 
3241 9723 
1985 5955 
4052 12156 
6643 2213 
4412 13236 
2343 7029 
1653 550 
4247 4247 
4903 4903 
1746 5238 
7023 21069 
6206 18618 
3117 3117 
4412 4412 
3838 1278 
2670 8010 
1880 626 
4762 1586 
6224 2074 
1356 4068 
1600 4800 
4820 4820 
5245 15735 
7081 21243 
949 2847 
3257 3257 
4770 1589 
5150 1716 
1037 345 
5664 1887 
3804 1267 
2697 8091 
4269 4269 
7005 21015 
4359 4359 
7043 21129 
4105 1367 
2788 928 
3879 11637 
3315 3315 
5657 1885 
1283 3849 
3934 1310 
2921 973 
2767 8301 
4524 4524 
5433 16299 
4576 4576 
4957 4957 
6120 2039 
3047 3047 
2897 2897 
3831 1276 
2922 973 
4517 4517 
5275 1757 
4724 4724 
4320 4320 
1830 609 
2937 978 
814 2442 
4445 13335 
7311 2436 
4697 4697 
65 21 
4630 13890 
3714 1237 
1740 579 
735 2205 
4989 4989 
4401 4401 
3846 3846 
5357 1785 
2490 829 
3058 3058 
2732 910 
3365 3365 
3133 3133 
6671 20013 
7318 21954 
4175 12525 
4608 13824 
2993 8979 
840 2520 
2687 2687 
3873 3873 
2830 8490 
2646 881 
3377 10131 
2706 2706 
4548 4548 
7063 2353 
3802 3802 
3912 3912 
4179 4179 
3653 3653 
7431 2476 
4467 13401 
2815 2815 
5677 17031 
3286 3286 
3881 3881 
3432 3432 
1582 4746 
7113 2370 
2392 7176 
4530 1509 
6294 2097 
2632 876 
3147 3147 
5836 1944 
4395 4395 
5909 1969 
2757 2757 
6728 2242 
1944 5832 
3675 3675 
4262 12786 
4622 4622 
3020 3020 
526 174 
321 963 
1032 343 
3866 3866 
2887 8661 
1646 4938 
3236 3236 
2066 688 
6454 2150 
2200 732 
7199 21597 
1328 3984 
2519 7557 
3859 3859 
374 124 
4348 13044 
5238 15714 
6601 2199 
3782 11346 
6024 2007 
2783 8349 
948 2844 
4592 1530 
4960 1652 
2188 6564 
1629 542 
3976 11928 
7244 2414 
5696 17088 
2153 6459 
924 307 
4400 4400 
4121 4121 
6009 18027 
3341 3341 
3632 3632 
615 204 
3504 10512 
5067 1688 
6700 20100 
2042 680 
4735 1577 
4570 1522 
7299 21897 
5535 1844 
4955 4955 
5421 1806 
5786 1928 
6487 2161 
7051 2349 
1480 4440 
1218 3654 
3711 3711 
6520 2172 
5697 1898 
4152 4152 
5039 1679 
3876 3876 
1094 364 
2826 2826 
1286 3858 
2747 2747 
4464 4464 
1106 368 
6162 2053 
244 80 
3334 1110 
5887 1961 
19 57 
2633 2633 
5316 1771 
3763 11289 
3357 10071 
4080 1359 
6756 2251 
3393 1130 
4132 12396 
4753 4753 
5276 15828 
7486 2494 
2554 850 
2512 7536 
5966 1988 
924 2772 
2510 2510 
953 317 
23 69 
3871 11613 
279 92 
885 294 
2818 2818 
2194 730 
5392 16176 
4546 4546 
3299 1099 
3708 1235 
4527 4527 
3814 3814 
1103 367 
4796 1598 
3445 10335 
362 120 
4825 1607 
2497 831 
5995 1997 
2305 767 
6210 2069 
633 210 
5060 1686 
3400 3400 
4492 4492 
5921 17763 
5998 17994 
972 323 
6613 2203 
2607 2607 
2939 2939 
3747 1248 
6592 2196 
5815 17445 
2588 2588 
6849 20547 
4906 14718 
1533 4599 
1668 555 
4605 4605 
3977 11931 
2858 2858 
3587 3587 
907 301 
3589 3589 
527 1581 
2462 7386 
5603 1867 
2749 2749 
4971 4971 
3508 10524 
3831 3831 
2705 2705 
4608 4608 
3156 1051 
3827 3827 
1271 3813 
4410 4410 
5408 16224 
2814 2814 
1542 513 
1118 372 
2154 6462 
4310 1436 
4361 4361 
5081 15243 
2834 944 
4939 14817 
2577 858 
4340 13020 
6464 2154 
1702 5106 
4390 4390 
3052 3052 
3336 3336 
1964 5892 
3629 1209 
2714 2714 
6566 2188 
2604 2604 
6397 2131 
5369 16107 
3085 9255 
352 1056 
7260 2419 
6116 2038 
6996 20988 
3894 3894 
4111 1369 
5075 15225 
431 1293 
4185 4185 
6396 19188 
3599 3599 
2644 880 
1221 406 
3839 3839 
4478 1492 
4205 4205 
2966 988 
5716 17148 
4161 1386 
4977 4977 
2217 738 
80 240 
4234 1410 
7403 22209 
6377 19131 
4953 1650 
6477 19431 
3931 3931 
828 275 
2593 863 
5518 16554 
4297 4297 
4533 4533 
6352 2116 
536 178 
4389 4389 
1902 633 
2754 2754 
3216 1071 
3537 3537 
127 41 
4630 4630 
1198 398 
3542 10626 
5702 17106 
3748 3748 
608 1824 
4255 4255 
7482 22446 
2546 7638 
4449 4449 
6262 18786 
4506 1501 
3397 3397 
7251 2416 
2714 904 
811 2433 
3483 3483 
6043 18129 
4077 12231 
2857 2857 
4439 13317 
338 1014 
5135 15405 
2052 683 
5818 17454 
4440 4440 
1314 3942 
1222 406 
6391 2129 
6334 19002 
2627 2627 
3281 3281 
4468 4468 
1442 480 
3725 3725 
4768 4768 
3592 3592 
3342 3342 
5886 1961 
4249 4249 
4250 4250 
1491 496 
4613 4613 
6701 20103 
3641 10923 
776 2328 
5458 1818 
7094 21282 
4149 4149 
3530 1176 
1284 3852 
5566 1854 
6985 2327 
7374 2457 
3398 3398 
4665 1554 
6376 2124 
4347 13041 
5336 1778 
2610 2610 
2545 7635 
2944 2944 
3161 3161 
5102 15306 
1107 3321 
1120 372 
2259 752 
2102 700 
7441 22323 
3683 3683 
4600 13800 
4687 4687 
2561 2561 
2774 2774 
3758 3758 
1016 338 
3595 3595 
3743 1247 
822 2466 
2132 710 
3406 3406 
7462 22386 
921 2763 
4891 4891 
6154 18462 
5345 16035 
6853 20559 
4285 4285 
2938 2938 
4571 13713 
2016 671 
6735 20205 
3688 11064 
1296 431 
875 291 
5937 17811 
3141 9423 
2964 8892 
4481 4481 
7389 22167 
6768 2255 
263 87 
3572 3572 
3002 3002 
3777 3777 
3582 10746 
5481 16443 
4611 4611 
624 207 
4181 4181 
3466 3466 
482 160 
5908 1968 
6746 2248 
3131 9393 
5575 1857 
4136 1378 
2585 7755 
998 332 
3670 11010 
4212 4212 
775 2325 
4122 12366 
2615 7845 
5449 1815 
4914 4914 
3551 3551 
5081 1693 
5972 17916 
4658 4658 
3167 1055 
4406 1468 
6647 2215 
2288 762 
6328 2108 
1680 5040 
5876 1958 
2542 2542 
4368 13104 
7015 21045 
4223 4223 
3515 10545 
4508 1502 
4429 1475 
5430 1809 
1132 376 
3735 11205 
6624 2207 
2775 2775 
4917 4917 
3134 3134 
3940 11820 
5735 1911 
7395 22185 
3545 1181 
500 166 
6642 19926 
1578 4734 
3663 3663 
4182 1393 
1812 5436 
2971 2971 
3621 3621 
4815 4815 
4847 14541 
1422 473 
3888 11664 
3582 3582 
4936 4936 
4125 12375 
2854 2854 
2635 7905 
2362 7086 
2167 721 
6470 19410 
3441 3441 
1297 3891 
4044 12132 
3928 3928 
6126 2041 
3232 3232 
3223 3223 
7474 22422 
5924 1974 
4870 4870 
4828 4828 
3273 3273 
5378 1792 
2990 2990 
2860 952 
4852 4852 
6171 2056 
2470 7410 
333 110 
4740 1579 
880 2640 
4750 4750 
4612 1536 
4359 13077 
6828 20484 
932 2796 
3929 3929 
5170 15510 
4627 4627 
3905 1301 
6025 18075 
148 48 
4792 4792 
4164 12492 
6115 18345 
449 1347 
3749 3749 
3596 3596 
4209 1402 
3999 1332 
6921 20763 
6576 2191 
2836 8508 
4408 13224 
4688 4688 
6303 2100 
2744 8232 
4334 4334 
931 2793 
1112 3336 
5000 5000 
1312 3936 
6626 19878 
4003 4003 
3818 3818 
3167 9501 
5804 1934 
5682 1893 
4072 12216 
6100 2032 
3417 1138 
5552 1850 
1086 361 
2975 2975 
4018 12054 
1941 5823 
4600 4600 
5714 1904 
6684 20052 
4910 4910 
3803 3803 
5254 15762 
2629 2629 
2738 8214 
4019 4019 
4007 1335 
753 2259 
3363 3363 
2701 8103 
3039 1012 
4710 4710 
2693 2693 
6207 2068 
2824 2824 
2608 2608 
2863 953 
857 2571 
4506 4506 
3196 3196 
2485 827 
4543 4543 
6590 2196 
4725 14175 
3696 11088 
6620 19860 
3792 3792 
694 230 
2474 7422 
682 2046 
1048 348 
2353 783 
7073 21219 
3338 10014 
4848 4848 
1055 351 
2995 997 
3856 3856 
3876 1291 
4369 1455 
439 1317 
3807 1268 
4117 4117 
4346 4346 
7225 2407 
378 125 
1033 3099 
6688 20064 
6748 20244 
4895 14685 
7078 21234 
4686 4686 
4746 4746 
3337 3337 
3771 3771 
3237 3237 
5025 1674 
2384 7152 
3391 3391 
216 648 
3434 1144 
6752 20256 
597 1791 
6470 2156 
1557 4671 
2578 2578 
3975 11925 
5942 1980 
5895 1964 
7442 22326 
2138 712 
6243 2080 
634 1902 
2067 688 
7169 21507 
4102 12306 
1752 583 
472 1416 
4028 4028 
708 235 
273 819 
3399 3399 
2869 2869 
3049 3049 
4560 4560 
2161 6483 
509 169 
7153 2383 
2960 2960 
2717 2717 
5676 17028 
2205 734 
6151 2049 
539 1617 
7410 22230 
4241 4241 
4873 1623 
7117 2371 
6510 19530 
551 1653 
6240 18720 
4220 4220 
6384 19152 
4005 12015 
3841 3841 
1693 563 
4982 1660 
5879 1959 
88 28 
2807 2807 
628 208 
4569 4569 
5202 15606 
6186 2061 
3121 3121 
3351 3351 
3851 3851 
1977 5931 
2128 708 
4963 14889 
2726 2726 
4362 4362 
7063 21189 
5555 1851 
6137 2045 
6365 2121 
4018 4018 
5951 1983 
6883 2293 
3026 3026 
3151 3151 
47 141 
1218 405 
3108 9324 
5601 16803 
3321 3321 
3205 3205 
7096 2364 
2615 871 
3418 3418 
2894 2894 
3835 3835 
3023 3023 
3275 3275 
2329 775 
2355 784 
175 525 
2748 2748 
5270 1756 
981 326 
7300 21900 
2941 8823 
7484 22452 
4488 13464 
4881 1626 
5036 1678 
2550 2550 
3037 1011 
4496 4496 
6036 2011 
2534 844 
7425 22275 
7028 21084 
2976 2976 
4499 4499 
6695 2231 
1164 3492 
3751 3751 
3813 11439 
4386 4386 
6234 2077 
3464 3464 
421 1263 
4252 4252 
6149 2049 
3364 3364 
4100 1366 
6533 2177 
7197 21591 
4471 4471 
935 311 
846 281 
2936 2936 
3538 3538 
497 165 
3512 3512 
2772 8316 
6831 20493 
742 2226 
4131 4131 
3610 3610 
2873 2873 
3946 11838 
2790 2790 
2951 8853 
4209 12627 
3664 3664 
3337 1111 
1029 3087 
3016 3016 
3355 1117 
3231 3231 
7464 22392 
2225 741 
770 256 
4993 14979 
5060 15180 
1107 368 
2345 7035 
3446 1148 
2579 2579 
4680 4680 
4593 4593 
4987 14961 
2831 2831 
2783 2783 
2375 791 
4955 14865 
4845 1614 
5811 17433 
2751 916 
4372 4372 
1849 615 
6127 18381 
1961 5883 
5500 16500 
3820 11460 
835 2505 
3746 3746 
3941 3941 
6580 19740 
1797 5391 
3760 11280 
1048 3144 
1383 4149 
3064 3064 
4329 1442 
3918 3918 
189 567 
5656 1884 
2441 813 
2326 6978 
4220 1406 
5766 17298 
3903 11709 
1225 407 
1052 3156 
3877 3877 
2581 859 
424 1272 
6254 18762 
2649 2649 
6423 19269 
3101 3101 
165 495 
3066 9198 
4265 4265 
2998 2998 
4681 4681 
1601 533 
4370 4370 
2516 7548 
3655 3655 
5801 1933 
4358 4358 
3553 3553 
3193 3193 
3473 3473 
3197 3197 
3739 11217 
5890 1962 
704 234 
2891 2891 
7206 2401 
978 325 
3512 1170 
203 609 
1306 3918 
2811 8433 
1921 5763 
882 2646 
4651 4651 
4758 4758 
1373 4119 
5479 16437 
2753 2753 
3301 3301 
2699 2699 
2532 7596 
6931 20793 
1458 485 
255 765 
2684 8052 
2895 2895 
4763 1587 
874 2622 
2980 992 
3031 3031 
1665 554 
6826 2274 
3652 1216 
4256 1418 
4267 12801 
3362 3362 
5235 15705 
4575 4575 
4231 12693 
4305 12915 
2947 2947 
2508 2508 
2972 2972 
3860 3860 
3934 11802 
3373 1123 
3160 3160 
7003 2333 
3767 3767 
2795 2795 
33 99 
2186 728 
3520 3520 
4904 4904 
5545 16635 
4569 1522 
2162 6486 
7042 21126 
445 1335 
5885 1961 
2300 6900 
2397 7191 
3375 10125 
496 1488 
6492 2163 
3430 3430 
3755 1251 
4785 4785 
4751 14253 
3477 3477 
4200 4200 
6020 18060 
6520 19560 
3581 3581 
4709 14127 
3782 1260 
2666 888 
2594 864 
4537 13611 
735 244 
7107 2368 
2505 7515 
4232 4232 
252 83 
3158 9474 
493 163 
933 310 
3114 9342 
4138 4138 
4325 4325 
867 2601 
2558 2558 
3267 3267 
3708 3708 
6855 2284 
6605 19815 
3011 3011 
3507 1168 
136 44 
4052 1350 
5035 15105 
6474 19422 
3076 3076 
6412 19236 
1342 446 
2881 2881 
7298 21894 
4335 13005 
3838 3838 
6148 2048 
5933 1977 
2335 7005 
2710 2710 
6271 18813 
1545 4635 
3302 3302 
3224 9672 
3543 1180 
4170 1389 
144 47 
5419 16257 
1489 4467 
3910 11730 
2298 765 
7488 22464 
2827 2827 
3393 3393 
3183 3183 
4136 4136 
4908 4908 
4639 1545 
2650 7950 
3254 3254 
4077 4077 
2565 2565 
3324 1107 
1922 640 
419 1257 
3517 1171 
5298 15894 
6736 20208 
3184 3184 
3080 9240 
5704 1900 
4380 1459 
4490 4490 
4411 4411 
3093 3093 
4561 4561 
4291 4291 
2746 8238 
4238 4238 
1594 4782 
4788 1595 
2665 887 
2822 2822 
4783 1593 
4614 1537 
2879 8637 
4554 1517 
566 188 
5053 15159 
1716 571 
6295 2097 
2012 6036 
4281 4281 
6456 19368 
7393 22179 
1316 438 
1879 625 
1948 5844 
7274 21822 
2943 2943 
4886 4886 
7277 2425 
3564 3564 
4337 4337 
130 42 
3426 3426 
5546 1848 
6769 2255 
800 266 
3628 1208 
1678 5034 
3867 1288 
6554 2184 
2535 7605 
3635 10905 
7067 2355 
1174 3522 
1233 3699 
5054 1684 
7256 2418 
3494 1164 
3568 1188 
3699 3699 
3826 3826 
3491 1163 
3053 3053 
4869 4869 
3229 1075 
2541 846 
5411 1803 
97 291 
2355 7065 
4414 13242 
3857 3857 
1064 354 
3115 1037 
865 2595 
239 79 
2371 7113 
4340 4340 
5062 15186 
3686 3686 
3119 3119 
6776 20328 
3706 1234 
4110 12330 
4282 4282 
6882 20646 
5572 1856 
4623 1540 
6932 20796 
1397 4191 
2122 706 
4256 4256 
4944 4944 
3248 9744 
2914 2914 
3409 10227 
5450 16350 
3977 3977 
4303 4303 
5729 1909 
4707 4707 
4435 4435 
22 6 
2911 2911 
2782 2782 
4628 4628 
2381 7143 
2852 950 
3766 3766 
2713 8139 
1711 5133 
2757 918 
5473 16419 
4056 1351 
7459 2485 
2554 7662 
444 1332 
2770 2770 
749 249 
5337 16011 
3778 11334 
1343 447 
2784 927 
4622 13866 
4685 4685 
880 292 
1366 4098 
2357 785 
4226 12678 
6699 2232 
3127 3127 
4154 12462 
4679 1559 
4113 4113 
5158 15474 
3400 10200 
6743 2247 
6609 19827 
3858 1285 
2552 2552 
455 1365 
2873 957 
3901 3901 
7466 2488 
5713 17139 
1835 611 
3033 1010 
5162 15486 
6218 18654 
5509 16527 
182 60 
4041 1346 
4566 13698 
4137 4137 
1357 4071 
2923 2923 
3732 3732 
3916 3916 
6111 18333 
379 125 
2038 678 
4014 4014 
640 1920 
966 321 
3344 3344 
2134 710 
3110 3110 
4762 4762 
4873 4873 
599 1797 
4594 4594 
3843 11529 
3475 10425 
4422 1473 
2845 2845 
3570 1189 
1761 5283 
1421 4263 
5455 16365 
5576 1858 
2027 6081 
3587 1195 
1368 4104 
4694 1564 
1374 4122 
3211 3211 
2221 739 
1915 5745 
4272 4272 
650 216 
2986 2986 
3654 1217 
4857 14571 
3511 3511 
3113 3113 
5323 15969 
5711 1903 
2097 698 
3174 3174 
6142 2046 
3731 3731 
5453 1817 
2674 2674 
1324 440 
680 2040 
1662 553 
4884 1627 
1855 5565 
1867 621 
6403 19209 
3200 3200 
4577 4577 
2778 925 
5866 17598 
3455 3455 
4092 12276 
4567 1521 
1124 3372 
3010 3010 
1853 617 
3104 3104 
6064 18192 
3009 1002 
5632 1876 
5207 1735 
2754 917 
6443 2147 
3355 3355 
4327 4327 
4031 4031 
4174 12522 
4553 1517 
899 299 
2621 2621 
1427 475 
196 64 
3875 3875 
4603 4603 
3215 3215 
2987 2987 
6592 19776 
6071 18213 
1712 570 
6332 18996 
623 1869 
1081 359 
540 1620 
3325 3325 
6846 2281 
6534 2177 
4959 1652 
4143 4143 
4913 14739 
4242 1413 
899 2697 
2922 2922 
93 30 
4245 4245 
123 40 
5000 15000 
6940 20820 
2416 7248 
3529 3529 
1521 506 
713 2139 
3765 3765 
1292 3876 
1129 375 
6992 2330 
6966 2321 
3968 1322 
6241 2079 
4916 4916 
4418 13254 
354 117 
4803 1600 
4915 4915 
1098 3294 
3824 11472 
5701 1899 
4913 4913 
3272 1090 
3192 3192 
1063 353 
7468 2488 
3006 3006 
3563 3563 
3315 1104 
2463 820 
286 858 
3032 3032 
2521 839 
6608 19824 
243 80 
6618 2205 
519 172 
2732 8196 
3153 1050 
3014 3014 
2772 2772 
3721 3721 
1738 578 
3642 10926 
2155 717 
1011 336 
531 1593 
4963 4963 
1991 663 
4207 4207 
4025 4025 
2595 2595 
3324 3324 
4419 1472 
1926 641 
3591 3591 
2981 2981 
4993 4993 
5889 1962 
6363 2120 
2962 2962 
2992 2992 
4339 4339 
2427 808 
7434 22302 
3601 10803 
1591 4773 
3484 1160 
2620 2620 
3179 3179 
6960 20880 
1743 580 
6612 2203 
357 1071 
4106 4106 
2966 2966 
3750 1249 
2341 779 
3123 1040 
3749 11247 
4214 4214 
4826 4826 
2310 6930 
5513 16539 
5317 15951 
1019 339 
711 2133 
2604 867 
7126 2374 
2920 2920 
6466 2154 
3481 10443 
3801 11403 
5916 17748 
688 2064 
4660 4660 
4040 1346 
3162 9486 
3732 1243 
3358 3358 
6679 2225 
6690 2229 
3173 9519 
4196 4196 
970 322 
3360 3360 
1920 639 
4748 1582 
1493 497 
6874 20622 
5483 1827 
1498 4494 
3933 3933 
2908 8724 
556 1668 
3754 3754 
2928 2928 
4243 4243 
311 103 
3167 3167 
3609 3609 
4847 4847 
4627 1541 
1846 5538 
536 1608 
4850 4850 
3182 3182 
1208 3624 
1753 5259 
3927 11781 
2995 2995 
3199 3199 
2948 2948 
7011 2336 
1353 450 
4757 14271 
6577 19731 
6422 19266 
7168 2388 
6868 2288 
6804 2267 
2451 7353 
1894 5682 
4264 4264 
5691 1896 
4161 4161 
4143 1380 
2327 6981 
6993 2330 
4721 4721 
3505 3505 
485 161 
4137 1378 
3626 3626 
4747 14241 
4073 12219 
2642 2642 
3969 1322 
3864 1287 
3567 1188 
40 120 
6314 18942 
2618 2618 
3717 3717 
4999 14997 
733 243 
796 264 
1794 597 
6218 2072 
4395 13185 
958 318 
3972 3972 
4364 4364 
7274 2424 
4858 1618 
2955 984 
3244 3244 
2861 2861 
4678 4678 
2944 8832 
3431 3431 
2882 2882 
4928 4928 
6238 2078 
3449 3449 
2549 849 
757 251 
6609 2202 
4752 4752 
7119 21357 
5229 1742 
1154 3462 
120 39 
3744 3744 
4388 4388 
4292 4292 
7171 21513 
3289 1095 
512 170 
1135 3405 
764 2292 
3819 3819 
506 1518 
890 2670 
4821 4821 
3247 3247 
1630 4890 
7110 21330 
3869 3869 
2321 6963 
6546 19638 
7169 2389 
3640 3640 
524 174 
6582 19746 
5880 17640 
2535 2535 
4105 4105 
4541 13623 
3288 3288 
5804 17412 
5557 1851 
3858 3858 
4044 4044 
6730 2242 
5675 17025 
449 149 
2758 8274 
5715 17145 
3521 3521 
6243 18729 
5994 1997 
977 2931 
2476 824 
4155 4155 
4527 1508 
4045 4045 
3135 1044 
1909 635 
3248 1082 
3294 3294 
271 89 
4295 4295 
4682 4682 
6823 20469 
4179 1392 
4382 4382 
4502 4502 
7430 2476 
522 1566 
4289 4289 
4899 4899 
3056 1018 
2307 6921 
5794 17382 
3190 9570 
3383 3383 
3525 3525 
2324 774 
6226 2074 
5121 1706 
4669 4669 
2909 8727 
3016 1004 
6291 18873 
4489 4489 
726 2178 
4034 4034 
3097 1031 
6293 18879 
4458 4458 
3848 3848 
5720 17160 
2779 2779 
2523 2523 
4103 12309 
7289 21867 
4180 4180 
4824 1607 
5974 17922 
4075 4075 
3361 3361 
4773 4773 
5230 15690 
1612 4836 
3159 1052 
4351 13053 
5050 15150 
6726 20178 
3476 3476 
3830 3830 
3086 3086 
6859 20577 
6604 2200 
3352 3352 
2346 781 
4636 4636 
527 175 
4902 4902 
6165 18495 
2679 2679 
2318 6954 
4807 4807 
4064 4064 
980 2940 
2990 8970 
3499 10497 
2802 8406 
3392 1130 
2517 2517 
2140 712 
2625 874 
1219 405 
541 179 
4308 4308 
2562 2562 
6567 19701 
3940 3940 
6505 2167 
3622 3622 
779 2337 
4927 4927 
1652 4956 
4442 4442 
3713 3713 
4314 4314 
341 113 
2014 670 
1219 3657 
4122 4122 
3682 3682 
2609 2609 
2121 706 
3319 3319 
5011 1669 
72 23 
1022 340 
975 324 
2556 2556 
2025 6075 
4738 1578 
3485 3485 
4862 4862 
4230 4230 
2640 879 
3934 3934 
4158 4158 
3297 1098 
5775 17325 
2752 8256 
3964 3964 
7495 22485 
3509 10527 
3643 1213 
6991 2329 
3003 3003 
3013 9039 
5732 17196 
4767 4767 
3207 3207 
2913 2913 
5147 1715 
3100 3100 
5250 15750 
7008 21024 
3990 3990 
453 150 
4789 1595 
6332 2110 
3899 3899 
6861 2286 
4786 4786 
3692 3692 
4566 4566 
3425 10275 
4620 4620 
3448 1148 
2933 8799 
2898 2898 
3727 3727 
1536 511 
4573 4573 
2910 2910 
3263 3263 
2589 2589 
3518 1172 
426 1278 
4275 4275 
4861 4861 
2883 8649 
3579 3579 
4472 13416 
3322 9966 
1446 4338 
1152 3456 
6404 19212 
6283 2093 
3673 3673 
4626 4626 
2713 2713 
3103 1033 
1301 3903 
6886 20658 
4898 14694 
2157 6471 
2996 2996 
2568 7704 
1137 3411 
4260 1419 
3697 1231 
4864 1620 
3218 1072 
4671 14013 
3136 3136 
1976 658 
7223 21669 
3908 3908 
6109 18327 
5747 17241 
3541 3541 
2907 968 
4063 4063 
48 15 
3310 1102 
1186 394 
7296 21888 
5416 16248 
2560 852 
3019 3019 
4988 4988 
5901 1966 
6367 19101 
3830 11490 
4241 1413 
4701 4701 
1114 370 
6082 18246 
5279 15837 
7196 21588 
204 612 
6236 18708 
6819 20457 
5087 15261 
1176 391 
4944 1647 
3364 10092 
4199 12597 
6163 18489 
4381 4381 
6356 19068 
2160 719 
3932 1310 
3000 999 
4699 4699 
5562 1853 
4383 4383 
3298 3298 
5774 1924 
4719 4719 
4017 4017 
2884 2884 
3218 3218 
3536 3536 
5912 17736 
1691 5073 
2539 845 
6741 20223 
3034 3034 
793 263 
111 333 
2555 2555 
7382 22146 
5921 1973 
6924 2307 
3501 3501 
4787 1595 
3556 3556 
3534 3534 
5628 16884 
4436 13308 
5595 1864 
5793 1930 
4396 4396 
4276 1424 
3620 1206 
3260 3260 
7148 2382 
5200 1732 
4635 13905 
5800 17400 
5518 1838 
4650 4650 
1189 395 
5634 16902 
1783 593 
2505 2505 
7354 22062 
3894 11682 
4991 4991 
3275 1091 
6622 19866 
4825 14475 
5294 1764 
6602 19806 
2818 8454 
2904 2904 
43 13 
3768 11304 
4016 4016 
126 378 
1302 433 
5585 1861 
3300 3300 
4549 4549 
4301 4301 
5201 15603 
1442 4326 
4874 4874 
4387 4387 
2916 2916 
4557 13671 
4463 13389 
5467 1821 
2984 994 
6546 2181 
4408 4408 
3944 3944 
969 2907 
2462 820 
3704 3704 
4832 4832 
6599 2199 
4419 4419 
2380 7140 
169 507 
6385 2127 
3953 1317 
6319 18957 
6801 20403 
585 1755 
4917 14751 
4434 13302 
5955 17865 
5672 17016 
7403 2467 
2042 6126 
1544 514 
3734 3734 
6212 18636 
1093 3279 
3900 3900 
6922 2306 
7175 2391 
1631 4893 
6485 19455 
7495 2497 
3051 9153 
6072 2023 
4814 14442 
3434 3434 
7056 21168 
641 213 
5872 1956 
3852 3852 
4266 4266 
4676 14028 
2829 2829 
2630 2630 
5085 1694 
2785 2785 
5904 17712 
5945 17835 
1629 4887 
4871 4871 
2769 2769 
4451 4451 
2512 2512 
2224 740 
4686 14058 
4401 1466 
7035 2344 
4109 4109 
7329 21987 
3406 1134 
3013 3013 
5197 15591 
4835 4835 
2902 966 
5851 17553 
3174 9522 
766 254 
454 1362 
4057 4057 
3285 3285 
1223 407 
4120 4120 
2925 974 
6719 2239 
2018 672 
4965 4965 
223 669 
361 1083 
2883 2883 
2448 815 
5167 15501 
3139 3139 
4428 4428 
5387 1795 
6895 2297 
3030 3030 
3480 1159 
6286 2094 
1585 4755 
4940 4940 
4777 14331 
6889 2295 
2611 7833 
5096 1698 
4695 1564 
4604 13812 
284 94 
2995 8985 
2593 2593 
1287 428 
6318 18954 
5052 15156 
224 74 
4363 4363 
2745 2745 
7467 22401 
3095 3095 
2924 974 
28 84 
1365 4095 
2694 2694 
554 1662 
2985 2985 
1200 3600 
3557 3557 
658 218 
5547 1848 
4311 4311 
4202 4202 
7357 2451 
1184 394 
5024 15072 
7338 2445 
6565 2187 
4454 4454 
1782 593 
3382 10146 
2400 7200 
122 366 
3429 3429 
1070 356 
372 123 
3953 3953 
2945 2945 
5778 17334 
3510 10530 
1647 548 
6049 2015 
2511 2511 
2187 728 
1644 547 
4856 4856 
1795 597 
7315 21945 
6943 2313 
3718 3718 
2606 2606 
4037 12111 
3735 1244 
4082 4082 
6197 2065 
6270 2089 
488 162 
5766 1921 
3279 9837 
4315 4315 
3730 11190 
2108 6324 
701 233 
1987 661 
4798 4798 
130 390 
979 2937 
3799 1265 
2803 8409 
2605 2605 
7320 2439 
5797 1931 
1556 4668 
2734 2734 
1168 3504 
4745 4745 
6324 2107 
3947 3947 
3677 3677 
974 2922 
7016 21048 
6598 19794 
4592 4592 
2274 757 
5015 1671 
4954 14862 
3902 3902 
6709 2235 
3644 3644 
1441 4323 
1540 512 
2893 2893 
5963 1987 
92 276 
2261 753 
3942 3942 
5768 1922 
2271 756 
3071 3071 
3895 11685 
4673 4673 
2291 763 
4881 4881 
3339 10017 
4239 4239 
3258 3258 
4142 4142 
6348 19044 
4288 12864 
4016 12048 
7390 22170 
4066 4066 
3389 10167 
1758 5274 
2515 2515 
2936 8808 
4611 1536 
2401 7203 
5311 15933 
3633 3633 
5470 1822 
2331 6993 
7290 2429 
616 204 
2354 784 
4589 4589 
2880 2880 
4052 4052 
5352 16056 
2599 2599 
4186 1394 
500 1500 
2780 8340 
2447 7341 
5611 16833 
7233 2410 
4284 1427 
2373 790 
2777 8331 
532 176 
1633 4899 
4866 4866 
5299 1765 
5717 1905 
2416 804 
4290 12870 
2862 2862 
3005 1001 
275 91 
6526 2174 
2759 2759 
2824 940 
2737 2737 
4665 4665 
2708 2708 
3250 3250 
4956 4956 
4112 4112 
5 15 
2848 948 
2517 838 
4726 4726 
2133 6399 
4228 4228 
3794 1264 
872 2616 
3824 3824 
3649 3649 
4307 4307 
3829 3829 
2038 6114 
3793 3793 
5968 1988 
4469 4469 
3836 3836 
6070 2022 
3438 3438 
3578 3578 
6811 20433 
3217 3217 
375 1125 
4899 1632 
1132 3396 
1366 454 
6050 18150 
4040 12120 
4013 4013 
6035 2011 
3109 3109 
6754 2250 
5417 1805 
4322 4322 
3722 1240 
4107 12321 
131 393 
725 2175 
1529 509 
6170 18510 
7187 21561 
4822 4822 
4839 4839 
3750 3750 
5859 1952 
3198 9594 
4656 4656 
3779 11337 
3597 3597 
3415 3415 
2508 835 
4198 4198 
4163 4163 
3433 1143 
5392 1796 
2596 2596 
2931 2931 
4659 4659 
4014 1337 
3973 3973 
4587 4587 
3671 3671 
4463 4463 
1890 5670 
7237 21711 
3808 3808 
5210 15630 
1475 491 
3411 3411 
246 81 
1740 5220 
2516 2516 
5941 17823 
6650 19950 
3669 3669 
6259 2085 
5924 17772 
6749 2249 
4689 1562 
2652 883 
7105 21315 
3891 11673 
5564 16692 
1920 5760 
3015 3015 
1666 554 
4969 4969 
4446 1481 
2073 690 
1179 392 
3710 3710 
4244 4244 
300 99 
3911 11733 
4882 4882 
3577 10731 
4635 1544 
6279 2092 
4906 4906 
2616 2616 
2624 2624 
4317 4317 
6033 18099 
6252 2083 
1002 3006 
3227 3227 
1031 343 
1350 449 
1731 5193 
2925 8775 
3250 1082 
2812 2812 
7473 22419 
969 322 
3518 10554 
2522 2522 
4514 4514 
6638 19914 
4922 14766 
1667 555 
3136 1044 
812 2436 
3334 3334 
7422 22266 
5925 17775 
1322 440 
4952 1650 
1888 5664 
3086 1028 
1508 502 
3870 1289 
2864 2864 
922 306 
4553 13659 
6250 2082 
5066 1688 
1391 463 
2879 959 
2751 8253 
4715 4715 
6493 19479 
4270 4270 
731 2193 
6773 2257 
1283 427 
6608 2202 
4087 4087 
3568 3568 
3660 3660 
4832 1610 
1855 617 
2839 945 
1767 588 
4790 1596 
4586 4586 
3706 3706 
757 2271 
320 960 
4336 4336 
5240 15720 
407 135 
3388 3388 
3530 3530 
2738 2738 
4391 4391 
1005 334 
4043 1347 
4048 1348 
3915 3915 
3302 9906 
3000 3000 
663 1989 
4840 1612 
4149 1382 
4373 4373 
2924 2924 
4967 14901 
6226 18678 
6417 2138 
4783 14349 
5005 1667 
5044 15132 
3454 3454 
1614 4842 
3322 3322 
5014 1670 
4885 4885 
69 207 
7014 21042 
3365 10095 
4302 1433 
2670 2670 
3008 9024 
4810 4810 
944 2832 
4185 12555 
2531 843 
4681 1559 
4624 13872 
3222 9666 
69 22 
2111 703 
6342 2113 
3762 3762 
4706 4706 
3806 3806 
4542 4542 
3570 3570 
3528 1175 
4365 4365 
3163 3163 
4346 1448 
3096 1031 
4215 4215 
7146 21438 
1336 4008 
4222 4222 
4116 4116 
25 7 
6866 2288 
6341 2113 
6772 20316 
3313 1103 
7248 2415 
2664 887 
7342 2446 
3363 1120 
4632 1543 
2798 2798 
2607 7821 
1085 361 
3422 3422 
5196 15588 
4944 14832 
3906 3906 
3157 9471 
2991 2991 
1185 394 
4093 1363 
2806 2806 
4646 13938 
7104 21312 
6323 2107 
4046 4046 
4450 13350 
1527 508 
2702 8106 
1102 366 
5662 1886 
144 432 
4731 4731 
3097 3097 
605 1815 
3560 3560 
2610 7830 
2293 6879 
3146 1048 
276 828 
3347 3347 
4794 4794 
3131 3131 
3386 10158 
3250 9750 
3452 3452 
6937 2311 
2917 2917 
7471 22413 
2799 932 
3654 3654 
2551 7653 
2001 666 
3686 11058 
3759 3759 
7150 2382 
4069 4069 
2776 8328 
3761 3761 
7114 2370 
4516 1504 
483 1449 
6723 20169 
2059 6177 
6963 2320 
1705 567 
392 1176 
4661 1553 
1461 486 
3931 11793 
3317 3317 
4743 14229 
1695 564 
3163 9489 
4447 4447 
4054 4054 
7429 22287 
3373 3373 
1367 4101 
4085 4085 
791 263 
4621 4621 
2245 747 
398 1194 
4454 1484 
4845 14535 
2918 2918 
3294 1097 
3986 11958 
2423 7269 
833 2499 
4947 4947 
3374 3374 
3503 3503 
4738 14214 
4116 1371 
2202 733 
319 957 
7136 21408 
3486 3486 
4051 1349 
6770 20310 
545 1635 
2652 2652 
4418 4418 
2628 875 
6410 19230 
3268 3268 
4537 1511 
313 939 
2906 8718 
2602 2602 
4565 4565 
1471 4413 
3471 10413 
1596 531 
2770 922 
2926 8778 
2885 2885 
4420 4420 
3036 1011 
2587 2587 
4793 4793 
5949 1982 
2473 7419 
5522 1840 
5023 1673 
3736 3736 
4090 1362 
3242 3242 
3800 3800 
4329 12987 
5242 15726 
3868 3868 
4777 4777 
5517 16551 
6379 2125 
503 167 
4585 13755 
5413 1803 
4392 1463 
2530 7590 
5984 1994 
7202 2400 
4379 4379 
2506 834 
5320 15960 
2617 2617 
4399 4399 
3870 3870 
4245 12735 
1588 528 
2666 7998 
533 177 
4722 4722 
666 221 
348 1044 
6893 20679 
6838 20514 
6535 19605 
4864 4864 
2479 825 
2874 957 
3229 3229 
956 318 
6783 2260 
1361 4083 
2263 753 
67 201 
4316 4316 
6275 18825 
3535 3535 
2661 2661 
1763 587 
5358 16074 
2367 7101 
6432 2143 
638 1914 
2570 7710 
5984 17952 
6973 20919 
2658 2658 
2034 6102 
4027 12081 
4615 1537 
4355 4355 
635 211 
1042 346 
3222 3222 
4243 1413 
373 1119 
1586 528 
2541 7623 
2625 2625 
3668 3668 
6158 2052 
1551 516 
4980 4980 
1360 452 
4016 1338 
254 762 
5086 1694 
3917 3917 
3370 3370 
2347 781 
5101 1699 
4991 14973 
3877 11631 
6415 2137 
759 252 
1409 4227 
6492 19476 
7170 21510 
3533 1177 
3614 3614 
374 1122 
4157 4157 
4225 4225 
551 183 
6265 18795 
2828 2828 
5787 1928 
3070 3070 
1775 5325 
6001 1999 
3176 3176 
1109 369 
3989 3989 
3447 3447 
7115 21345 
4111 12333 
1412 4236 
160 480 
5358 1785 
4717 4717 
2762 2762 
4341 4341 
4464 1487 
4714 4714 
3126 3126 
5115 1704 
4872 4872 
3709 3709 
5332 1776 
4713 4713 
1999 5997 
6305 18915 
2929 2929 
5641 16923 
3128 9384 
3967 3967 
3821 3821 
4875 4875 
6876 2291 
2664 2664 
5331 1776 
1846 614 
3312 3312 
754 2262 
6558 2185 
2934 2934 
7465 2487 
2735 8205 
399 132 
3173 3173 
2202 6606 
3463 1153 
3460 3460 
4813 14439 
4716 14148 
4844 4844 
4638 4638 
3018 3018 
3378 10134 
2196 6588 
3142 1046 
3081 3081 
3432 10296 
278 834 
2395 7185 
2603 2603 
2527 2527 
6436 2144 
6350 2116 
2761 2761 
2859 2859 
3887 1295 
4655 1551 
4720 4720 
6971 20913 
4276 4276 
2916 8748 
3888 3888 
4332 4332 
3691 3691 
22 66 
4614 13842 
1205 401 
5941 1979 
3392 10176 
5143 1713 
7106 2368 
4520 1506 
4754 4754 
3251 3251 
4233 4233 
345 1035 
4717 14151 
5968 17904 
242 80 
3684 11052 
2802 2802 
1239 412 
4908 14724 
4722 14166 
7226 21678 
442 146 
3265 3265 
3074 3074 
4553 4553 
2673 2673 
5556 16668 
3359 3359 
1632 4896 
3055 1017 
2514 2514 
7432 22296 
2544 2544 
4801 4801 
2087 695 
2420 806 
6312 2103 
3413 1137 
1623 540 
3149 9447 
2040 679 
5925 1974 
4609 4609 
3327 3327 
5389 1795 
4813 4813 
3884 11652 
5731 17193 
4672 14016 
5669 17007 
38 12 
3245 9735 
1525 4575 
3203 3203 
4630 1542 
5797 17391 
3459 3459 
2020 672 
6954 2317 
7362 2453 
2602 866 
3291 3291 
6426 19278 
4335 4335 
3404 3404 
491 1473 
3496 3496 
1265 421 
3354 10062 
1184 3552 
3842 3842 
4274 4274 
1068 355 
1203 3609 
3694 1230 
2958 2958 
2216 6648 
3656 3656 
4234 4234 
2832 2832 
3919 3919 
2257 751 
2961 2961 
4291 12873 
2605 867 
3204 1067 
3346 3346 
3668 1222 
3473 10419 
5354 1784 
6906 2301 
4683 4683 
1460 4380 
5384 16152 
1664 4992 
4716 4716 
2521 2521 
6906 20718 
6791 2263 
873 2619 
4978 1658 
4513 4513 
2716 2716 
1590 4770 
3236 1078 
7164 21492 
3639 3639 
4737 4737 
4954 4954 
3150 9450 
6739 2245 
1666 4998 
1894 630 
6266 18798 
1898 632 
6280 2092 
1974 657 
3895 3895 
4338 4338 
3098 9294 
975 2925 
4744 1580 
803 2409 
5323 1773 
5281 15843 
2563 2563 
147 441 
3448 10344 
2725 2725 
3130 3130 
3480 3480 
4279 12837 
3230 3230 
4767 1588 
1180 392 
4560 13680 
3699 1232 
7123 21369 
7214 2404 
7235 21705 
5192 15576 
6256 2084 
4521 4521 
2800 2800 
1753 583 
3121 1039 
2166 6498 
6090 18270 
1901 5703 
5448 1815 
4476 13428 
4097 4097 
3352 10056 
1934 5802 
4361 1453 
2480 7440 
3564 10692 
495 164 
4159 1385 
3420 1139 
2767 921 
3937 11811 
605 201 
2573 2573 
2819 2819 
4549 1515 
7323 21969 
1636 4908 
6890 20670 
7156 21468 
4457 4457 
6994 2330 
4612 4612 
3391 1129 
4287 4287 
4369 4369 
3657 3657 
3057 3057 
3437 1145 
2022 673 
6405 19215 
4173 4173 
2487 828 
3035 3035 
4661 4661 
2408 7224 
2243 6729 
4995 4995 
3455 1151 
3822 1273 
6784 20352 
737 245 
1334 444 
3621 10863 
4347 4347 
5451 16353 
1266 421 
4283 4283 
4259 4259 
1992 663 
5713 1903 
1831 609 
2891 8673 
5465 16395 
4408 1468 
798 265 
4641 4641 
4146 12438 
5155 1717 
3280 3280 
494 164 
7368 22104 
4144 4144 
5991 1996 
2799 2799 
5887 17661 
4711 1569 
970 2910 
4613 13839 
3651 10953 
906 2718 
6378 19134 
828 2484 
3472 3472 
4587 13761 
4668 4668 
6568 19704 
4521 13563 
1209 3627 
4093 4093 
6555 19665 
4578 1525 
2872 2872 
4311 12933 
4689 4689 
4261 4261 
4455 4455 
3573 1190 
3546 3546 
4444 4444 
6301 18903 
610 202 
51 153 
3074 1024 
1960 652 
4516 4516 
5224 1740 
4851 4851 
6371 19113 
2544 7632 
5048 1682 
4313 12939 
1458 4374 
120 360 
5912 1970 
3974 3974 
443 1329 
4226 4226 
4616 1538 
6168 2055 
1305 434 
3310 9930 
1069 3207 
915 304 
3601 3601 
5466 1821 
3247 1081 
4685 14055 
7110 2369 
1915 637 
2811 2811 
4768 14304 
3096 3096 
3807 3807 
379 1137 
3446 10338 
137 411 
7102 21306 
3423 1140 
1865 5595 
2729 8187 
607 201 
6084 18252 
3435 1144 
5514 16542 
3068 1022 
106 34 
4688 14064 
5061 1686 
2489 829 
989 2967 
5683 1893 
2913 970 
6401 2133 
6576 19728 
6977 20931 
1817 605 
4175 4175 
3768 3768 
3482 3482 
3251 9753 
3089 3089 
730 2190 
4492 13476 
5679 17037 
4002 4002 
4448 4448 
6759 20277 
3423 10269 
2063 6189 
4199 4199 
3188 9564 
241 79 
1364 4092 
5475 1824 
1263 3789 
6719 20157 
3445 3445 
4797 14391 
2345 781 
3705 3705 
7113 21339 
4988 14964 
6836 2278 
6270 18810 
1145 381 
4926 4926 
3007 3007 
5224 15672 
937 2811 
4409 4409 
596 198 
4353 1450 
2767 2767 
3687 3687 
4922 4922 
2312 770 
2965 2965 
5927 1975 
2810 2810 
4572 4572 
5597 1865 
2812 936 
4795 1597 
2058 685 
4946 4946 
396 131 
4466 1488 
502 1506 
643 213 
1350 4050 
7488 2495 
4385 4385 
3208 3208 
5410 16230 
5219 1739 
6139 2045 
5699 1899 
3544 3544 
3939 1312 
6434 19302 
229 687 
5026 1674 
719 239 
5709 1902 
5831 17493 
4583 13749 
5360 1786 
6245 2081 
5231 1743 
3612 3612 
114 342 
1789 595 
4382 13146 
3386 3386 
3880 3880 
237 711 
7175 21525 
1191 396 
2594 2594 
6656 19968 
6007 18021 
3817 1271 
4083 4083 
3487 3487 
4567 4567 
5110 1702 
5037 1678 
6747 2248 
4759 4759 
912 2736 
3376 10128 
6060 18180 
5960 1986 
2836 2836 
3738 1245 
7017 2338 
4098 4098 
3223 1073 
4909 1635 
4967 4967 
2853 2853 
4959 4959 
3832 3832 
5671 17013 
3598 3598 
432 1296 
3246 1081 
1801 5403 
420 1260 
4534 4534 
3923 3923 
4887 4887 
2569 855 
7413 22239 
6776 2258 
3307 9921 
762 253 
1505 4515 
4711 4711 
1748 5244 
5972 1990 
4691 14073 
3087 3087 
2266 754 
3774 1257 
5562 16686 
3661 3661 
6026 2008 
2580 2580 
6596 2198 
6552 2183 
1356 451 
4646 4646 
4618 4618 
3168 3168 
4333 12999 
4387 13161 
4204 1400 
5118 1705 
1836 5508 
1951 649 
3408 3408 
6158 18474 
3462 3462 
5919 17757 
1532 510 
4315 1437 
2560 2560 
4875 1624 
6513 19539 
6155 18465 
4497 13491 
490 162 
2893 8679 
3907 3907 
3226 3226 
4169 1389 
4392 4392 
3949 1315 
2100 6300 
4481 1493 
6357 19071 
4306 4306 
3742 3742 
7243 21729 
5212 15636 
2645 2645 
6044 2014 
263 789 
5126 15378 
1095 3285 
3718 1238 
2820 2820 
1901 633 
3213 3213 
3908 1302 
3652 10956 
4783 4783 
2197 6591 
7132 21396 
4628 1542 
2082 693 
830 276 
2498 7494 
6458 19374 
6003 18009 
4397 13191 
3376 3376 
3540 3540 
164 54 
4242 4242 
1638 545 
2953 2953 
6648 2215 
3063 1020 
2872 956 
3676 3676 
3036 3036 
4829 4829 
1081 3243 
235 705 
4354 4354 
3024 1007 
4919 14757 
3474 3474 
1084 360 
5612 16836 
3421 3421 
1590 529 
2832 943 
2813 2813 
1670 5010 
3347 1115 
4114 4114 
6072 18216 
2823 8469 
6024 18072 
2871 2871 
2226 741 
5426 1808 
7450 22350 
3115 3115 
3573 3573 
7155 21465 
7501 2499 
3410 3410 
1472 4416 
5998 1998 
3770 1256 
2013 670 
3730 3730 
3207 9621 
1419 472 
627 1881 
3557 1185 
1680 559 
4645 4645 
1007 335 
3309 3309 
570 1710 
445 147 
3498 3498 
3890 3890 
3312 9936 
4544 4544 
3083 3083 
5439 1812 
2662 2662 
