7500 3500
4378 13134 
3867 3867 
3058 3058 
4040 1346 
3427 3427 
2730 2730 
2865 8595 
4293 4293 
3698 1232 
4478 4478 
5536 16608 
1628 542 
2758 2758 
4220 4220 
3315 3315 
5125 1707 
5189 1729 
4619 13857 
1297 431 
1200 3600 
2611 2611 
7175 21525 
7001 21003 
2002 666 
4025 1341 
3864 3864 
1720 572 
6014 2004 
3040 3040 
3202 3202 
2263 6789 
6237 18711 
3698 3698 
7159 21477 
4224 12672 
3473 3473 
7403 2467 
3482 3482 
3956 1318 
4482 13446 
3918 3918 
5963 1987 
4272 4272 
4669 4669 
2508 835 
710 236 
3234 9702 
3753 3753 
2937 2937 
3930 3930 
6647 2215 
4847 14541 
669 2007 
2043 680 
7291 21873 
4260 4260 
3284 3284 
4088 4088 
3295 9885 
3539 3539 
5936 17808 
1932 5796 
780 259 
3336 1111 
1249 3747 
1135 377 
5065 15195 
7195 2397 
2503 7509 
4807 4807 
7330 2442 
3386 1128 
4945 14835 
4010 4010 
6242 2080 
4009 4009 
2172 6516 
3995 3995 
4997 1665 
2626 2626 
3274 1090 
4259 12777 
2973 990 
1365 454 
4312 4312 
2627 875 
2746 8238 
6377 2125 
4288 4288 
4618 13854 
5172 1723 
4693 1563 
2 6 
1776 5328 
2925 8775 
980 326 
3268 1088 
5869 1955 
546 1638 
4856 1618 
1308 3924 
6614 19842 
4764 4764 
6151 18453 
6611 2203 
1832 610 
1348 4044 
2699 2699 
1955 5865 
4446 1481 
785 2355 
7135 2377 
83 249 
2510 2510 
5576 1858 
3226 3226 
4833 4833 
4395 13185 
6194 18582 
4905 4905 
348 1044 
2344 7032 
5651 1883 
2920 8760 
4681 4681 
5659 16977 
3268 3268 
2987 995 
2721 8163 
7315 21945 
6107 18321 
6656 2218 
7360 2452 
5493 16479 
4061 1353 
1980 5940 
4122 4122 
2863 953 
4458 4458 
4436 1478 
4708 14124 
7469 22407 
2116 6348 
3033 9099 
2921 8763 
4325 4325 
4031 4031 
4395 1464 
4028 4028 
4278 4278 
6022 2006 
805 267 
1643 547 
3924 3924 
576 191 
4611 13833 
3494 3494 
6166 18498 
2222 6666 
4375 4375 
4965 4965 
4399 4399 
1761 5283 
774 257 
5692 1896 
2990 996 
2666 2666 
1902 5706 
476 1428 
4096 1364 
3580 1192 
5550 1849 
1784 594 
4225 4225 
3389 3389 
6121 18363 
4455 4455 
3666 3666 
2890 2890 
2954 2954 
4436 13308 
3421 3421 
6850 20550 
6618 2205 
4404 4404 
2984 8952 
4163 1387 
3526 3526 
5157 1718 
6056 2018 
1371 456 
4057 4057 
7059 21177 
131 43 
3468 10404 
4441 4441 
4892 4892 
4447 4447 
3076 3076 
720 2160 
3567 10701 
3341 1113 
3457 1151 
545 1635 
4819 4819 
4450 4450 
2925 2925 
5446 16338 
2230 6690 
4092 4092 
4771 14313 
2764 2764 
3218 3218 
3882 3882 
3444 1147 
4859 4859 
4649 4649 
5635 16905 
398 1194 
3094 1030 
6865 2287 
4032 4032 
3005 3005 
709 2127 
3443 10329 
3346 10038 
5406 16218 
2430 7290 
2301 6903 
7435 2477 
3486 3486 
7140 21420 
4846 14538 
4227 4227 
7341 2446 
6444 19332 
4755 4755 
3441 1146 
2576 2576 
2614 2614 
1861 5583 
7159 2385 
2969 2969 
1806 601 
7450 22350 
5307 1768 
452 1356 
3961 3961 
6708 20124 
3038 3038 
5784 1927 
2126 6378 
1284 3852 
3470 3470 
4002 1333 
3539 10617 
487 1461 
7381 22143 
6610 19830 
1250 416 
2892 8676 
1597 4791 
4637 4637 
1800 5400 
2276 6828 
34 10 
4371 4371 
2157 6471 
4226 4226 
3925 3925 
2560 7680 
2495 831 
3565 3565 
3411 10233 
1948 648 
3583 3583 
4394 4394 
4430 13290 
1081 3243 
2817 938 
1897 631 
5981 1993 
3376 3376 
2673 2673 
5716 1904 
7447 22341 
2231 6693 
3217 9651 
1841 5523 
3070 3070 
1196 3588 
3426 10278 
4498 4498 
1680 5040 
4627 4627 
1927 641 
5426 1808 
6120 2039 
7102 21306 
2991 8973 
2875 2875 
2246 6738 
4052 4052 
2759 2759 
2110 6330 
3219 3219 
4676 14028 
2627 2627 
7200 2399 
6730 2242 
5904 1967 
4592 13776 
3754 3754 
5416 1804 
4699 14097 
3265 1087 
1937 5811 
3736 3736 
5607 1868 
6667 20001 
1234 3702 
1759 5277 
3013 1003 
3155 3155 
3709 3709 
2671 8013 
5364 16092 
3019 3019 
2712 8136 
5481 1826 
3725 3725 
4799 14397 
3544 3544 
7311 2436 
5416 16248 
2968 2968 
4712 1570 
6558 2185 
2700 2700 
3474 3474 
813 270 
4923 4923 
3123 9369 
234 702 
3015 3015 
5756 1918 
4083 4083 
4788 4788 
4727 4727 
1859 619 
6668 2222 
4198 4198 
220 72 
4659 13977 
3012 1003 
6575 2191 
4417 4417 
3358 3358 
3969 3969 
924 307 
3613 3613 
3356 10068 
1369 4107 
1865 621 
1623 4869 
2760 2760 
1337 445 
6810 2269 
2948 2948 
2527 7581 
4430 4430 
4079 4079 
4290 4290 
7406 22218 
2350 782 
6660 2219 
6785 2261 
1108 368 
3701 11103 
4959 1652 
4070 12210 
3299 3299 
4078 1358 
3184 3184 
3638 1212 
207 68 
4419 13257 
2974 8922 
4540 4540 
6701 20103 
4434 4434 
3998 3998 
208 624 
4368 4368 
3453 3453 
1659 552 
4238 4238 
4822 4822 
4414 4414 
2497 831 
5471 1823 
3458 3458 
3231 3231 
1726 5178 
7113 2370 
4398 4398 
4397 4397 
4751 4751 
2849 2849 
2598 865 
7352 22056 
4443 4443 
695 231 
7268 21804 
4098 4098 
883 293 
3492 3492 
3136 3136 
1271 3813 
4216 1404 
3260 1086 
2159 6477 
5802 17406 
5627 16881 
551 183 
235 705 
2795 2795 
6145 2047 
4181 4181 
7209 2402 
2198 6594 
3149 3149 
3971 3971 
5483 1827 
2937 8811 
3322 3322 
3682 11046 
3597 3597 
5717 17151 
7264 21792 
4143 4143 
2881 2881 
3697 3697 
1834 5502 
4393 4393 
3815 3815 
3822 3822 
4268 1422 
4309 4309 
6520 2172 
5644 16932 
4152 4152 
3609 3609 
6424 19272 
3653 3653 
6085 2027 
7353 22059 
5914 1970 
3486 10458 
6928 20784 
3677 3677 
1327 3981 
6699 20097 
2616 2616 
2639 2639 
2544 7632 
7430 2476 
4093 4093 
4605 1534 
2771 2771 
2547 2547 
2777 2777 
852 283 
2620 2620 
530 176 
4287 1428 
5543 16629 
3542 3542 
2602 2602 
4617 1538 
2702 900 
4176 4176 
313 103 
3454 3454 
2774 8322 
2317 771 
1769 589 
4541 4541 
3111 3111 
1353 450 
4752 4752 
6277 18831 
4522 4522 
1025 341 
6656 19968 
1162 386 
4126 4126 
2935 977 
4363 13089 
5718 1905 
2648 2648 
2583 7749 
3979 3979 
5064 15192 
2884 2884 
4688 1562 
3840 11520 
7488 22464 
2915 8745 
6922 2306 
3679 3679 
5598 16794 
4574 1524 
2813 2813 
2514 7542 
3855 3855 
949 2847 
516 171 
1154 384 
2910 969 
1601 533 
2908 2908 
2978 2978 
3250 9750 
1567 521 
4848 4848 
2205 734 
1194 397 
3310 3310 
4514 4514 
1275 3825 
2873 2873 
7091 2363 
2817 8451 
7194 21582 
4151 4151 
4930 4930 
6583 2193 
773 257 
4617 13851 
2988 2988 
2874 2874 
2350 7050 
5458 16374 
6249 18747 
2410 802 
6746 2248 
6763 20289 
5085 15255 
4265 4265 
1041 346 
3790 3790 
3451 3451 
962 320 
4014 12042 
7140 2379 
6777 2258 
6316 2104 
3589 3589 
2494 7482 
124 372 
7105 2367 
4511 4511 
494 164 
3862 1286 
3056 1018 
2511 2511 
6 1 
5793 17379 
4433 4433 
1263 420 
4678 4678 
2205 6615 
2840 2840 
3555 3555 
906 301 
4129 4129 
2468 822 
933 310 
5387 16161 
3369 1122 
3452 10356 
2805 934 
2897 2897 
1219 405 
5818 17454 
4949 4949 
3943 3943 
3750 3750 
193 579 
3326 3326 
3009 3009 
1139 379 
1847 615 
6488 19464 
4809 4809 
2248 6744 
2941 979 
485 1455 
4540 13620 
1864 620 
1895 631 
3292 3292 
2808 2808 
2581 2581 
4825 4825 
4516 4516 
3706 3706 
3352 3352 
4713 4713 
1877 5631 
3535 3535 
5694 17082 
3368 3368 
6106 18318 
86 28 
3048 3048 
3030 3030 
3394 3394 
6824 2274 
3894 3894 
3696 3696 
3302 3302 
771 2313 
393 1179 
4017 4017 
4924 4924 
4071 12213 
4701 4701 
4105 1367 
2566 7698 
407 135 
1320 439 
862 2586 
4047 4047 
6594 19782 
7103 21309 
3095 1031 
1408 4224 
5724 17172 
4259 4259 
3062 3062 
5245 15735 
2830 2830 
2269 755 
6626 19878 
6855 2284 
1519 4557 
4415 4415 
4697 4697 
6409 19227 
3335 3335 
708 235 
3803 1267 
3418 10254 
1535 511 
3427 10281 
1517 4551 
2946 8838 
3467 3467 
955 317 
6742 2246 
5366 16098 
1293 430 
4803 4803 
4753 4753 
6351 19053 
4136 4136 
3027 3027 
4002 12006 
1586 528 
3644 3644 
4763 4763 
3975 1324 
2055 6165 
3059 1019 
4575 1524 
4940 4940 
3319 1105 
3718 11154 
5830 17490 
5950 1982 
3220 3220 
287 95 
7261 21783 
6522 2173 
5587 16761 
4155 12465 
3384 1127 
2708 2708 
6318 2105 
3873 3873 
3782 3782 
2781 2781 
3919 11757 
3678 1225 
4976 14928 
2636 2636 
810 269 
735 244 
4423 13269 
5965 1987 
3149 1049 
6888 20664 
2525 2525 
5352 16056 
1147 3441 
2776 8328 
4689 1562 
5346 1781 
7207 2401 
3985 1327 
2261 753 
4729 1575 
162 486 
3768 1255 
2678 2678 
1183 3549 
1667 5001 
4614 13842 
1949 5847 
4640 13920 
773 2319 
2972 8916 
4604 13812 
7478 22434 
5212 1736 
4623 4623 
592 196 
3942 3942 
726 241 
6331 2109 
1731 5193 
3959 3959 
447 1341 
4583 13749 
3662 1220 
3581 10743 
3870 3870 
1027 3081 
5408 16224 
4756 1584 
3344 3344 
6981 20943 
3598 10794 
6491 2163 
4970 4970 
191 63 
4886 1628 
4667 4667 
1814 604 
5830 1942 
489 162 
3216 3216 
1175 3525 
1302 433 
146 438 
4910 4910 
7170 21510 
6938 20814 
3573 3573 
6607 19821 
3928 11784 
3579 1192 
1740 579 
2221 6663 
4816 4816 
3574 1190 
4654 1550 
1303 3909 
5805 1934 
556 184 
3165 9495 
2573 857 
3197 3197 
4537 4537 
2118 6354 
5427 16281 
2111 6333 
2659 7977 
6115 18345 
4178 4178 
4517 4517 
2910 2910 
2550 2550 
4091 4091 
492 163 
2583 2583 
2797 2797 
3120 3120 
2911 2911 
3410 10230 
4707 4707 
4062 4062 
111 36 
3689 3689 
935 311 
6449 19347 
3860 3860 
939 2817 
2886 961 
3028 3028 
5863 17589 
6309 18927 
3273 9819 
4636 4636 
4431 1476 
2434 810 
1951 649 
4023 4023 
1853 5559 
2048 682 
5235 15705 
1545 514 
1432 476 
3814 11442 
3894 11682 
3054 3054 
1829 5487 
3655 3655 
5945 17835 
3150 3150 
76 24 
3495 3495 
6627 2208 
4422 4422 
6127 18381 
3034 3034 
6466 19398 
5316 1771 
2169 6507 
4842 1613 
3014 1004 
2937 978 
4014 4014 
6471 19413 
1694 564 
5437 1811 
1985 5955 
4300 4300 
3953 3953 
2665 7995 
5601 1866 
3210 3210 
3733 11199 
5286 15858 
4282 1426 
3809 3809 
5105 15315 
5317 1771 
3611 1203 
2494 830 
4449 13347 
2080 6240 
439 1317 
2629 2629 
3071 3071 
1749 5247 
2600 2600 
1595 531 
5697 1898 
510 1530 
3933 3933 
3071 9213 
5692 17076 
4528 1508 
7041 2346 
3346 1114 
4735 1577 
6200 18600 
6975 2324 
4360 4360 
210 69 
3632 3632 
4406 4406 
3520 3520 
3559 1185 
894 297 
912 303 
3192 3192 
4876 4876 
2893 2893 
5760 17280 
5711 1903 
4392 4392 
3259 3259 
6524 19572 
3472 1156 
3857 3857 
2795 8385 
3708 3708 
4649 13947 
4069 12207 
2640 2640 
3398 3398 
2831 2831 
853 2559 
1901 633 
3933 11799 
5638 1878 
4278 1425 
2680 8040 
4597 1531 
2756 2756 
3365 3365 
354 117 
6088 18264 
4642 1546 
3830 3830 
6548 2182 
5439 16317 
3982 3982 
4923 14769 
2108 702 
911 2733 
7045 21135 
2120 6360 
7458 2485 
230 690 
3152 3152 
6368 2122 
1046 3138 
4600 4600 
4680 4680 
6699 2232 
113 37 
3666 10998 
5745 17235 
3229 1075 
7416 2471 
4869 1622 
4297 1431 
1552 4656 
731 2193 
4852 4852 
5227 15681 
4907 4907 
6760 2252 
1000 3000 
179 537 
933 2799 
6139 18417 
1571 523 
2743 913 
5636 16908 
4003 12009 
4435 4435 
3186 3186 
2878 8634 
3862 3862 
496 164 
1308 435 
3249 3249 
5171 15513 
3868 3868 
434 144 
6159 2052 
2566 2566 
3103 3103 
2687 895 
5052 15156 
1607 535 
3059 3059 
4244 4244 
4566 1521 
470 156 
3792 3792 
3270 1089 
4757 1585 
6065 18195 
7160 2386 
3624 3624 
3606 1201 
3712 11136 
2531 843 
4594 4594 
4364 4364 
3394 10182 
789 2367 
3931 3931 
3586 10758 
3776 3776 
1413 470 
5873 1957 
6393 19179 
4231 4231 
1131 376 
7130 21390 
1758 585 
3524 10572 
1665 554 
6302 18906 
3151 1049 
4306 4306 
6352 2116 
4811 14433 
1392 4176 
5795 1931 
1419 472 
2591 863 
2772 8316 
582 1746 
1258 418 
5985 1994 
4170 4170 
6553 2183 
3884 1294 
4518 4518 
3281 9843 
6612 2203 
888 2664 
4578 4578 
4288 1428 
4943 1647 
3633 1210 
3279 1092 
3428 3428 
5090 1696 
4817 4817 
2675 8025 
3608 3608 
1447 481 
6694 20082 
3169 9507 
5115 15345 
6833 20499 
6911 2303 
2982 8946 
3648 3648 
1431 476 
4521 4521 
186 558 
3020 3020 
517 171 
7494 2497 
4975 14925 
4123 4123 
3898 11694 
5306 15918 
3812 3812 
2884 960 
3264 3264 
1799 5397 
5044 15132 
4588 4588 
6459 19377 
3177 1058 
2370 7110 
608 202 
6358 19074 
3115 9345 
3750 11250 
2619 7857 
4192 12576 
7197 2398 
4700 4700 
2749 8247 
1691 5073 
6780 2259 
6808 20424 
3777 3777 
4634 4634 
6342 19026 
3664 3664 
4584 4584 
5560 16680 
3025 3025 
1934 644 
959 319 
4382 4382 
583 1749 
5441 16323 
6165 18495 
4435 1477 
1808 5424 
337 1011 
2809 2809 
7182 21546 
3730 3730 
6227 2075 
2768 922 
6300 18900 
3734 3734 
4519 4519 
4932 4932 
2490 829 
4234 1410 
2692 2692 
4390 4390 
3304 3304 
3434 3434 
3974 3974 
972 2916 
5415 1804 
7189 2395 
4894 1630 
241 79 
4598 4598 
4771 4771 
3909 11727 
5332 15996 
3104 3104 
2901 2901 
2506 2506 
4106 4106 
4911 1636 
5082 1693 
3685 3685 
2809 8427 
7004 2334 
978 2934 
5185 1727 
1204 400 
4090 4090 
4740 4740 
7269 2422 
2156 6468 
4204 4204 
5042 15126 
2441 813 
3232 1076 
3066 3066 
2673 8019 
4987 1661 
409 135 
1388 4164 
3310 1102 
3741 11223 
5148 1715 
754 250 
7108 2368 
3112 3112 
4882 14646 
3968 3968 
7001 2333 
3293 3293 
7073 21219 
5126 1708 
3807 3807 
5858 17574 
4459 4459 
4337 4337 
3929 3929 
4499 4499 
3723 3723 
7204 2400 
1294 430 
483 160 
3409 10227 
6456 2151 
6234 2077 
5696 17088 
6492 2163 
7297 2431 
2833 2833 
2537 2537 
622 206 
4977 1658 
5772 1923 
6622 2206 
3595 1197 
3405 10215 
994 2982 
2677 2677 
3306 3306 
4641 1546 
1541 4623 
1169 3507 
3386 3386 
4570 13710 
353 1059 
2655 7965 
4556 4556 
4339 4339 
2865 2865 
1769 5307 
5403 1800 
2725 8175 
6858 2285 
5719 17157 
753 2259 
1053 350 
1220 3660 
4736 14208 
7439 2479 
4060 1352 
2789 2789 
3738 11214 
4254 4254 
2555 851 
919 2757 
4854 4854 
1233 3699 
4234 4234 
7020 2339 
3988 1328 
7298 2432 
3527 3527 
3558 10674 
2665 887 
2345 781 
609 202 
3671 3671 
6797 2265 
2592 2592 
5433 16299 
4824 4824 
3379 10137 
4162 4162 
295 885 
4857 14571 
3549 3549 
7089 21267 
4373 1457 
6119 18357 
4958 4958 
3827 3827 
5881 17643 
3423 3423 
220 660 
2304 767 
2548 2548 
4793 4793 
6732 2243 
6950 2316 
6176 18528 
5259 1752 
3793 3793 
908 302 
4792 4792 
348 115 
2044 6132 
6435 19305 
297 891 
3665 3665 
5758 1918 
4353 4353 
4658 1552 
564 187 
2019 6057 
3886 3886 
3676 3676 
1898 632 
4564 4564 
4266 4266 
3503 3503 
5612 1870 
3496 3496 
1921 639 
2810 936 
4179 4179 
372 123 
4061 4061 
4300 1432 
4991 4991 
3507 10521 
3681 3681 
3164 3164 
1191 3573 
2503 833 
3488 3488 
603 1809 
4232 4232 
390 1170 
3782 1260 
2628 2628 
5187 1728 
4716 4716 
443 1329 
1043 3129 
3498 3498 
6406 2134 
4245 4245 
1560 4680 
2896 964 
3240 3240 
2391 7173 
5092 15276 
7010 21030 
940 2820 
3656 1218 
5334 16002 
3353 3353 
3977 3977 
1400 466 
5044 1680 
5751 1916 
4293 1430 
4037 4037 
2898 2898 
3846 11538 
2979 2979 
5221 1739 
3507 3507 
2728 908 
4132 4132 
4683 4683 
4863 4863 
5170 15510 
5046 15138 
3502 3502 
1026 341 
5567 16701 
2788 2788 
3175 1057 
4560 4560 
5058 1685 
5196 1731 
4117 1371 
4972 4972 
3375 3375 
4568 13704 
3424 3424 
944 314 
3585 10755 
2913 2913 
6730 20190 
4237 4237 
503 1509 
3372 10116 
4837 4837 
2646 2646 
2399 799 
2727 2727 
5984 1994 
4966 4966 
2119 705 
2548 848 
240 79 
7344 2447 
1882 626 
3362 3362 
7086 21258 
6959 20877 
624 1872 
4134 4134 
6635 19905 
2815 937 
2888 962 
3407 3407 
2049 6147 
6939 2312 
6135 2044 
2776 2776 
6340 2112 
3236 3236 
3965 3965 
6890 20670 
4446 4446 
3476 1158 
4372 4372 
3392 3392 
2343 7029 
3742 3742 
5316 15948 
5433 1810 
5091 1696 
2033 6099 
3628 10884 
3520 10560 
4705 4705 
3900 1299 
4864 4864 
2602 866 
1703 567 
7162 2386 
5811 17433 
336 1008 
3179 3179 
2093 697 
7336 22008 
2082 6246 
2486 7458 
5715 1904 
6914 20742 
3804 1267 
3357 1118 
6230 18690 
3447 3447 
4217 12651 
5919 1972 
4268 4268 
4586 4586 
3614 3614 
4691 14073 
6029 18087 
2833 943 
3348 3348 
5456 16368 
4380 13140 
2660 7980 
5484 1827 
5966 1988 
3493 3493 
4758 1585 
327 981 
6657 19971 
6761 20283 
6454 2150 
5321 1773 
6013 18039 
6201 18603 
6953 20859 
131 393 
4276 4276 
2606 2606 
2439 812 
4224 4224 
4706 1568 
3505 3505 
532 176 
4424 1474 
870 2610 
7057 21171 
765 2295 
6463 2153 
4429 4429 
5839 1945 
4188 4188 
4933 4933 
3593 3593 
7323 21969 
2752 2752 
1768 588 
3430 3430 
6689 20067 
6829 2275 
6429 2142 
3046 9138 
4331 12993 
2853 2853 
4913 1637 
3273 3273 
4953 4953 
732 2196 
5714 1904 
221 73 
4008 12024 
669 222 
2445 814 
4343 1447 
1875 5625 
1136 3408 
509 1527 
3539 1179 
714 2142 
3898 1298 
978 325 
3679 1225 
3323 3323 
1257 418 
2459 819 
4685 1561 
3501 3501 
4001 4001 
6046 18138 
3951 3951 
2645 7935 
5538 16614 
4639 4639 
3267 9801 
4680 1559 
5903 17709 
5202 1733 
5929 17787 
4542 13626 
146 48 
2805 2805 
1420 4260 
7169 2389 
4574 13722 
4011 4011 
2102 6306 
807 2421 
3342 10026 
4474 4474 
5333 15999 
4568 4568 
666 221 
3204 3204 
5178 1725 
4174 4174 
373 123 
4911 4911 
6883 2293 
1309 3927 
4143 1380 
3602 1200 
3816 3816 
1637 545 
666 1998 
6160 18480 
4296 1431 
2981 993 
6600 19800 
2300 6900 
2852 2852 
1781 593 
1936 644 
314 942 
4830 4830 
3306 9918 
4408 4408 
3114 9342 
6467 2155 
2200 6600 
856 284 
3099 3099 
2334 777 
1969 5907 
3537 3537 
3455 3455 
5212 15636 
205 615 
6388 19164 
976 2928 
2843 2843 
5625 1874 
2599 2599 
4645 4645 
4957 1651 
6169 18507 
4130 12390 
2939 8817 
5314 1770 
4055 4055 
2815 2815 
580 1740 
1705 5115 
5463 16389 
4513 4513 
4985 4985 
3285 3285 
6983 20949 
6590 19770 
2786 2786 
7240 2412 
27 8 
5640 1879 
3641 3641 
7294 21882 
2279 759 
4661 1553 
3961 1319 
4547 4547 
4520 4520 
1509 502 
1842 613 
3084 3084 
6800 2266 
5398 1798 
3426 3426 
3317 3317 
359 1077 
2856 2856 
4927 4927 
4553 1517 
932 310 
3783 3783 
2919 2919 
2060 686 
2240 746 
3651 1216 
4182 4182 
7271 21813 
1934 5802 
4974 14922 
4466 4466 
2942 8826 
3419 3419 
4595 4595 
2664 2664 
7478 2492 
3362 1120 
3895 3895 
366 121 
6379 2125 
4743 4743 
4015 4015 
3526 1174 
3732 3732 
1262 3786 
6549 19647 
1997 5991 
5092 1696 
3245 3245 
2089 695 
3719 1239 
4354 1450 
2011 6033 
4417 13251 
4749 14247 
4025 4025 
3879 1292 
2381 793 
3686 11058 
3916 11748 
2360 786 
2934 2934 
5759 1919 
4340 1446 
4005 12015 
701 233 
655 1965 
413 1239 
4501 4501 
3478 3478 
1351 449 
2796 2796 
4005 1334 
4016 4016 
4059 12177 
3313 3313 
2607 2607 
6325 2107 
4270 1422 
3188 3188 
4428 4428 
5937 1978 
3455 10365 
6246 2081 
4395 4395 
7181 2393 
4968 1655 
2177 725 
723 240 
6096 2031 
1904 634 
4830 14490 
816 2448 
6075 2024 
3858 1285 
2860 8580 
132 43 
6781 20343 
3955 11865 
4331 4331 
4558 1518 
5107 15321 
1012 336 
4133 1377 
4545 4545 
2420 806 
5314 15942 
758 2274 
2504 2504 
2868 8604 
2713 2713 
4329 4329 
5130 15390 
4134 1377 
4391 4391 
4409 13227 
1899 5697 
6643 19929 
4048 12144 
341 1023 
6936 2311 
242 80 
219 657 
7329 2442 
753 250 
3602 3602 
4754 4754 
1616 538 
3562 10686 
3659 10977 
5334 1777 
256 84 
4835 4835 
704 234 
4580 4580 
4111 1369 
4299 4299 
1656 4968 
3997 1331 
3739 11217 
6918 2305 
3851 3851 
3731 11193 
4714 4714 
686 2058 
67 21 
4392 1463 
382 1146 
2249 749 
548 182 
4297 4297 
4728 1575 
3130 9390 
1399 4197 
4574 4574 
4655 13965 
4532 4532 
1954 650 
2767 8301 
762 2286 
2634 877 
6664 19992 
2666 7998 
3582 3582 
318 105 
5132 1710 
3601 3601 
4164 12492 
2454 7362 
7048 21144 
5773 1923 
3303 3303 
4757 4757 
1472 490 
1852 616 
2561 7683 
4385 4385 
7446 22338 
3604 3604 
5801 1933 
4599 4599 
1221 406 
2643 2643 
2955 2955 
3267 3267 
2918 972 
2398 7194 
4845 14535 
4635 1544 
1578 525 
7008 21024 
1190 3570 
7498 2498 
6680 2226 
1056 351 
5980 1992 
3646 3646 
1960 652 
3661 3661 
4899 1632 
1824 5472 
791 263 
5897 1965 
4483 13449 
5804 1934 
6123 2040 
451 1353 
4442 4442 
6247 2081 
4049 12147 
1500 499 
4505 1501 
4022 4022 
4149 4149 
3004 3004 
4533 4533 
4544 4544 
3156 1051 
4903 4903 
7121 2373 
3907 3907 
4718 14154 
6024 2007 
3312 1103 
4665 1554 
4335 1444 
16 48 
3142 3142 
7211 21633 
3066 9198 
3635 3635 
4399 13197 
4569 4569 
5059 1685 
3017 9051 
4901 4901 
1696 564 
4406 1468 
4855 4855 
6879 20637 
3019 1005 
3171 9513 
6536 2178 
6905 2301 
4174 1390 
5836 17508 
2527 2527 
2638 878 
4439 4439 
2530 2530 
4793 14379 
5610 1869 
4496 4496 
3241 3241 
2265 754 
255 765 
4831 14493 
2450 7350 
4696 1564 
2465 821 
196 64 
2435 7305 
3726 3726 
2659 2659 
2991 2991 
2683 2683 
3182 3182 
5184 15552 
5924 1974 
536 178 
6989 2329 
5486 16458 
7354 22062 
4761 4761 
2982 2982 
5365 1787 
4379 4379 
7176 2391 
2584 2584 
7278 2425 
3100 1032 
3670 3670 
3429 3429 
3300 3300 
2268 6804 
1512 503 
6996 20988 
4424 4424 
2040 6120 
4992 14976 
5983 1993 
3849 3849 
3766 3766 
3152 9456 
2711 2711 
7313 21939 
2662 7986 
5460 1819 
1131 3393 
954 317 
1157 3471 
6578 2192 
2235 744 
2661 886 
7259 21777 
4884 1627 
3934 1310 
3480 3480 
4171 4171 
1531 4593 
6363 19089 
6892 2296 
5740 1912 
6597 2198 
4374 13122 
3762 11286 
2581 7743 
5889 17667 
6465 2154 
662 220 
3067 3067 
3189 3189 
4983 1660 
5021 15063 
381 126 
5443 1813 
77 25 
4205 4205 
2542 2542 
2518 2518 
5300 1766 
2554 2554 
6008 2002 
3283 3283 
3828 3828 
2333 777 
347 1041 
2564 2564 
6938 2312 
7259 2419 
3280 1092 
3396 3396 
1488 4464 
4159 1385 
2328 6984 
3206 3206 
5193 15579 
1617 4851 
4704 14112 
2667 888 
2010 669 
919 305 
4301 4301 
661 219 
6898 2298 
2977 2977 
4416 13248 
1564 4692 
3260 3260 
4995 4995 
1801 5403 
3287 9861 
4557 4557 
3636 1211 
3367 3367 
3604 1200 
6092 18276 
5697 17091 
3524 3524 
2660 2660 
4789 4789 
4299 1432 
3999 11997 
3146 9438 
3785 1261 
3172 3172 
4652 4652 
1132 3396 
6371 19113 
2182 726 
5842 1946 
6134 2044 
5211 1736 
588 195 
7009 21027 
3158 1052 
5025 15075 
7462 2486 
652 1956 
4197 4197 
2768 2768 
961 319 
6514 2170 
3699 3699 
3967 3967 
66 198 
3940 11820 
3818 11454 
3258 9774 
2574 2574 
4495 4495 
6604 2200 
5409 1802 
266 798 
40 120 
5274 15822 
2614 7842 
4577 1525 
4979 4979 
4590 4590 
5677 17031 
2762 2762 
678 2034 
1716 571 
6615 2204 
4684 4684 
6740 20220 
5799 17397 
4009 1335 
3847 1281 
7100 2366 
5969 1989 
4304 4304 
2565 2565 
4121 12363 
1860 619 
144 432 
4691 1563 
5225 1741 
6294 18882 
7405 22215 
3334 3334 
5576 16728 
5754 17262 
5308 1768 
4523 4523 
2475 824 
581 1743 
4853 4853 
5473 1823 
3675 11025 
235 77 
4702 4702 
796 2388 
4384 1460 
2779 925 
5815 1937 
3878 3878 
2781 926 
3612 3612 
2123 707 
1311 3933 
4545 13635 
4679 14037 
1636 4908 
4562 4562 
4012 4012 
2769 8307 
557 1671 
4141 4141 
4277 4277 
7213 2403 
3400 3400 
4654 4654 
4201 4201 
2844 2844 
3621 3621 
6489 19467 
3032 1010 
2895 2895 
6591 2196 
6749 2249 
3229 3229 
6018 18054 
3932 11796 
3078 9234 
475 157 
586 194 
4030 12090 
6174 18522 
4980 4980 
5847 1948 
3789 3789 
1991 663 
2845 947 
4077 12231 
2104 6312 
5301 15903 
3832 1276 
7077 2358 
3580 3580 
4240 4240 
3678 11034 
3733 3733 
4471 4471 
6341 2113 
2559 2559 
2180 726 
3826 1274 
3093 9279 
4304 12912 
437 145 
4252 4252 
5161 1719 
4524 13572 
4405 1467 
2947 2947 
4663 4663 
6470 2156 
3746 3746 
4759 4759 
3552 10656 
4731 4731 
1670 556 
3615 3615 
4399 1465 
5087 1695 
4772 4772 
4253 12759 
7007 21021 
1835 5505 
4362 4362 
2763 2763 
5610 16830 
2305 767 
7409 22227 
2817 2817 
2560 2560 
2149 6447 
4542 4542 
4862 14586 
4968 4968 
3408 3408 
5816 17448 
3011 3011 
5254 1750 
4613 4613 
4157 1385 
625 1875 
3110 3110 
3919 3919 
5599 1865 
4617 4617 
3769 1255 
4335 4335 
4835 14505 
2894 8682 
2918 8754 
5942 17826 
2561 2561 
309 102 
4550 1516 
3597 10791 
5673 1890 
3530 3530 
2505 2505 
4797 4797 
1767 588 
7445 2481 
5039 15117 
3682 3682 
4115 4115 
5131 15393 
5652 1883 
1998 5994 
7176 21528 
4959 4959 
3629 10887 
3379 3379 
5716 17148 
3649 3649 
4506 13518 
4423 4423 
4223 4223 
1181 3543 
4187 12561 
621 206 
4461 4461 
1271 423 
6861 2286 
3945 3945 
3596 10788 
5436 1811 
2323 773 
1125 374 
4667 1555 
4913 14739 
5667 1888 
4566 4566 
7493 22479 
2178 6534 
3416 10248 
4099 1365 
4133 4133 
3515 3515 
4154 4154 
7081 21243 
3371 3371 
4 0 
3744 11232 
2568 2568 
3097 3097 
144 47 
4246 4246 
4609 4609 
3623 10869 
4095 4095 
5216 15648 
6373 19119 
3920 11760 
922 2766 
2128 708 
859 285 
3852 1283 
1922 5766 
2943 2943 
1679 5037 
6611 19833 
4741 4741 
3417 1138 
4947 14841 
4445 13335 
7341 22023 
3585 1194 
4619 1539 
1927 5781 
444 147 
4107 4107 
4506 4506 
5543 1847 
2159 719 
7271 2423 
6723 20169 
7393 2463 
6896 20688 
4187 4187 
3198 3198 
5333 1777 
671 2013 
4270 4270 
2856 8568 
3825 3825 
3272 3272 
3114 3114 
7035 2344 
4770 14310 
2467 821 
7296 2431 
4739 4739 
1230 409 
7250 2416 
3234 1077 
5797 17391 
4284 12852 
5466 1821 
4452 13356 
1837 611 
5170 1722 
3170 3170 
4429 13287 
4550 4550 
2429 7287 
2718 905 
3580 10740 
1235 411 
321 963 
6581 19743 
5840 17520 
4133 12399 
3481 10443 
4471 13413 
4470 13410 
4279 4279 
4909 4909 
5153 15459 
3578 10734 
5385 1794 
3035 1011 
6085 18255 
2292 6876 
6188 2062 
2980 992 
4589 4589 
2656 2656 
4211 4211 
4417 1471 
2727 8181 
3928 1308 
1777 591 
79 25 
3330 3330 
3765 3765 
5648 1882 
5572 16716 
3922 1306 
723 2169 
3081 3081 
2839 2839 
3820 11460 
4560 13680 
6962 2320 
5086 1694 
253 759 
7357 2451 
3596 3596 
3117 3117 
3480 1159 
3178 3178 
3904 3904 
2651 2651 
2773 923 
5637 1878 
1360 4080 
3657 3657 
5828 17484 
4331 1443 
153 459 
1514 504 
2995 2995 
3619 3619 
7410 22230 
2658 2658 
2605 867 
4806 4806 
3081 1026 
3096 9288 
4342 4342 
3116 9348 
6275 2091 
6772 2256 
2824 8472 
2535 844 
7005 21015 
4175 4175 
6296 18888 
1532 510 
1718 5154 
1736 578 
6413 19239 
3402 3402 
4363 4363 
3391 3391 
3381 3381 
3484 1160 
5405 1801 
1891 629 
6305 2101 
3083 1027 
2994 997 
4042 4042 
4376 4376 
3093 3093 
4781 4781 
6642 2213 
4320 4320 
3227 3227 
1893 630 
4640 4640 
968 322 
5338 1778 
7400 22200 
6414 2137 
2461 819 
7092 2363 
1019 339 
3314 3314 
1914 5742 
1130 376 
4068 1355 
7230 21690 
4373 4373 
6006 2001 
5296 15888 
3801 3801 
1724 5172 
4599 1532 
3745 3745 
3000 999 
3377 1125 
2978 8934 
1461 4383 
4883 4883 
3423 10269 
3909 3909 
4364 13092 
6216 18648 
3090 3090 
5720 17160 
6596 2198 
4573 1523 
2661 2661 
776 2328 
4559 4559 
1815 604 
4723 14169 
4610 4610 
2800 8400 
7346 22038 
4827 4827 
4867 4867 
5590 16770 
5619 1872 
5494 1830 
7491 22473 
6159 18477 
4140 4140 
4694 4694 
5844 1947 
3843 3843 
281 93 
1001 333 
6106 2034 
4255 4255 
6828 20484 
3053 9159 
4746 1581 
2882 8646 
2725 2725 
6845 2281 
5096 1698 
3908 11724 
5267 15801 
1768 5304 
5906 1968 
2870 2870 
2208 735 
864 2592 
208 68 
5246 1748 
4119 4119 
745 247 
6238 2078 
4002 4002 
5651 16953 
122 40 
4169 4169 
2771 8313 
1808 602 
3291 3291 
3380 3380 
4023 1340 
4570 4570 
1307 435 
2101 6303 
1479 492 
4359 4359 
3518 3518 
4242 4242 
2586 861 
4072 4072 
2837 2837 
948 315 
5391 1796 
608 1824 
3846 3846 
793 2379 
4844 4844 
3239 1079 
3550 3550 
3692 3692 
4512 13536 
6967 20901 
4215 4215 
3957 3957 
4444 4444 
3499 3499 
4333 1443 
1315 3945 
2164 6492 
2838 2838 
4486 4486 
6075 18225 
3913 3913 
3470 10410 
4538 4538 
2953 983 
7337 22011 
93 279 
7357 22071 
2143 713 
732 243 
5289 15867 
2767 2767 
1619 539 
1625 541 
4978 4978 
2885 961 
1062 3186 
4157 12471 
2403 7209 
4828 4828 
3751 3751 
5253 1750 
4238 12714 
3257 1085 
4341 4341 
6132 2043 
2468 7404 
2506 834 
6455 19365 
3700 3700 
3222 3222 
3578 1192 
4661 4661 
7250 21750 
5878 1958 
6194 2064 
3651 3651 
6840 2279 
7166 2388 
2473 7419 
887 2661 
3735 11205 
1335 4005 
1734 577 
6828 2275 
1464 4392 
2698 2698 
6146 2048 
6859 20577 
5504 16512 
6497 19491 
7215 21645 
7064 2354 
2073 690 
3350 10050 
3469 3469 
3736 11208 
111 333 
7182 2393 
175 57 
3269 3269 
2243 747 
3217 3217 
6913 2303 
7006 2334 
3715 3715 
7470 2489 
3156 3156 
680 2040 
2594 864 
4235 4235 
6717 20151 
1322 440 
2949 2949 
2165 6495 
4369 4369 
6556 19668 
548 1644 
673 2019 
3393 3393 
3600 3600 
2749 915 
4665 4665 
6913 20739 
5917 17751 
6844 20532 
4354 4354 
2811 2811 
2050 682 
5100 15300 
4048 1348 
3127 3127 
2662 2662 
3876 3876 
4253 1417 
7363 2453 
7361 2453 
4203 4203 
4493 4493 
3610 3610 
4762 1586 
706 2118 
5349 16047 
1569 522 
4427 4427 
3073 3073 
951 316 
4685 4685 
3609 1202 
7020 21060 
5764 1920 
3676 1224 
2997 2997 
2054 684 
3645 3645 
3329 3329 
264 87 
4305 4305 
3523 10569 
2989 8967 
4839 4839 
6394 2130 
5297 1765 
5963 17889 
5026 15078 
3769 3769 
2753 2753 
229 75 
4124 4124 
6803 2267 
4990 4990 
3041 3041 
2475 7425 
6992 2330 
7349 2449 
3238 9714 
3262 3262 
2465 7395 
3743 11229 
2579 2579 
7399 2465 
2329 6987 
1028 342 
1490 496 
6884 20652 
5857 1951 
4024 4024 
4366 13098 
5650 16950 
2214 6642 
4078 4078 
982 2946 
5748 17244 
526 1578 
819 272 
5939 17817 
4257 4257 
5269 15807 
1366 454 
4902 1633 
4612 4612 
3390 10170 
768 2304 
471 1413 
3012 9036 
4405 13215 
4275 12825 
4215 1404 
3439 3439 
4507 4507 
4386 4386 
6734 20202 
2345 7035 
3168 3168 
4230 12690 
3938 3938 
5591 1863 
1792 5376 
4066 4066 
6169 2055 
3521 3521 
4323 12969 
3207 3207 
3685 11055 
539 1617 
2622 873 
4643 4643 
3570 3570 
6453 19359 
4089 4089 
2679 2679 
7303 21909 
2879 2879 
3493 10479 
2192 6576 
1265 3795 
3337 10011 
3670 11010 
2667 2667 
1060 352 
6896 2298 
67 201 
4785 1594 
3162 3162 
2632 7896 
1801 599 
6297 2098 
1891 5673 
4818 4818 
1205 401 
4368 13104 
4321 1439 
4633 4633 
3404 3404 
3147 9441 
5287 15861 
7037 2345 
6721 20163 
2930 2930 
3075 3075 
2778 2778 
2745 2745 
6748 2248 
2828 942 
6115 2037 
3676 11028 
3001 9003 
2744 2744 
4262 12786 
6312 18936 
2789 929 
617 205 
3337 3337 
779 2337 
5040 1679 
3382 3382 
3883 1293 
4049 4049 
612 203 
4658 4658 
5955 17865 
3438 3438 
6715 20145 
2743 2743 
4729 4729 
1380 459 
3586 3586 
2141 6423 
4698 4698 
2474 7422 
4800 14400 
4172 4172 
4653 4653 
1664 554 
6512 19536 
3637 3637 
699 232 
2821 2821 
3250 3250 
298 98 
3685 1227 
2386 794 
512 1536 
3714 11142 
1681 5043 
5398 16194 
4531 1509 
2974 2974 
3057 3057 
3728 3728 
626 208 
2958 8874 
1290 3870 
4402 4402 
7368 22104 
3133 3133 
2798 2798 
5994 17982 
4734 4734 
2574 857 
1592 530 
4802 1600 
4638 1545 
707 235 
6688 2228 
654 1962 
4646 1548 
5204 15612 
2147 715 
2908 8724 
2784 2784 
5641 16923 
6442 2146 
5 15 
3762 3762 
4098 1365 
1778 5334 
6494 2164 
4374 4374 
2316 6948 
3895 1297 
2668 2668 
2779 2779 
4808 4808 
4323 1440 
4523 1507 
4850 4850 
989 2967 
3482 10446 
3788 1262 
1055 351 
166 54 
4271 12813 
6791 20373 
528 1584 
260 86 
2622 2622 
1812 5436 
3338 3338 
844 2532 
3600 10800 
5207 1735 
4615 4615 
5265 1754 
4302 12906 
2641 2641 
5519 1839 
4571 4571 
6283 2093 
3291 9873 
1567 4701 
4798 4798 
6689 2229 
2569 2569 
6525 19575 
2251 6753 
4656 13968 
195 64 
7027 21081 
4359 1452 
3976 3976 
4546 4546 
3783 11349 
5301 1766 
4536 4536 
1254 417 
3981 3981 
812 2436 
1747 581 
4104 4104 
4522 1506 
5729 17187 
895 2685 
2076 691 
3958 11874 
3374 3374 
4836 4836 
3758 3758 
4377 4377 
2262 6786 
5389 1795 
3467 1155 
2762 8286 
3104 1034 
4230 4230 
5131 1709 
6389 19167 
871 2613 
301 903 
4116 4116 
2750 8250 
44 14 
6338 19014 
3136 1044 
6186 18558 
2215 6645 
4974 4974 
4887 14661 
2281 759 
1916 638 
4848 1615 
4473 4473 
3956 3956 
3870 1289 
4350 13050 
1070 3210 
2635 7905 
1354 450 
3596 1198 
2324 774 
4728 4728 
3375 1124 
3364 1120 
2912 2912 
3990 3990 
159 477 
2960 2960 
3083 3083 
7369 22107 
370 122 
184 60 
6071 18213 
6181 2059 
7246 2414 
1051 3153 
4387 4387 
2496 7488 
216 71 
2889 2889 
1126 374 
2965 2965 
2741 8223 
3795 3795 
589 195 
2772 2772 
7373 22119 
2623 873 
2832 943 
6387 19161 
2863 2863 
2510 7530 
929 309 
481 159 
4721 14163 
4313 4313 
3536 3536 
2911 969 
2626 874 
5373 16119 
7455 22365 
586 1758 
1180 392 
4004 4004 
3063 3063 
236 78 
490 162 
4275 4275 
6545 19635 
2749 2749 
3587 3587 
4810 4810 
5188 15564 
3445 1147 
3607 3607 
3683 3683 
2687 2687 
4139 4139 
4639 1545 
6680 20040 
7274 21822 
3176 3176 
3562 3562 
3522 1173 
2672 2672 
3363 10089 
5412 1803 
2642 2642 
6790 20370 
2069 6207 
3607 1201 
2452 7356 
3372 3372 
3926 11778 
6392 2130 
3403 10209 
276 828 
4060 4060 
2388 7164 
3043 1013 
4536 1511 
2636 7908 
3798 3798 
7365 22095 
4526 13578 
4094 4094 
5937 17811 
6672 2223 
4302 4302 
273 819 
427 1281 
1621 4863 
4890 4890 
3844 3844 
3667 3667 
4144 4144 
1735 5205 
3444 3444 
1261 3783 
3606 3606 
2947 8841 
4141 1379 
6799 2265 
1933 5799 
3169 3169 
6344 2114 
5489 16467 
4135 4135 
374 124 
4185 4185 
4843 14529 
2869 2869 
4559 13677 
6706 2234 
4561 4561 
3308 3308 
3232 3232 
3818 1272 
4074 1357 
1907 635 
7300 21900 
846 281 
3934 3934 
3573 1190 
2997 8991 
6798 2265 
4660 4660 
4870 4870 
4873 4873 
4509 4509 
3555 10665 
2833 8499 
5600 16800 
4653 13959 
6902 2300 
1170 389 
3078 3078 
5 1 
4655 1551 
3311 3311 
2916 2916 
3118 9354 
6853 20559 
4811 1603 
393 130 
2500 7500 
1439 479 
3049 3049 
4265 12795 
3575 10725 
2728 2728 
6622 19866 
2984 2984 
3932 1310 
3144 3144 
2715 2715 
3014 9042 
98 294 
3289 9867 
3567 3567 
7340 22020 
5882 17646 
4630 4630 
4203 1400 
6899 20697 
3460 3460 
4491 4491 
4334 4334 
2582 7746 
3525 3525 
4006 4006 
778 258 
2387 7161 
4692 4692 
1968 5904 
1712 5136 
1520 4560 
4512 4512 
3513 3513 
3047 3047 
3798 11394 
5217 15651 
1686 561 
3235 3235 
2951 8853 
1080 3240 
3978 1325 
4597 4597 
5623 16869 
2519 2519 
6752 2250 
6593 2197 
1767 5301 
5748 1915 
3621 1206 
3439 10317 
2685 2685 
3062 9186 
1770 589 
5355 1784 
2717 8151 
2251 749 
4282 12846 
2842 2842 
6663 2220 
4875 4875 
2154 717 
4148 1382 
6128 2042 
4715 4715 
3522 3522 
1288 3864 
2145 714 
4948 4948 
2740 8220 
3866 1288 
541 179 
7095 2364 
6662 19986 
2696 2696 
4843 4843 
3026 3026 
5164 15492 
3188 1062 
5746 1914 
4606 1534 
3502 1166 
2807 935 
519 172 
6650 2216 
3704 11112 
2829 2829 
3080 3080 
5410 16230 
2858 2858 
4937 14811 
520 172 
4551 1516 
4525 4525 
6658 2218 
6620 19860 
1089 3267 
537 1611 
6478 19434 
6109 2035 
4631 4631 
2902 2902 
2047 6141 
3922 3922 
5629 16887 
2339 7017 
2900 8700 
4778 4778 
4190 12570 
4026 4026 
7407 2468 
7345 22035 
3926 3926 
7350 22050 
4800 4800 
5310 15930 
4593 4593 
2695 897 
4043 4043 
4159 12477 
3684 11052 
6616 2204 
2467 7401 
5011 15033 
3528 3528 
474 157 
3380 1126 
4372 1456 
3978 3978 
2741 2741 
3069 3069 
5475 1824 
3873 11619 
4127 1375 
6782 2260 
2774 2774 
4941 4941 
4571 1523 
3057 9171 
4396 1464 
4482 4482 
6850 2282 
3175 3175 
3713 3713 
4548 1515 
6103 18309 
3618 3618 
5572 1856 
3757 3757 
4137 4137 
2853 8559 
2133 710 
318 954 
4986 4986 
2942 2942 
446 1338 
4775 4775 
3129 3129 
2975 8925 
5124 1707 
5382 1793 
4106 1368 
1601 4803 
950 2850 
6800 20400 
2528 2528 
3341 10023 
4117 4117 
3605 3605 
3278 3278 
2290 762 
3511 3511 
4166 4166 
4258 4258 
641 1923 
3132 3132 
3181 3181 
3598 3598 
3902 3902 
3900 3900 
6256 2084 
287 861 
75 225 
5617 16851 
4606 4606 
2794 2794 
568 1704 
3477 10431 
4084 4084 
3170 9510 
6843 20529 
61 183 
4874 14622 
791 2373 
3346 3346 
2557 7671 
2933 977 
1098 365 
6599 19797 
3271 3271 
4673 4673 
6777 20331 
4234 12702 
4289 1429 
4416 4416 
5150 15450 
4998 1665 
4291 4291 
5594 1864 
1251 3753 
1116 371 
4130 4130 
3548 10644 
4381 4381 
124 40 
6332 18996 
1583 527 
1140 379 
3799 3799 
5584 16752 
6863 20589 
3527 10581 
6830 2276 
4982 1660 
1404 4212 
3854 3854 
837 278 
4928 4928 
3714 1237 
3215 3215 
1498 4494 
5990 1996 
7151 2383 
3320 9960 
4014 1337 
6601 19803 
7387 2461 
3920 3920 
2189 729 
4791 4791 
3049 9147 
6447 2148 
3485 3485 
5437 16311 
6693 2230 
870 289 
2851 8553 
651 1953 
1909 5727 
4573 4573 
2399 7197 
3871 11613 
2184 6552 
5945 1981 
3476 10428 
3982 1326 
4577 4577 
4388 4388 
2688 2688 
4724 1574 
3263 3263 
3540 3540 
86 258 
2721 2721 
584 194 
2442 813 
3591 3591 
6272 18816 
4541 1513 
5104 15312 
3772 3772 
261 86 
2578 858 
4345 4345 
7158 2385 
1244 3732 
2631 2631 
5144 15432 
1265 421 
2535 2535 
3699 11097 
1201 399 
3941 3941 
4662 1553 
1138 378 
2694 2694 
697 231 
4213 4213 
5786 1928 
5198 1732 
4508 13524 
1868 5604 
3764 3764 
3117 1038 
4686 1561 
7079 2359 
7378 2458 
6892 20676 
7294 2430 
577 191 
16 4 
5575 16725 
4072 12216 
3035 9105 
639 212 
2964 2964 
6124 18372 
4748 14244 
2945 981 
6676 2224 
2580 859 
1687 5061 
3848 3848 
4659 4659 
7190 2396 
4664 1554 
3694 3694 
3880 1292 
3290 3290 
4904 1634 
5465 1821 
2524 2524 
1407 4221 
785 261 
3705 3705 
2909 8727 
1501 4503 
10 2 
4510 1502 
562 186 
1576 4728 
4307 4307 
3161 3161 
6228 2075 
385 127 
4108 4108 
4529 4529 
4492 4492 
2878 2878 
358 118 
7465 22395 
2829 8487 
3425 1141 
3477 3477 
3128 3128 
2834 8502 
1288 428 
1553 4659 
4460 4460 
2734 2734 
721 2163 
3105 3105 
4584 13752 
946 314 
5742 1913 
3177 9531 
3414 1137 
937 2811 
865 2595 
4729 14187 
3577 3577 
3620 3620 
3481 3481 
2841 2841 
2232 743 
6663 19989 
6582 2193 
2977 8931 
3903 3903 
3433 1143 
4432 4432 
6068 18204 
3202 9606 
4330 1442 
4827 1608 
2657 2657 
6608 19824 
5272 1756 
3194 3194 
2375 791 
502 166 
5994 1997 
3833 3833 
4336 4336 
103 309 
4879 4879 
4118 12354 
4877 4877 
7289 21867 
3022 3022 
1152 383 
2567 2567 
5288 15864 
3640 3640 
72 23 
2053 6159 
3859 3859 
3752 3752 
4813 4813 
7301 21903 
635 211 
4527 4527 
2404 800 
574 1722 
1383 460 
3432 3432 
2978 992 
3576 3576 
4945 4945 
2096 6288 
4520 1506 
834 2502 
1762 586 
2918 2918 
4013 4013 
5380 16140 
4921 1639 
7204 21612 
4668 1555 
2929 975 
4802 4802 
3721 11163 
654 217 
861 286 
736 244 
2691 2691 
3952 11856 
91 273 
466 1398 
4286 4286 
3811 3811 
2517 2517 
3100 3100 
4739 1579 
7269 21807 
6547 19641 
3937 3937 
3779 3779 
1242 413 
4373 13119 
3340 3340 
6621 2206 
7077 21231 
1417 471 
3417 3417 
4222 4222 
2337 7011 
5548 1848 
1519 505 
2590 2590 
6079 18237 
3749 1249 
2980 8940 
737 2211 
7120 2372 
3818 3818 
2793 2793 
7333 2443 
2446 814 
3201 3201 
7195 21585 
4780 14340 
4209 4209 
4189 4189 
1416 471 
5852 1950 
7426 22278 
2618 2618 
7318 21954 
1675 5025 
6710 2236 
3199 3199 
3636 3636 
4834 4834 
3656 3656 
4893 4893 
6175 2057 
3272 9816 
2610 2610 
7464 2487 
401 1203 
7035 21105 
4744 4744 
6648 19944 
4874 1624 
459 1377 
3293 1097 
5521 16563 
5628 1875 
4838 4838 
246 81 
5034 1677 
4296 4296 
2707 2707 
2848 2848 
3328 3328 
4298 4298 
1249 415 
750 2250 
2702 2702 
4579 1525 
2947 981 
6737 20211 
5305 1767 
3013 3013 
3463 3463 
3523 3523 
4146 4146 
3356 3356 
1966 654 
2663 2663 
5906 17718 
3987 11961 
3709 11127 
4351 13053 
360 119 
4865 4865 
3538 1178 
7407 22221 
4352 13056 
2900 2900 
2876 2876 
1190 396 
3634 3634 
3119 3119 
7499 22497 
5724 1907 
3627 10881 
38 114 
3036 3036 
3710 3710 
3072 9216 
3987 3987 
2953 2953 
7328 21984 
4715 1571 
4726 4726 
4332 4332 
757 2271 
831 276 
6308 2102 
6870 20610 
4747 4747 
5549 16647 
4856 4856 
6625 19875 
4190 4190 
2488 7464 
5749 17247 
965 321 
4459 1485 
3993 3993 
4109 4109 
4596 13788 
3464 3464 
3180 3180 
3822 1273 
4636 13908 
1109 369 
4592 4592 
3836 3836 
6037 18111 
3759 3759 
5819 1939 
4051 4051 
4036 1344 
1215 3645 
2800 932 
116 348 
4055 1351 
2767 921 
6979 2325 
2938 978 
2354 7062 
409 1227 
4125 4125 
3834 3834 
6401 2133 
3800 3800 
3324 9972 
3315 9945 
3509 10527 
4982 4982 
3487 3487 
4856 14568 
4546 1514 
3508 3508 
2046 681 
709 235 
615 1845 
4799 4799 
2892 2892 
7193 2397 
2162 720 
6239 2079 
4277 1425 
3861 3861 
3590 3590 
6326 2108 
4448 1482 
3813 3813 
488 1464 
2104 700 
1563 4689 
4343 4343 
6910 20730 
2739 2739 
4201 12603 
4908 14724 
1264 420 
7338 2445 
6819 2272 
4572 4572 
7476 2491 
4145 12435 
5793 1930 
1572 4716 
6263 2087 
3436 10308 
6500 2166 
3980 3980 
4456 4456 
6267 18801 
1454 484 
4325 12975 
3298 3298 
4349 4349 
3871 3871 
832 2496 
2754 8262 
2357 785 
3986 3986 
6122 18366 
3024 3024 
3566 10698 
3897 3897 
4183 4183 
5062 1686 
354 1062 
3087 3087 
1236 411 
6487 19461 
3098 9294 
2748 2748 
6391 19173 
4086 1361 
1526 4578 
284 94 
1297 3891 
134 44 
2042 680 
431 1293 
633 210 
4576 13728 
4224 1407 
6669 20007 
5073 15219 
1294 3882 
3297 1098 
3579 10737 
3627 3627 
3378 3378 
7031 21093 
7180 2392 
4774 14322 
4494 4494 
2845 2845 
2671 2671 
3501 10503 
1237 3711 
4425 13275 
103 33 
4805 4805 
5764 17292 
5213 15639 
4740 1579 
4094 1364 
2558 852 
6944 2314 
5008 1668 
6884 2294 
5291 1763 
3256 3256 
471 156 
2686 2686 
2278 758 
6561 2186 
5563 1853 
5031 1676 
4160 4160 
7361 22083 
4575 4575 
4502 1500 
4339 1445 
4214 4214 
6311 2103 
3883 3883 
7329 21987 
5831 1943 
3321 3321 
3863 3863 
1727 5181 
1247 3741 
4469 13407 
3952 3952 
3361 3361 
861 2583 
2017 671 
3886 11658 
3197 1065 
578 1734 
3834 11502 
3521 10563 
4950 4950 
5308 15924 
3032 9096 
6646 19938 
1580 4740 
3155 1051 
1021 3063 
2790 2790 
3401 3401 
4463 13389 
4865 14595 
3139 3139 
4058 4058 
2664 887 
6291 2096 
3786 3786 
4801 4801 
1947 648 
2765 2765 
7120 21360 
7386 22158 
2358 785 
7248 2415 
904 2712 
4815 4815 
3028 1008 
4451 4451 
3288 9864 
4045 12135 
1431 4293 
5175 15525 
3288 3288 
3251 1083 
1796 598 
6894 2297 
1095 364 
6264 18792 
4899 4899 
2597 7791 
4896 4896 
32 96 
1990 662 
3749 3749 
5058 15174 
4768 4768 
317 951 
3159 1052 
4711 4711 
7428 2475 
4770 4770 
1425 4275 
2555 2555 
6632 19896 
1733 5199 
4670 4670 
3923 11769 
4232 12696 
6809 2269 
3460 10380 
4970 14910 
5587 1861 
1992 5976 
3424 10272 
5035 1677 
2280 6840 
3971 1323 
4184 4184 
5621 16863 
2912 970 
1513 503 
6089 18267 
6558 19674 
6489 2162 
6464 2154 
2706 2706 
3912 3912 
3176 9528 
5811 1936 
6039 2012 
4477 4477 
2305 6915 
2883 2883 
3532 1176 
6184 18552 
4953 1650 
1299 432 
3009 1002 
5018 1672 
5709 1902 
7332 21996 
3720 11160 
7101 2366 
2536 2536 
4508 4508 
3548 1182 
7235 2411 
121 39 
7065 2354 
2966 2966 
6352 19056 
2363 7089 
2365 787 
1828 5484 
4510 13530 
3253 3253 
6036 18108 
5488 16464 
3292 1096 
2035 677 
7426 2474 
1662 4986 
6117 2038 
4228 4228 
3203 3203 
6214 18642 
3276 9828 
1269 3807 
3762 1253 
3388 3388 
3023 3023 
1340 446 
4717 4717 
4097 4097 
2775 2775 
2846 8538 
4195 1397 
1607 4821 
4357 4357 
3205 9615 
1049 349 
1331 3993 
4099 4099 
3465 3465 
7401 2466 
5023 15069 
5547 1848 
3116 3116 
3405 3405 
2915 2915 
4387 1461 
2726 2726 
7288 2428 
4066 12198 
6495 19485 
4524 4524 
2605 7815 
1573 523 
2855 2855 
4350 4350 
3228 3228 
3082 9246 
2057 685 
315 945 
6154 2050 
7340 2446 
1961 653 
4958 14874 
2248 748 
305 101 
1013 3039 
2564 7692 
4039 4039 
1241 413 
3883 11649 
1755 5265 
5958 17874 
4122 1373 
5047 15141 
4161 4161 
2852 8556 
2791 929 
5629 1875 
3702 3702 
3206 1068 
3187 3187 
1012 3036 
4718 4718 
5286 1761 
5399 1799 
2920 2920 
1454 4362 
1763 5289 
5003 1667 
7059 2352 
1690 562 
3554 3554 
3107 3107 
1503 500 
4973 4973 
2563 2563 
1011 3033 
675 2025 
2917 2917 
6216 2071 
3893 3893 
3964 3964 
6588 2195 
4081 4081 
182 546 
4396 4396 
2095 697 
893 2679 
1461 486 
2914 8742 
2972 990 
170 56 
7044 21132 
3363 3363 
194 582 
3437 3437 
6973 2323 
997 331 
4084 12252 
3663 1220 
3318 3318 
3134 3134 
6467 19401 
2024 6072 
3472 3472 
4689 4689 
4068 4068 
4934 14802 
4082 1360 
1921 5763 
2791 2791 
7373 2457 
6041 2013 
3899 3899 
3796 1264 
4464 4464 
3276 1091 
2846 2846 
485 161 
7430 22290 
5615 1871 
1795 597 
7015 21045 
4045 4045 
2621 2621 
3187 9561 
3718 3718 
780 2340 
3455 1151 
4748 4748 
4935 4935 
3650 3650 
3756 3756 
1658 552 
6829 20487 
3211 3211 
4812 4812 
3581 3581 
1242 3726 
3874 3874 
597 198 
2295 6885 
3350 1116 
1476 4428 
3088 3088 
4344 1447 
2717 2717 
4242 1413 
4651 4651 
3266 3266 
1962 653 
2577 858 
4993 4993 
3190 1062 
6923 20769 
1040 346 
5730 1909 
2995 997 
3310 9930 
2986 2986 
4273 4273 
6937 2311 
3032 3032 
6229 18687 
4607 1535 
7263 21789 
1440 4320 
4999 1665 
5306 1768 
4040 4040 
306 101 
4489 4489 
3971 11913 
2207 6621 
2204 734 
6941 20823 
3046 3046 
3870 11610 
5797 1931 
3351 3351 
3803 3803 
5413 16239 
394 1182 
5417 1805 
4814 14442 
7360 22080 
23 69 
1653 550 
3118 3118 
2365 7095 
3018 9054 
5112 15336 
5862 1953 
3029 9087 
6373 2123 
1195 397 
2680 2680 
6104 2034 
2034 6102 
4998 4998 
6932 20796 
3514 3514 
4470 4470 
252 756 
2704 2704 
2754 2754 
4781 1593 
837 2511 
3746 1248 
755 2265 
6695 2231 
2240 6720 
6468 2155 
5556 16668 
2565 854 
3452 3452 
7043 21129 
5264 1754 
4414 1470 
4526 4526 
3913 1303 
7282 2426 
5312 1770 
3781 3781 
3236 9708 
5185 15555 
5385 16155 
2682 893 
4682 14046 
3713 1237 
2436 7308 
5450 1816 
1036 344 
2738 2738 
3898 3898 
2791 8373 
551 1653 
2676 2676 
4956 4956 
452 150 
6729 20187 
4510 4510 
7125 2374 
4018 4018 
1087 3261 
3406 10218 
3221 9663 
7109 2369 
3868 1288 
3157 3157 
3047 9141 
2695 2695 
1548 515 
4158 4158 
5891 17673 
3756 11268 
3383 3383 
6076 18228 
3630 3630 
1766 5298 
2349 7047 
4595 13785 
3560 3560 
4036 4036 
5414 16242 
4247 12741 
187 61 
571 1713 
2841 946 
4662 4662 
3625 10875 
3039 3039 
3755 3755 
1642 4926 
1098 3294 
944 2832 
6541 19623 
396 1188 
2139 712 
3023 9069 
572 190 
3347 3347 
4884 14652 
3456 3456 
4102 4102 
5604 16812 
2426 808 
3377 3377 
2667 8001 
4914 14742 
4690 4690 
3948 11844 
6890 2296 
3941 1313 
626 1878 
3568 10704 
3638 3638 
7150 21450 
1894 630 
3532 3532 
4502 4502 
869 289 
759 2277 
3673 3673 
5253 15759 
3323 1107 
3839 11517 
4949 1649 
4229 4229 
3581 1193 
3490 3490 
1543 513 
455 1365 
2585 2585 
3008 1002 
3086 3086 
4605 4605 
2652 2652 
2770 8310 
1017 3051 
4256 12768 
5451 16353 
18 5 
5032 15096 
1264 3792 
4096 4096 
168 504 
102 306 
6236 2078 
3559 3559 
3427 1141 
5479 1825 
45 14 
1398 465 
5768 17304 
5122 15366 
2895 964 
3089 3089 
4216 4216 
4999 4999 
4779 4779 
2556 2556 
2508 2508 
6528 2175 
2546 2546 
155 465 
384 127 
2921 2921 
6537 19611 
6576 2191 
6504 2167 
3588 3588 
6637 19911 
3437 10311 
5232 1743 
2032 676 
1725 5175 
3345 3345 
4765 4765 
2513 2513 
2424 7272 
154 50 
3708 1235 
1766 588 
7147 2381 
722 240 
728 2184 
3891 3891 
4722 4722 
3739 3739 
1037 3111 
6802 20406 
7203 21609 
3324 1107 
2421 7263 
6420 19260 
2107 701 
6451 2149 
769 2307 
1737 578 
3962 3962 
5051 15153 
7097 21291 
3115 1037 
4710 4710 
28 8 
3214 1070 
3282 3282 
5375 1791 
6284 2094 
2634 2634 
4983 4983 
3617 1205 
3413 3413 
3052 3052 
1725 574 
5228 15684 
3165 3165 
3385 3385 
4988 14964 
4611 4611 
2848 948 
6854 2284 
4971 4971 
4204 1400 
3113 3113 
166 498 
5902 1966 
3865 3865 
4077 4077 
559 185 
6306 2101 
5029 1675 
3764 11292 
1870 5610 
2238 745 
6061 18183 
171 56 
2924 2924 
2970 8910 
4868 4868 
7033 2343 
2520 2520 
5270 15810 
7061 21183 
5896 17688 
4690 1562 
2765 921 
1010 3030 
5159 15477 
1127 3381 
2732 910 
3949 3949 
331 109 
469 1407 
4406 13218 
6532 19596 
4936 4936 
2603 2603 
1232 410 
3029 3029 
1281 3843 
3888 3888 
4648 4648 
299 897 
4295 4295 
1817 605 
7316 2438 
4626 4626 
3414 3414 
4647 4647 
6528 19584 
5374 1790 
5887 17661 
2562 7686 
4725 4725 
5187 15561 
7502 2500 
2509 835 
4157 4157 
4705 1567 
6213 18639 
4410 13230 
1943 5829 
5550 16650 
2335 777 
1260 3780 
2645 881 
799 2397 
1873 623 
5866 17598 
2990 2990 
4059 4059 
6874 20622 
3703 3703 
4080 4080 
3158 3158 
4686 4686 
6882 20646 
4074 4074 
4695 1564 
690 2070 
1207 3621 
4588 1528 
4995 1664 
5520 1839 
7169 21507 
3478 1158 
2644 2644 
3252 3252 
4316 4316 
5660 16980 
6457 19371 
2153 717 
4618 4618 
4420 4420 
6142 18426 
3185 3185 
4480 4480 
2936 8808 
3280 3280 
4713 14139 
3364 3364 
5672 1890 
5823 1940 
4516 13548 
918 305 
3500 10500 
5421 1806 
6581 2193 
905 2715 
3574 3574 
6674 20022 
4282 4282 
326 978 
3921 1306 
7119 2372 
2106 6318 
3233 3233 
1410 469 
2621 7863 
3892 3892 
535 177 
4314 4314 
1076 358 
5151 15453 
3889 3889 
392 1176 
4504 1500 
7153 2383 
49 147 
7370 2456 
2914 2914 
3856 3856 
4875 14625 
2582 860 
1148 3444 
25 7 
6473 19419 
1375 4125 
4485 4485 
891 2673 
5113 15339 
3906 11718 
6063 18189 
1268 422 
3119 9357 
5702 17106 
2610 7830 
689 2067 
377 1131 
4820 14460 
4862 4862 
4287 4287 
7191 21573 
2372 790 
3569 3569 
642 213 
2400 7200 
3137 1045 
2669 2669 
603 200 
2339 779 
1485 494 
4826 4826 
4018 1338 
2860 2860 
3274 3274 
3308 9924 
3588 1195 
4992 1663 
4163 4163 
5672 17016 
4563 4563 
6814 2270 
3820 3820 
4786 14358 
5595 16785 
7475 22425 
2904 2904 
4889 4889 
1730 576 
3225 3225 
3476 3476 
3366 3366 
621 1863 
2806 2806 
4844 14532 
2041 679 
4891 4891 
3216 9648 
3687 11061 
3387 1128 
3632 1210 
4278 12834 
7500 2499 
6420 2139 
2681 2681 
514 170 
5183 15549 
6338 2112 
4034 4034 
4027 4027 
3631 3631 
3881 11643 
4164 4164 
3829 3829 
7013 21039 
4987 4987 
2151 6453 
6108 2035 
3237 3237 
1713 570 
298 894 
6572 2190 
3730 11190 
4154 12462 
611 203 
4563 1520 
4917 4917 
4858 1618 
1426 474 
2395 797 
1863 620 
4347 1448 
4421 4421 
4230 1409 
2202 6606 
6683 20049 
2020 6060 
5553 16659 
1370 456 
3002 3002 
5896 1964 
6067 18201 
4075 4075 
3687 3687 
2633 877 
2095 6285 
5043 15129 
4186 4186 
1113 370 
274 90 
355 1065 
336 111 
4462 4462 
2269 6807 
5318 1772 
3357 3357 
2053 683 
3138 9414 
3647 3647 
4283 4283 
1074 3222 
3808 3808 
926 2778 
4320 12960 
530 1590 
1581 4743 
2129 709 
5754 1917 
2877 2877 
4233 12699 
6948 2315 
4632 1543 
3327 3327 
3483 1160 
4635 13905 
2908 968 
4486 1494 
275 825 
3240 1079 
3239 9717 
293 97 
4840 4840 
2753 8259 
241 723 
4195 12585 
1941 5823 
4107 1368 
4156 1384 
3921 3921 
3092 3092 
1942 646 
1163 387 
6769 20307 
3369 3369 
1193 397 
2722 8166 
3035 3035 
7296 21888 
4326 4326 
3842 3842 
4934 4934 
6666 2221 
2000 6000 
3212 3212 
1731 576 
3840 3840 
5270 1756 
5116 1704 
6229 2075 
5795 17385 
4942 4942 
914 2742 
397 131 
1357 4071 
1829 609 
3279 3279 
4695 4695 
3412 3412 
5755 17265 
719 2157 
3419 1139 
5313 15939 
2611 7833 
2398 798 
766 2298 
1932 643 
474 1422 
2861 8583 
3643 1213 
4000 4000 
3436 3436 
7251 2416 
6317 2105 
2570 2570 
3082 3082 
832 276 
4767 14301 
7028 21084 
3996 1331 
4281 4281 
3510 3510 
2493 830 
1039 345 
939 312 
2327 775 
5101 1699 
5770 17310 
1857 618 
4721 4721 
1849 615 
3720 3720 
4039 1345 
3492 1163 
2746 914 
4829 4829 
3446 3446 
3285 9855 
5978 17934 
1487 4461 
6521 19563 
7133 2377 
2589 2589 
309 927 
4623 13869 
2577 2577 
4626 1541 
3359 3359 
5487 16461 
5759 17277 
6157 18471 
3239 3239 
4869 4869 
79 237 
1109 3327 
1227 408 
2418 805 
3585 3585 
2804 2804 
6062 18186 
2945 2945 
7024 2340 
2834 2834 
4619 4619 
1924 640 
5539 1845 
6831 20493 
7429 2475 
1794 5382 
5243 15729 
3037 3037 
3056 3056 
5684 17052 
5203 1733 
7467 2488 
1252 416 
4912 1636 
6936 20808 
31 93 
6700 20100 
5459 16377 
4784 1594 
6254 18762 
1987 5961 
3275 3275 
3928 3928 
3958 3958 
3231 9693 
531 1593 
6107 2035 
6028 2008 
1886 628 
2992 8976 
6747 2248 
5705 17115 
4497 4497 
1105 3315 
4918 1638 
4535 4535 
670 222 
3546 10638 
6758 20274 
59 177 
4979 14937 
527 175 
7197 21591 
7351 2449 
3102 3102 
3362 10086 
117 38 
2939 2939 
4288 12864 
2861 2861 
4274 4274 
6419 2139 
4365 4365 
4985 1661 
6472 19416 
4007 1335 
4303 4303 
6691 2229 
4218 4218 
2264 754 
5348 1782 
2525 7575 
3575 3575 
4884 4884 
3647 1215 
4964 4964 
4621 1539 
2515 2515 
4182 1393 
4898 4898 
4405 4405 
3819 3819 
4693 14079 
5277 15831 
1279 3837 
4813 14439 
4117 12351 
1971 656 
631 209 
4674 4674 
4554 1517 
3991 1329 
2207 735 
5778 1925 
7287 21861 
4505 4505 
2601 2601 
2568 855 
7247 21741 
4177 4177 
6952 2316 
6176 2058 
5849 17547 
6382 19146 
3767 11301 
3519 3519 
1289 429 
4620 13860 
5143 1713 
4824 14472 
265 795 
583 193 
7442 22326 
4453 4453 
6309 2102 
1147 381 
4911 14733 
1231 3693 
4432 13296 
3960 1319 
6592 19776 
1475 491 
2128 6384 
3999 3999 
6404 19212 
2188 6564 
6387 2128 
3850 3850 
3085 9255 
4266 1421 
4363 1453 
3205 3205 
5968 17904 
3520 1172 
2903 2903 
4780 4780 
7374 22122 
6988 2328 
2936 2936 
578 192 
3221 3221 
6608 2202 
2826 941 
3821 3821 
2463 7389 
5678 1892 
3579 3579 
3384 3384 
3763 1253 
4943 4943 
3906 3906 
1533 4599 
4582 4582 
2882 2882 
4908 4908 
3406 3406 
2737 2737 
5788 17364 
3905 3905 
3557 1185 
4125 12375 
3377 10131 
5630 1876 
4955 14865 
5940 1979 
661 1983 
4007 4007 
4468 1488 
3483 3483 
5241 1746 
4378 4378 
561 1683 
3568 3568 
1748 582 
2637 878 
718 2154 
5325 15975 
4558 13674 
815 2445 
1677 558 
4271 4271 
7109 21327 
1715 571 
3234 3234 
4159 4159 
6940 2312 
4655 4655 
3087 1028 
3972 3972 
1872 5616 
5085 1694 
3771 3771 
1965 654 
2933 2933 
542 1626 
3096 1031 
2558 2558 
2626 7878 
5780 17340 
2604 2604 
2827 2827 
4294 12882 
2460 819 
3451 1149 
4558 4558 
5954 1984 
6053 2017 
4479 4479 
2747 2747 
6703 20109 
4016 1338 
4207 12621 
3150 1049 
1944 647 
943 2829 
1691 563 
4794 4794 
3443 3443 
941 313 
1261 419 
5329 15987 
2720 2720 
3660 3660 
4581 1526 
7172 2390 
6725 2241 
3611 10833 
3017 3017 
4356 4356 
4766 1588 
2998 2998 
2928 2928 
4194 4194 
1855 5565 
4347 4347 
2443 7329 
2578 2578 
1981 659 
4672 4672 
3160 3160 
977 2931 
4860 14580 
3731 3731 
1782 593 
1422 4266 
7453 22359 
5656 1884 
4881 4881 
3939 3939 
6100 18300 
1874 5622 
4065 4065 
2190 729 
7073 2357 
5028 15084 
3663 3663 
3077 3077 
772 2316 
3345 1114 
4262 4262 
88 264 
4123 12369 
5321 15963 
2252 6756 
2509 2509 
1633 543 
4249 4249 
6079 2025 
2320 772 
3167 3167 
3545 3545 
3002 1000 
4142 4142 
4202 4202 
3590 1196 
4344 4344 
2060 6180 
6754 2250 
1857 5571 
3342 3342 
4173 4173 
3343 3343 
4847 4847 
3118 1038 
4679 4679 
3817 3817 
4193 12579 
3371 1123 
846 2538 
4596 1531 
3945 11835 
3006 3006 
5563 16689 
2793 930 
3094 3094 
2603 867 
4874 4874 
5539 16617 
4776 4776 
1068 3204 
4745 1581 
1836 5508 
2899 2899 
4638 4638 
3862 11586 
4583 1527 
2987 2987 
5782 1926 
1405 4215 
2894 2894 
2769 2769 
4976 4976 
6806 20418 
1396 4188 
2416 7248 
2220 739 
1464 487 
7223 2407 
4367 4367 
3564 3564 
4465 4465 
3055 3055 
4385 1461 
3595 3595 
4041 1346 
2619 872 
5693 17079 
3244 3244 
6356 19068 
4967 4967 
6067 2021 
6204 2067 
4455 1484 
4269 12807 
811 269 
2872 2872 
2634 7902 
3145 3145 
5542 1846 
4699 4699 
4003 4003 
1985 661 
6626 2208 
3045 3045 
3615 10845 
3688 1228 
5907 1968 
4185 1394 
56 168 
1215 404 
4936 1644 
2562 2562 
4787 14361 
643 213 
7404 2467 
6627 19881 
2503 2503 
4923 1640 
438 1314 
6827 20481 
2648 882 
2690 2690 
2402 800 
7149 21447 
2047 681 
3806 1268 
4412 13236 
7391 22173 
4586 1528 
1778 592 
2701 2701 
897 2691 
4961 4961 
3200 9600 
2930 976 
4352 1450 
1112 370 
5182 1726 
2612 2612 
3963 3963 
3243 9729 
4467 1488 
2900 966 
3625 3625 
4044 4044 
6885 20655 
2748 8244 
6131 18393 
2512 2512 
3716 3716 
4208 12624 
6640 2212 
918 2754 
3085 3085 
1367 455 
2770 2770 
3092 1030 
4627 1541 
3674 3674 
3911 3911 
1292 3876 
5622 1873 
6468 19404 
7495 2497 
5989 17967 
3441 3441 
898 2694 
6035 2011 
3617 3617 
2245 747 
6252 2083 
1605 534 
2506 7518 
2194 730 
7476 22428 
2635 2635 
2526 2526 
6006 18018 
5045 1681 
4165 4165 
4425 4425 
6849 20547 
3360 3360 
3483 10449 
4988 4988 
3082 1026 
1626 4878 
4073 12219 
138 45 
2280 759 
197 591 
1652 550 
3409 1135 
2650 2650 
671 223 
6209 18627 
4443 13329 
6872 20616 
2010 6030 
2714 8142 
4007 12021 
4144 12432 
2864 2864 
3163 3163 
863 287 
4239 4239 
3937 11811 
3064 3064 
2822 940 
5901 1966 
3491 3491 
4393 1463 
5350 16050 
4138 4138 
2584 860 
4914 4914 
5141 1713 
2826 2826 
6745 2247 
696 2088 
3416 3416 
1711 569 
836 2508 
3831 3831 
7392 2463 
3985 3985 
3428 1142 
4033 4033 
1475 4425 
4330 4330 
3896 3896 
4944 4944 
513 1539 
4379 13137 
2647 7941 
4199 4199 
4308 4308 
7257 21771 
1103 3309 
1084 3252 
5899 1965 
677 2031 
3767 3767 
3991 3991 
4355 4355 
4229 1409 
4100 4100 
2572 2572 
3970 3970 
3485 10455 
2723 2723 
5534 16602 
6488 2162 
3368 10104 
3343 10029 
2719 2719 
6190 2062 
2587 2587 
5278 15834 
2063 6189 
3450 3450 
2346 7038 
5054 15162 
4256 4256 
2807 2807 
3410 3410 
2250 749 
1813 5439 
3535 1177 
3623 3623 
2546 848 
2888 2888 
4842 4842 
3781 1259 
726 2178 
5344 1780 
702 2106 
6452 19356 
1791 5373 
2891 2891 
1490 4470 
5806 17418 
3309 3309 
4925 4925 
7201 21603 
4418 4418 
4760 14280 
5658 16974 
3753 1250 
4912 4912 
244 80 
449 149 
1253 3759 
4223 1407 
3618 1205 
3798 1265 
4703 4703 
3373 3373 
6943 20829 
4099 12297 
4280 4280 
911 303 
3399 3399 
3954 3954 
5995 17985 
3903 11709 
32 10 
5074 15222 
2521 2521 
4321 4321 
7307 2435 
5053 15159 
2622 7866 
5911 1969 
2828 2828 
312 936 
6173 18519 
6787 20361 
4676 4676 
4635 4635 
3463 10389 
4782 4782 
7155 2384 
3101 3101 
4762 4762 
2325 6975 
6747 20241 
5276 15828 
2818 2818 
4388 1462 
215 645 
4316 1438 
5783 17349 
1627 541 
5554 1850 
2485 827 
7483 2493 
3246 3246 
2591 2591 
4730 4730 
3177 3177 
6232 2076 
614 204 
3199 9597 
524 1572 
1161 3483 
5684 1894 
2191 729 
645 214 
2954 8862 
1727 575 
3775 3775 
6716 2238 
3491 1163 
2859 2859 
2043 6129 
4469 4469 
3466 3466 
3183 9549 
6862 20586 
6990 20970 
6279 2092 
3390 3390 
6822 20466 
3241 1079 
3195 3195 
1506 501 
3162 9486 
4613 13839 
7131 2376 
4445 4445 
6367 2121 
6289 18867 
4845 4845 
7263 2420 
4552 4552 
6077 18231 
3672 3672 
7214 2404 
4784 4784 
2670 2670 
4723 4723 
5093 15279 
3665 10995 
1836 611 
2734 910 
1738 578 
1962 5886 
4752 1583 
6084 18252 
6841 2279 
7181 21543 
3341 3341 
5364 1787 
4236 4236 
6163 2053 
6761 2253 
1354 4062 
3553 1183 
4413 4413 
3759 1252 
4034 1344 
2066 6198 
2731 909 
2980 2980 
3652 3652 
4118 4118 
681 2043 
4453 13359 
5760 1919 
469 155 
5043 1680 
6246 18738 
563 187 
2429 809 
1856 5568 
5153 1717 
2573 2573 
6197 18591 
164 54 
2511 836 
1316 3948 
5197 1731 
4886 4886 
3214 3214 
1023 3069 
4085 4085 
4103 4103 
6299 18897 
6318 18954 
2609 2609 
6360 19080 
1117 371 
3043 9129 
3147 3147 
6804 20412 
6145 18435 
4370 4370 
6665 19995 
2528 7584 
3320 3320 
636 1908 
4194 1397 
2880 2880 
4549 4549 
292 96 
601 1803 
2714 2714 
3384 10152 
2649 882 
3442 3442 
7004 21012 
5762 17286 
1267 3801 
5922 17766 
5232 15696 
6881 20643 
4324 12972 
7419 2472 
3637 10911 
5242 15726 
2857 8571 
1080 359 
3210 1069 
3259 1085 
6189 2062 
3643 3643 
4326 1441 
4323 4323 
6258 2085 
3479 3479 
5142 1713 
2803 2803 
2630 2630 
1233 410 
4894 4894 
3927 3927 
6331 18993 
3095 9285 
690 229 
2470 822 
1672 5016 
115 37 
5893 1963 
2578 7734 
5801 17403 
2540 846 
3433 3433 
4481 4481 
6511 2169 
4947 4947 
3077 1025 
1955 651 
3283 1093 
301 99 
3547 3547 
5394 16182 
5890 17670 
344 1032 
4581 4581 
5508 1835 
1673 5019 
2563 7689 
4957 4957 
515 1545 
3646 10938 
2624 874 
536 1608 
2078 6234 
4248 4248 
3005 1001 
7365 2454 
7389 22167 
2971 2971 
3508 10524 
4269 4269 
3200 3200 
4920 4920 
2539 2539 
2809 935 
3528 1175 
5592 16776 
4738 4738 
2132 6396 
3517 10551 
4887 4887 
4742 1580 
4048 4048 
4443 1480 
4624 4624 
3301 3301 
3780 11340 
1408 468 
3838 1278 
2731 2731 
1004 334 
988 2964 
2292 763 
4733 4733 
7131 21393 
3273 1090 
4333 4333 
5176 1724 
3131 3131 
6308 18924 
3174 3174 
4046 4046 
3255 9765 
4078 12234 
5249 1749 
3975 3975 
3098 3098 
5234 1744 
254 762 
1789 5367 
6370 19110 
2948 8844 
4664 4664 
6661 2219 
4732 4732 
4463 1487 
2740 2740 
2709 2709 
4463 4463 
4156 4156 
4720 1572 
2282 6846 
6992 20976 
2916 8748 
4527 13581 
1447 4341 
4746 4746 
5545 1847 
790 2370 
495 1485 
5395 1797 
4251 4251 
2850 949 
3166 3166 
4939 4939 
5258 15774 
6016 18048 
4955 4955 
3213 3213 
2098 6294 
4327 4327 
4409 1469 
3471 3471 
4139 12417 
4311 4311 
4609 13827 
6349 19047 
2091 696 
4112 4112 
3826 11478 
3335 1111 
1577 4731 
4311 12933 
3791 3791 
5372 1790 
5406 1801 
4861 4861 
7092 21276 
7132 2376 
4411 13233 
7221 2406 
4937 4937 
852 2556 
565 1695 
7275 21825 
4809 1602 
6231 18693 
3704 3704 
2550 849 
2099 6297 
3535 10605 
3415 3415 
3837 3837 
2542 7626 
4411 4411 
5951 1983 
1826 5478 
1852 5556 
3422 3422 
4456 13368 
3053 3053 
4366 4366 
3215 9645 
2802 2802 
487 161 
1978 5934 
4430 1476 
3955 3955 
5770 1922 
3298 1098 
1338 4014 
6211 2069 
4906 4906 
5856 1951 
3741 3741 
2913 970 
6645 19935 
3512 3512 
3332 3332 
4587 13761 
7403 22209 
2166 721 
2309 6927 
7094 2364 
3639 3639 
4245 1414 
1223 407 
4383 4383 
3487 10461 
2623 2623 
148 444 
87 28 
5236 1744 
5411 1803 
4452 4452 
865 287 
4211 12633 
3884 3884 
6749 20247 
2824 2824 
1840 5520 
3558 1185 
3533 3533 
3712 3712 
3123 3123 
4531 4531 
14 42 
3403 3403 
1669 555 
900 2700 
7358 2452 
4628 4628 
575 1725 
2788 928 
4212 1403 
3440 3440 
3517 3517 
3223 9669 
5246 15738 
6954 2317 
4436 4436 
631 1893 
3462 10386 
4207 4207 
4457 4457 
2713 903 
3411 3411 
2648 7944 
2645 2645 
2966 8898 
2773 2773 
3611 3611 
4487 4487 
3265 3265 
5280 1759 
2787 2787 
4700 1566 
5050 1682 
947 315 
4601 4601 
3691 3691 
2391 796 
3543 3543 
6376 2124 
3148 3148 
4913 4913 
258 774 
3592 3592 
421 139 
699 2097 
1318 3954 
5895 1964 
2056 684 
4263 4263 
2427 7281 
2958 2958 
4671 4671 
1304 3912 
2946 2946 
6130 2042 
3973 3973 
3914 3914 
3551 3551 
4742 4742 
305 915 
1175 391 
4790 4790 
2616 7848 
4688 4688 
6189 18567 
1551 516 
5686 1894 
4497 13491 
1542 4626 
2608 2608 
2814 2814 
2005 667 
988 328 
7254 2417 
4904 14712 
5912 1970 
3146 3146 
618 205 
3995 11985 
1387 461 
3120 9360 
3154 3154 
5256 1751 
2792 2792 
2994 2994 
3033 3033 
136 408 
5617 1871 
3873 1290 
2907 968 
2364 787 
3180 1059 
3108 3108 
4991 1663 
2961 2961 
3566 3566 
1841 613 
4769 4769 
4050 4050 
48 15 
3743 3743 
2575 857 
3272 1090 
3157 9471 
2993 2993 
5603 16809 
5474 16422 
461 1383 
4087 4087 
7394 2464 
715 237 
1664 4992 
3727 3727 
4704 4704 
4414 13242 
5223 1740 
4233 4233 
4280 12840 
4110 4110 
5324 1774 
1437 478 
6109 18327 
1165 387 
7034 2344 
4823 4823 
3845 3845 
3895 11685 
5271 1756 
6771 2256 
3875 3875 
5018 15054 
5566 1854 
4980 1659 
4432 1476 
1106 368 
5741 17223 
2557 851 
2459 7377 
2981 2981 
4965 14895 
3628 3628 
5256 15768 
1334 444 
4938 4938 
1248 3744 
1510 4530 
2718 2718 
3561 3561 
83 27 
3784 3784 
4767 1588 
2641 7923 
6072 2023 
4448 4448 
2871 2871 
4783 4783 
6784 20352 
4857 4857 
5407 16221 
3450 1149 
6629 19887 
4841 1613 
3824 3824 
5098 1698 
1084 360 
5391 16173 
2857 2857 
6542 19626 
1345 4035 
1757 5271 
592 1776 
4878 14634 
3130 3130 
3284 1094 
6093 18279 
1224 407 
3713 11139 
4267 4267 
4380 4380 
3319 3319 
5813 17439 
7227 2408 
4706 4706 
5530 1842 
3923 1307 
2236 744 
464 154 
2551 2551 
5885 1961 
59 19 
3668 3668 
2701 8103 
4555 4555 
2931 2931 
1035 344 
1099 3297 
4851 4851 
1530 4590 
3049 1015 
3948 3948 
3096 3096 
6525 2174 
4860 4860 
5072 15216 
1198 3594 
3574 10722 
3331 3331 
2697 2697 
4421 1473 
4683 1560 
1718 572 
6540 19620 
3459 3459 
4675 4675 
3106 3106 
4336 13008 
3832 3832 
2703 2703 
3067 1021 
2115 6345 
7212 21636 
1005 3015 
3719 3719 
3089 9267 
2819 2819 
1356 4068 
4587 4587 
3791 11373 
3113 9339 
3099 1032 
5007 1668 
2516 2516 
4131 1376 
3151 3151 
5674 1890 
5357 1785 
6335 19005 
7055 21165 
2739 912 
2935 2935 
2417 7251 
4709 4709 
6559 19677 
1797 5391 
4075 1357 
2144 6432 
1156 3468 
3879 3879 
7332 2443 
3806 3806 
4475 4475 
3859 11577 
3689 1229 
4889 1629 
3876 1291 
2624 2624 
1103 367 
2755 2755 
1827 5481 
1426 4278 
5817 17451 
6507 2168 
5515 16545 
4109 1369 
3923 3923 
2317 6951 
4120 4120 
6449 2149 
5880 17640 
2348 7044 
4113 4113 
4438 4438 
1364 4092 
680 226 
4021 4021 
5274 1757 
4952 4952 
137 411 
755 251 
3208 3208 
6140 18420 
4666 4666 
4969 4969 
3350 3350 
4616 4616 
6400 2132 
30 9 
3395 3395 
5864 17592 
5071 15213 
625 207 
5608 1868 
4121 4121 
5841 1946 
4310 4310 
4212 4212 
2535 7605 
2836 2836 
4105 4105 
3062 1020 
2810 2810 
6535 19605 
2656 884 
351 116 
6253 18759 
4054 4054 
2653 2653 
6260 2086 
5681 1893 
3361 10083 
1389 462 
653 217 
761 2283 
4231 12693 
3209 3209 
5174 1724 
7354 2450 
2929 2929 
6101 2033 
3989 1329 
2647 2647 
4195 4195 
2748 915 
3219 9657 
3461 3461 
7276 21828 
3431 3431 
5227 1741 
4386 13158 
4922 4922 
5345 16035 
1559 4677 
2502 7506 
5376 16128 
4833 1610 
4086 4086 
2816 2816 
3445 10335 
1603 533 
3343 1113 
2380 7140 
4762 14286 
3626 3626 
3238 3238 
4514 1504 
4021 12063 
3305 3305 
3624 10872 
3737 3737 
3890 3890 
4261 4261 
4528 4528 
3917 3917 
2552 2552 
2848 8544 
3877 3877 
2867 2867 
2709 902 
6104 18312 
4677 4677 
4073 4073 
4539 4539 
3196 3196 
1439 4317 
2030 6090 
3742 11226 
2514 2514 
7112 2370 
1499 499 
3309 9927 
3336 3336 
3774 3774 
3408 1135 
4604 4604 
2823 2823 
4193 4193 
5796 1931 
4512 1503 
2733 910 
108 324 
4485 1494 
7085 21255 
3374 10122 
7488 2495 
3571 3571 
7401 22203 
4248 12744 
3940 3940 
3171 1056 
2613 2613 
4030 4030 
1172 390 
1245 414 
7139 2379 
4858 4858 
1389 4167 
706 234 
4036 12108 
2302 6906 
2275 6825 
499 1497 
5935 1977 
4656 1551 
6971 20913 
7242 2413 
3770 3770 
3354 3354 
6706 20118 
4009 12027 
3212 9636 
4534 4534 
1425 474 
3411 1136 
3852 3852 
5668 1888 
3074 3074 
2201 6603 
1007 335 
5142 15426 
2873 8619 
2593 2593 
1513 4539 
4219 4219 
4614 4614 
3744 3744 
3333 3333 
3061 9183 
2801 2801 
3500 3500 
7012 2336 
2959 8877 
3044 3044 
4449 4449 
3135 3135 
4557 13671 
5690 1896 
4368 1455 
559 1677 
7232 2410 
2855 951 
1610 4830 
4131 12393 
4317 4317 
3497 3497 
2922 2922 
4668 4668 
6671 20013 
3285 1094 
2800 2800 
5251 15753 
707 2121 
3232 9696 
2724 8172 
3937 1311 
4349 1449 
3065 3065 
2549 2549 
4028 12084 
2732 2732 
5293 15879 
4440 4440 
3012 3012 
3140 3140 
2684 2684 
507 1521 
2126 708 
4338 4338 
3780 3780 
4644 4644 
2705 2705 
4759 1585 
299 99 
6942 2313 
3823 3823 
5582 1860 
3722 3722 
5869 17607 
3261 3261 
6571 19713 
3744 1247 
2595 2595 
5162 1720 
3947 3947 
1309 435 
4607 4607 
649 1947 
4777 4777 
4168 4168 
5667 17001 
6628 2208 
2832 2832 
6614 2204 
1062 353 
5837 1945 
4071 4071 
2608 868 
2938 2938 
4629 4629 
5347 1781 
4583 4583 
996 331 
3242 3242 
3932 3932 
3190 3190 
2403 800 
4476 4476 
4490 4490 
6476 2158 
3092 9276 
6801 2266 
4591 4591 
7451 22353 
1349 449 
174 57 
4930 14790 
5354 16062 
1283 427 
4319 4319 
1044 3132 
2545 2545 
3295 3295 
766 254 
5958 1985 
4067 4067 
3057 1018 
7481 2493 
2427 808 
4897 4897 
1100 366 
2507 2507 
4029 4029 
789 262 
3839 3839 
5508 16524 
3477 1158 
5916 1971 
4837 14511 
2151 716 
1333 3999 
2825 2825 
4919 4919 
802 2406 
7002 2333 
7030 21090 
663 220 
2716 2716 
4895 4895 
2234 744 
5040 15120 
7158 21474 
462 1386 
2972 2972 
4160 12480 
2939 979 
3036 9108 
4167 4167 
4916 4916 
4403 4403 
2283 6849 
1312 436 
4622 4622 
2940 2940 
5066 15198 
1625 4875 
7342 22026 
4084 1360 
5554 16662 
3541 10623 
382 126 
4691 4691 
3270 3270 
4294 4294 
5736 1911 
4773 4773 
4300 12900 
6795 2264 
1585 4755 
4760 4760 
3960 3960 
3860 1286 
4410 4410 
3525 10575 
225 675 
4987 14961 
6996 2331 
1644 547 
3946 1314 
3095 3095 
373 1119 
7110 21330 
100 300 
2798 8394 
97 31 
478 158 
3726 11178 
454 150 
3563 3563 
3352 1116 
3693 3693 
3301 9903 
7136 21408 
2174 6522 
543 1629 
2956 2956 
3321 1106 
2778 925 
2412 7236 
5117 1705 
7288 21864 
5846 17538 
2935 8805 
510 169 
3960 11880 
5219 15657 
253 83 
1619 4857 
7485 22455 
4346 4346 
4822 14466 
3007 3007 
3893 11679 
2999 2999 
4966 1654 
3795 1264 
4961 14883 
6196 2064 
3397 3397 
6396 19188 
5606 16818 
1614 537 
5108 1702 
1693 563 
2992 2992 
5265 15795 
3489 3489 
3847 3847 
2482 826 
6328 2108 
5509 1835 
6108 18324 
3223 3223 
4999 14997 
3838 3838 
5591 16773 
1741 579 
1645 547 
4055 12165 
4064 4064 
6586 19758 
4328 1442 
616 1848 
2906 2906 
2837 8511 
2594 2594 
7212 2403 
3889 11667 
2197 731 
5894 1964 
6203 18609 
4019 1339 
5360 1786 
3143 3143 
2968 988 
7156 21468 
5079 15237 
1446 4338 
1990 5970 
1762 5286 
4989 4989 
4124 1374 
3992 11976 
3265 9795 
3227 9681 
2710 2710 
630 209 
6139 2045 
3018 3018 
4928 14784 
3750 1249 
7139 21417 
2331 776 
5887 1961 
56 18 
4503 4503 
4641 4641 
4551 4551 
4352 4352 
4605 13815 
4888 4888 
3506 3506 
998 2994 
5010 1669 
2069 689 
4814 4814 
3279 9837 
4632 4632 
3297 3297 
5497 16491 
3740 3740 
3462 3462 
975 324 
4456 1484 
2329 775 
3393 10179 
1380 4140 
3724 3724 
2993 8979 
5984 17952 
3855 11565 
5915 17745 
3794 3794 
2596 2596 
4625 4625 
4693 4693 
3263 9789 
4020 4020 
7137 2378 
3533 10599 
3788 3788 
960 319 
3778 3778 
3181 9543 
4377 1458 
1788 5364 
4929 4929 
3554 10662 
6406 19218 
6408 2135 
7065 21195 
3671 11013 
5171 1723 
4483 4483 
4646 4646 
2127 708 
600 1800 
4264 4264 
4136 1378 
3616 3616 
3021 3021 
3496 1164 
3011 9033 
2985 2985 
2736 2736 
5302 15906 
4127 4127 
5422 1806 
6226 2074 
6974 2324 
3435 10305 
1662 553 
2750 2750 
3454 1150 
2017 6051 
2135 711 
6019 2005 
358 1074 
1415 4245 
2194 6582 
3257 3257 
4156 12468 
1917 638 
1575 524 
290 96 
3183 3183 
4017 1338 
4008 4008 
3802 3802 
2970 2970 
1023 340 
3688 3688 
5908 17724 
2962 2962 
1631 4893 
4888 1628 
3079 3079 
3389 1129 
4682 4682 
7124 21372 
288 95 
3593 1197 
6603 2200 
1330 3990 
2649 2649 
6801 20403 
3509 3509 
7464 22392 
6957 20871 
2103 700 
7019 2339 
2052 6156 
4929 14787 
206 68 
328 984 
6031 18093 
3584 3584 
2168 6504 
1358 452 
2686 894 
3255 3255 
4131 4131 
4603 4603 
4909 1635 
2625 2625 
3699 1232 
2536 844 
4013 12039 
3782 11346 
2472 823 
109 35 
5943 17829 
3641 1213 
6941 2313 
3701 3701 
3966 3966 
4796 4796 
448 148 
6092 2030 
1846 614 
1115 3345 
3235 9705 
2633 2633 
4247 4247 
1251 416 
22 6 
1887 628 
4918 4918 
6414 19242 
1897 5691 
4525 13575 
4038 1345 
5593 16779 
2580 2580 
800 2400 
3005 9015 
6136 18408 
3816 11448 
7110 2369 
4241 4241 
4347 13041 
1989 5967 
4846 4846 
3678 3678 
4184 12552 
3243 3243 
5452 1816 
4005 4005 
4745 4745 
3578 3578 
1189 3567 
890 296 
2522 2522 
1457 4371 
4289 4289 
1016 338 
6206 2068 
2256 6768 
2926 2926 
705 2115 
6926 2308 
3916 3916 
2598 2598 
1964 654 
4720 4720 
2416 804 
4787 4787 
4567 4567 
2952 8856 
2941 2941 
3557 3557 
744 2232 
2923 2923 
4975 4975 
2661 7983 
4292 4292 
2071 689 
2870 8610 
7479 22437 
2547 7641 
2806 934 
1555 517 
3421 10263 
4549 13647 
2944 2944 
5688 17064 
4147 4147 
4191 4191 
5863 1953 
4318 4318 
2868 2868 
1476 491 
5562 1853 
6472 2156 
3097 1031 
3825 1274 
4114 4114 
4681 1559 
4250 4250 
3603 3603 
3795 11385 
3828 11484 
278 834 
236 708 
3558 3558 
967 2901 
5338 16014 
3109 3109 
5404 1800 
4719 4719 
3556 3556 
2879 959 
3318 1105 
638 212 
3088 1028 
3797 3797 
2675 2675 
5561 1853 
5788 1928 
4904 4904 
5323 15969 
1892 5676 
3277 3277 
5084 15252 
3663 10989 
1609 535 
5988 17964 
3281 3281 
3853 1283 
4863 1620 
1409 469 
337 111 
1427 4281 
1523 507 
3468 3468 
7343 22029 
112 36 
4328 4328 
7090 2362 
1102 3306 
4772 14316 
3768 3768 
4438 13314 
6076 2024 
3897 11691 
2078 692 
3975 11925 
4992 4992 
4155 4155 
4218 12654 
3826 3826 
1016 3048 
4657 4657 
646 214 
6231 2076 
3787 3787 
2693 2693 
6821 2273 
7228 21684 
4622 13866 
3325 9975 
1492 496 
3127 9381 
4431 4431 
774 2322 
7284 2427 
4642 4642 
1266 3798 
1810 602 
1628 4884 
3248 3248 
5632 1876 
2543 2543 
817 271 
920 2760 
4756 4756 
7237 2411 
4819 1605 
2854 2854 
842 2526 
770 256 
2557 2557 
5558 16674 
2722 2722 
3475 3475 
3484 3484 
3804 3804 
2368 7104 
66 21 
1592 4776 
3449 3449 
1796 5388 
1257 3771 
4358 13074 
6433 19299 
4588 13764 
3072 3072 
7383 22149 
2285 761 
4671 1556 
4199 12597 
845 281 
1014 337 
4785 4785 
2790 929 
4586 13758 
2544 2544 
6491 19473 
4208 4208 
3179 1059 
7244 21732 
7216 21648 
2699 8097 
6180 18540 
6842 20526 
4488 4488 
2822 2822 
2922 8766 
4191 1396 
827 2481 
4755 14265 
2036 6108 
1765 5295 
6057 2018 
1772 5316 
3657 1218 
5900 1966 
4488 1495 
4419 4419 
6685 20055 
4076 4076 
6536 19608 
147 441 
3760 3760 
2534 2534 
3480 10440 
227 75 
2876 8628 
1779 592 
7236 21708 
2866 2866 
5691 17073 
3383 10149 
2242 6726 
448 1344 
2041 6123 
4053 4053 
6046 2014 
2515 7545 
3225 1074 
3137 3137 
5210 15630 
6508 2168 
279 92 
1961 5883 
3276 3276 
667 2001 
1794 597 
5829 1942 
4543 4543 
5686 17058 
5206 1734 
158 474 
3881 3881 
5070 15210 
4003 1333 
7213 21639 
4650 4650 
4585 4585 
4776 14328 
1981 5943 
6364 19092 
1669 5007 
2617 2617 
3258 3258 
3252 1083 
862 286 
4152 1383 
4013 1337 
2261 6783 
2746 2746 
5088 1695 
4716 1571 
5647 16941 
1926 641 
2655 2655 
1952 5856 
4228 12684 
2182 6546 
3251 3251 
1875 624 
7100 21300 
3549 10647 
297 98 
2799 2799 
7241 2413 
3487 1161 
3916 1304 
2886 2886 
5774 1924 
6485 2161 
1525 4575 
3659 3659 
2112 703 
4454 4454 
2847 2847 
6412 19236 
3805 3805 
233 77 
5831 17493 
5216 1738 
4056 4056 
2934 977 
981 2943 
6480 19440 
3218 1072 
1067 355 
3714 3714 
4035 4035 
26 8 
835 277 
5390 1796 
4413 13239 
3861 1286 
2932 976 
4554 13662 
6436 2144 
976 324 
3553 3553 
1280 426 
3061 3061 
2383 7149 
3097 9291 
7406 2468 
2307 768 
3869 3869 
1640 4920 
2801 933 
2369 789 
3504 3504 
5129 1709 
658 218 
4517 1505 
2532 2532 
1110 3330 
5386 1794 
716 238 
2679 8037 
2498 832 
6837 2278 
4313 12939 
3159 3159 
2502 2502 
6105 2034 
6095 18285 
4604 1534 
7420 22260 
4789 14367 
4500 4500 
4804 4804 
2163 6489 
3629 3629 
3370 3370 
4069 4069 
2909 2909 
1123 3369 
4038 4038 
5222 15666 
6047 18141 
3885 3885 
2682 2682 
2036 678 
1988 5964 
4407 4407 
425 141 
2348 782 
3654 3654 
2989 2989 
6004 2000 
6576 19728 
2637 2637 
6597 19791 
108 35 
1823 607 
7496 2498 
3904 1300 
6746 20238 
2771 923 
3541 3541 
5819 17457 
4467 13401 
7301 2433 
1481 493 
2575 2575 
4696 4696 
355 117 
4531 13593 
3334 1110 
3880 3880 
6542 2180 
2638 2638 
4504 4504 
6655 2217 
883 2649 
4565 13695 
2219 6657 
779 259 
3651 10953 
6887 2295 
7369 2455 
2615 2615 
2597 2597 
4767 4767 
2571 2571 
3616 1204 
3548 3548 
885 294 
2984 994 
5053 1683 
41 13 
2871 8613 
4401 4401 
3540 1179 
1050 3150 
3372 1123 
1753 583 
3661 10983 
712 236 
4221 1406 
6483 19449 
4656 4656 
4719 1572 
4484 4484 
1704 5112 
4322 4322 
3314 1104 
3122 3122 
3796 3796 
992 2976 
2951 2951 
4101 4101 
6744 20232 
3153 3153 
6917 2305 
2601 866 
5173 15519 
458 1374 
177 58 
4018 12054 
4926 4926 
700 232 
3091 3091 
4675 14025 
620 206 
4853 14559 
6703 2233 
2143 6429 
263 789 
12 36 
2976 2976 
2857 951 
6788 20364 
1385 4155 
3721 3721 
4960 4960 
4426 4426 
3420 3420 
2568 7704 
1240 412 
4832 4832 
3935 3935 
6578 19734 
3312 3312 
2153 6459 
7463 22389 
2540 2540 
2299 6897 
3026 1008 
3125 3125 
5969 17907 
2950 2950 
3785 3785 
1270 422 
6267 2088 
205 67 
5663 16989 
2311 6933 
4150 4150 
6496 2164 
4951 4951 
5428 16284 
3635 1211 
949 315 
1736 5208 
4882 4882 
4400 4400 
3814 3814 
2785 2785 
793 263 
953 2859 
4437 13311 
6985 20955 
7074 2357 
540 179 
6345 2114 
3693 1230 
5017 15051 
1989 662 
817 2451 
1944 5832 
7428 22284 
303 100 
11 33 
6930 2309 
813 2439 
118 354 
4553 4553 
4997 4997 
7445 22335 
2418 7254 
3634 10902 
6398 19194 
3747 3747 
338 1014 
3983 3983 
1714 570 
3519 1172 
4177 1391 
4872 1623 
6619 19857 
438 145 
5552 16656 
1822 5466 
655 217 
1232 3696 
3479 10437 
6874 2290 
430 1290 
4900 4900 
1508 502 
1243 413 
1799 599 
5665 16995 
6119 2039 
4534 13602 
3546 3546 
7312 2436 
4750 4750 
3984 3984 
6466 2154 
4384 4384 
4158 1385 
330 109 
4191 12573 
3671 1223 
4413 1470 
3435 3435 
4795 4795 
3457 3457 
4847 1615 
2003 6009 
6672 20016 
4041 4041 
6333 2110 
3944 3944 
569 1707 
4422 13266 
1860 5580 
7310 21930 
3683 1227 
6043 2013 
6518 2172 
1319 439 
1678 5034 
4257 1418 
22 66 
2815 8445 
7305 2434 
4927 1641 
3992 3992 
6755 20265 
3936 3936 
3230 9690 
4045 1347 
6381 19143 
6946 20838 
2952 2952 
940 312 
4019 4019 
4984 4984 
2751 2751 
4807 1601 
6313 2103 
2761 2761 
1923 640 
2783 2783 
5698 17094 
1226 408 
6537 2178 
1067 3201 
3592 10776 
1374 457 
2861 953 
2729 2729 
4677 1558 
2735 2735 
4736 4736 
1339 4017 
5893 17679 
7392 22176 
4816 1604 
2907 2907 
4437 4437 
1552 516 
169 507 
3115 3115 
6596 19788 
3124 3124 
3729 3729 
2529 2529 
942 313 
7106 21318 
1449 482 
6955 2317 
4386 1461 
5835 1944 
1917 5751 
2605 2605 
606 201 
3946 3946 
7017 2338 
7450 2482 
3583 10749 
7177 2391 
3307 3307 
5766 1921 
5130 1709 
2835 2835 
3725 1241 
6152 2050 
3068 3068 
4032 1343 
6426 19278 
3138 3138 
6702 2233 
5589 16767 
5551 1849 
3763 3763 
2744 914 
7390 2462 
1069 355 
4593 1530 
958 2874 
4915 4915 
4758 4758 
345 114 
3224 3224 
6490 19470 
4200 4200 
3658 3658 
3448 3448 
1677 5031 
1227 3681 
3302 1100 
4946 4946 
3230 3230 
3247 3247 
4921 4921 
5804 17412 
176 528 
3662 3662 
3686 3686 
724 2172 
6555 19665 
5000 5000 
5683 1893 
4153 4153 
6836 2278 
352 116 
3171 3171 
4878 4878 
1589 529 
435 1305 
3316 3316 
3254 3254 
3181 1059 
4015 12045 
3772 1256 
2332 776 
3324 3324 
467 155 
3830 1276 
3748 3748 
7371 22113 
6280 18840 
3126 9378 
2382 793 
3335 10005 
4708 4708 
1156 384 
3760 11280 
3043 3043 
4358 4358 
7388 2462 
5126 15378 
2523 2523 
5923 17769 
3635 10905 
1353 4059 
5557 16671 
3191 3191 
1906 634 
6560 2186 
4243 4243 
2996 2996 
3436 1144 
5056 1684 
4565 4565 
6141 18423 
3901 3901 
4389 4389 
3249 1082 
2777 8331 
4548 4548 
3444 10332 
1051 349 
2632 2632 
3572 3572 
5307 15921 
3076 1024 
3008 3008 
4871 4871 
3633 3633 
4653 1550 
6735 2244 
7300 2432 
3761 3761 
5721 1906 
5671 17013 
2891 963 
6762 20286 
2766 2766 
550 1650 
4849 4849 
6158 18474 
4128 4128 
3996 3996 
3367 10101 
634 1902 
6720 20160 
2021 6063 
3510 1169 
3042 3042 
1343 4029 
2773 8319 
147 48 
2757 2757 
149 447 
4866 4866 
2944 980 
1317 3951 
3448 10344 
2961 986 
4821 4821 
63 189 
130 390 
3642 3642 
6639 2212 
4872 4872 
3996 11988 
71 213 
4186 1394 
2588 2588 
150 49 
3531 3531 
3680 3680 
2541 846 
648 1944 
1790 596 
2553 2553 
6956 2318 
1819 605 
3228 9684 
2851 2851 
4063 4063 
4285 4285 
2001 666 
3382 1126 
2959 2959 
605 1815 
3001 3001 
3773 3773 
4885 4885 
45 135 
4712 4712 
4831 4831 
2740 912 
5809 17427 
3355 3355 
7355 22065 
3325 3325 
6794 20382 
4735 4735 
4111 4111 
2831 943 
4297 12891 
2072 6216 
4102 1366 
3858 3858 
4221 4221 
3838 11514 
3418 3418 
2518 838 
1311 436 
4324 4324 
2193 6579 
6673 2223 
5472 16416 
1606 4818 
1470 489 
4812 1603 
3602 10806 
5123 1707 
6137 18411 
3994 3994 
4467 4467 
7384 22152 
6687 2228 
4768 14304 
2722 906 
4963 4963 
7127 2375 
1815 5445 
5588 1862 
4841 4841 
5094 1697 
1809 602 
6711 2236 
6649 19947 
3810 3810 
2885 2885 
2096 698 
6126 2041 
5939 1979 
2957 2957 
3204 9612 
1217 405 
4576 4576 
5515 1837 
2618 7854 
4804 14412 
3051 3051 
2903 967 
3553 10659 
1487 495 
1322 3966 
3000 3000 
2712 2712 
4621 4621 
4804 1600 
3242 1080 
4824 1607 
4737 4737 
7093 2363 
3141 3141 
2683 8049 
3669 3669 
7389 2462 
3121 3121 
4210 4210 
3620 1206 
3930 11790 
2101 699 
3529 3529 
2105 701 
1795 5385 
1648 4944 
2804 934 
4515 4515 
7322 21966 
4472 4472 
6047 2015 
5541 16623 
4946 14838 
3534 10602 
4880 4880 
6642 19926 
4206 1401 
2347 7041 
2340 779 
2087 695 
2440 812 
2724 2724 
3711 3711 
259 85 
2381 7143 
433 143 
657 1971 
3552 3552 
4447 13341 
2619 2619 
2927 2927 
5544 16632 
7127 21381 
2538 2538 
3792 11376 
1492 4476 
2263 753 
3289 3289 
4361 4361 
5656 16968 
1312 3936 
4556 1518 
3684 3684 
2392 7176 
3675 3675 
7206 21618 
4425 1474 
3989 3989 
1383 4149 
1947 5841 
2742 2742 
5359 1785 
3715 1237 
6853 2283 
3516 3516 
4954 4954 
5196 15588 
3020 1006 
4314 12942 
4766 4766 
2881 8643 
4931 4931 
3129 9387 
2582 2582 
4206 4206 
3296 3296 
3206 9618 
3286 3286 
4786 4786 
3622 3622 
2654 2654 
7173 2390 
7174 21522 
1659 4977 
2581 859 
4750 1582 
4687 4687 
1562 4686 
5731 17193 
5757 17271 
2780 2780 
6105 18315 
5682 17046 
6433 2143 
4530 4530 
3613 10839 
2533 2533 
2854 950 
3409 3409 
4217 4217 
5362 1786 
2456 7368 
2674 2674 
3160 9480 
7121 21363 
3636 10908 
3180 9540 
2373 790 
3386 10158 
7293 2430 
2449 7347 
1546 514 
1411 469 
3707 3707 
4412 4412 
5871 17613 
4820 4820 
4468 4468 
1046 348 
6475 2157 
6339 19017 
2975 2975 
4148 4148 
1868 622 
4180 4180 
2775 924 
6638 19914 
3445 3445 
4579 4579 
2887 2887 
3122 1040 
1085 361 
7267 2421 
3612 1203 
6081 2026 
7443 2480 
5441 1813 
3060 3060 
5964 1987 
2733 2733 
902 2706 
4902 4902 
1111 369 
4994 4994 
1173 3519 
92 30 
4631 1543 
5996 1998 
2285 6855 
4486 13458 
4356 1451 
2031 676 
3866 3866 
4315 4315 
4774 4774 
2973 2973 
2965 8895 
4348 4348 
3000 9000 
1279 425 
4011 1336 
3863 1287 
5734 17202 
3735 3735 
3950 3950 
6027 2008 
1700 566 
122 366 
3908 3908 
4977 4977 
6502 2166 
2689 2689 
7149 2382 
1483 4449 
7096 2364 
7075 21225 
4351 4351 
4554 4554 
4360 1452 
1009 335 
2983 2983 
3201 9603 
7130 2376 
3556 10668 
4811 4811 
990 2970 
3915 3915 
3031 3031 
1864 5592 
3853 3853 
3594 3594 
1890 629 
87 261 
5387 1795 
7358 22074 
5368 16104 
3717 3717 
1161 386 
1384 460 
3010 3010 
6978 20934 
3740 1246 
3835 3835 
3193 3193 
3538 3538 
5848 17544 
3322 9966 
2781 8343 
5379 1792 
4336 1444 
3161 1053 
3174 9522 
3149 9447 
2125 6375 
7236 2411 
3287 3287 
3349 3349 
721 239 
2196 6588 
764 254 
1819 5457 
2954 984 
6529 2175 
3327 9981 
5785 17355 
4341 1446 
2586 2586 
6282 2093 
2812 2812 
2867 8601 
3387 3387 
3910 3910 
6893 20679 
4560 1519 
6909 20727 
3174 1057 
319 105 
4409 4409 
5067 15201 
3690 3690 
4362 13086 
6848 20544 
4608 4608 
1039 3117 
4548 13644 
2071 6213 
4620 4620 
4580 13740 
6426 2141 
70 210 
3320 1106 
575 191 
1074 357 
6949 20847 
2862 2862 
1087 361 
3841 3841 
2372 7116 
2863 8589 
4309 1435 
5298 1765 
1994 5982 
3584 1194 
6131 2043 
584 1752 
6869 2289 
1386 461 
6312 2103 
3768 11304 
3364 10092 
2967 2967 
3872 3872 
6567 19701 
640 212 
629 209 
3065 9195 
6774 20322 
1392 463 
2850 2850 
7090 21270 
4749 4749 
6094 2030 
4070 4070 
4097 1365 
7057 2351 
1137 378 
7282 21846 
5607 16821 
4962 4962 
4340 4340 
3564 1187 
1286 3858 
4145 4145 
1596 531 
3738 3738 
2677 8031 
3420 10260 
2862 8586 
1729 5187 
3126 3126 
1729 575 
649 215 
740 246 
1941 646 
3645 10935 
5873 17619 
6717 2238 
6316 18948 
7202 2400 
4192 4192 
4508 1502 
1620 4860 
6033 2010 
6077 2025 
3050 3050 
4196 4196 
4648 13944 
2531 2531 
4284 4284 
3173 3173 
3284 9852 
1371 4113 
2905 2905 
776 258 
4981 4981 
4082 4082 
2896 2896 
4602 4602 
4722 14166 
4253 4253 
3425 3425 
4596 4596 
2820 2820 
3997 3997 
5218 1738 
5326 1774 
15 4 
4023 12069 
5201 15603 
2963 2963 
2665 2665 
3599 3599 
2291 6873 
211 633 
7444 22332 
5645 1881 
5432 1810 
4338 13014 
5564 1854 
5436 16308 
1042 346 
3354 10062 
3016 3016 
3339 3339 
213 70 
6049 2015 
3338 10014 
4724 4724 
1212 403 
936 2808 
3014 3014 
6337 2111 
3887 3887 
4996 4996 
5137 15411 
3941 11823 
3294 3294 
4201 1399 
4841 14523 
465 1395 
3456 10368 
3681 1226 
3695 3695 
952 2856 
6453 2150 
810 2430 
6971 2323 
2541 2541 
2404 7212 
3534 3534 
2932 2932 
2782 2782 
6033 18099 
3249 9747 
6084 2027 
3988 3988 
4989 1662 
1053 3159 
5261 1753 
3003 3003 
2239 6717 
2647 881 
7226 2408 
6510 2169 
6477 19431 
1557 4671 
1973 5919 
