82 3403
9 9 
6 6 
41 41 
79 79 
58 58 
69 69 
21 21 
28 28 
60 60 
55 55 
64 64 
40 40 
81 81 
2 2 
38 38 
44 44 
22 22 
67 67 
51 51 
70 70 
25 25 
71 71 
13 13 
1 1 
82 82 
30 30 
31 31 
72 72 
7 7 
16 16 
19 19 
52 52 
4 4 
48 48 
54 54 
42 42 
49 49 
5 5 
46 46 
59 59 
14 14 
73 73 
15 15 
27 27 
47 47 
23 23 
18 18 
77 77 
8 8 
80 80 
39 39 
68 68 
53 53 
34 34 
10 10 
43 43 
62 62 
20 20 
29 29 
63 63 
36 36 
26 26 
66 66 
37 37 
33 33 
12 12 
65 65 
57 57 
35 35 
75 75 
17 17 
11 11 
78 78 
61 61 
24 24 
45 45 
32 32 
56 56 
74 74 
3 3 
76 76 
50 50 
