89 4005
25 25 
78 78 
80 80 
61 61 
52 52 
24 24 
55 55 
31 31 
56 56 
29 29 
43 43 
88 88 
72 72 
83 83 
41 41 
76 76 
48 48 
1 1 
85 85 
2 2 
30 30 
3 3 
39 39 
37 37 
58 58 
50 50 
10 10 
6 6 
28 28 
65 65 
59 59 
45 45 
18 18 
62 62 
71 71 
64 64 
21 21 
84 84 
4 4 
67 67 
40 40 
89 89 
23 23 
73 73 
36 36 
14 14 
75 75 
5 5 
32 32 
57 57 
16 16 
33 33 
68 68 
19 19 
38 38 
8 8 
35 35 
49 49 
46 46 
70 70 
63 63 
15 15 
54 54 
47 47 
13 13 
79 79 
42 42 
81 81 
69 69 
9 9 
82 82 
27 27 
44 44 
53 53 
11 11 
60 60 
34 34 
7 7 
22 22 
77 77 
20 20 
26 26 
74 74 
87 87 
86 86 
12 12 
66 66 
17 17 
51 51 
