80 3240
8 8 
56 56 
34 34 
45 45 
48 48 
46 46 
60 60 
2 2 
19 19 
39 39 
16 16 
52 52 
62 62 
5 5 
28 28 
47 47 
64 64 
79 79 
24 24 
80 80 
51 51 
50 50 
41 41 
22 22 
63 63 
33 33 
65 65 
13 13 
31 31 
77 77 
42 42 
4 4 
73 73 
70 70 
29 29 
76 76 
9 9 
54 54 
11 11 
30 30 
71 71 
32 32 
18 18 
1 1 
78 78 
21 21 
27 27 
61 61 
68 68 
12 12 
66 66 
25 25 
44 44 
26 26 
69 69 
17 17 
37 37 
75 75 
59 59 
3 3 
7 7 
6 6 
10 10 
74 74 
40 40 
36 36 
72 72 
49 49 
38 38 
57 57 
23 23 
55 55 
14 14 
20 20 
58 58 
15 15 
35 35 
43 43 
67 67 
53 53 
