83 3486
62 62 
15 15 
12 12 
46 46 
30 30 
18 18 
82 82 
42 42 
57 57 
79 79 
1 1 
74 74 
10 10 
5 5 
45 45 
67 67 
40 40 
81 81 
77 77 
13 13 
4 4 
44 44 
26 26 
61 61 
3 3 
37 37 
63 63 
72 72 
35 35 
16 16 
23 23 
27 27 
54 54 
34 34 
75 75 
39 39 
24 24 
58 58 
14 14 
65 65 
66 66 
50 50 
7 7 
76 76 
53 53 
68 68 
20 20 
38 38 
51 51 
8 8 
47 47 
48 48 
73 73 
32 32 
70 70 
78 78 
83 83 
21 21 
6 6 
17 17 
22 22 
69 69 
33 33 
55 55 
29 29 
43 43 
56 56 
19 19 
52 52 
41 41 
9 9 
11 11 
64 64 
2 2 
49 49 
60 60 
80 80 
31 31 
25 25 
28 28 
59 59 
71 71 
36 36 
