88 3916
7 7 
61 61 
15 15 
76 76 
57 57 
11 11 
43 43 
50 50 
56 56 
69 69 
65 65 
37 37 
33 33 
5 5 
58 58 
32 32 
1 1 
27 27 
53 53 
19 19 
42 42 
73 73 
87 87 
77 77 
22 22 
82 82 
51 51 
13 13 
80 80 
31 31 
39 39 
59 59 
68 68 
88 88 
4 4 
86 86 
38 38 
81 81 
63 63 
3 3 
47 47 
54 54 
44 44 
10 10 
67 67 
83 83 
20 20 
26 26 
55 55 
30 30 
18 18 
46 46 
85 85 
16 16 
62 62 
23 23 
14 14 
72 72 
29 29 
79 79 
34 34 
60 60 
28 28 
9 9 
21 21 
41 41 
84 84 
12 12 
36 36 
24 24 
48 48 
8 8 
40 40 
2 2 
74 74 
17 17 
70 70 
66 66 
49 49 
35 35 
78 78 
75 75 
52 52 
71 71 
6 6 
64 64 
25 25 
45 45 
