81 3321
5 5 
48 48 
61 61 
18 18 
66 66 
13 13 
64 64 
29 29 
22 22 
55 55 
57 57 
50 50 
79 79 
34 34 
46 46 
6 6 
73 73 
39 39 
67 67 
49 49 
37 37 
70 70 
54 54 
28 28 
45 45 
62 62 
8 8 
27 27 
80 80 
31 31 
7 7 
65 65 
3 3 
41 41 
58 58 
35 35 
38 38 
63 63 
23 23 
12 12 
9 9 
33 33 
60 60 
14 14 
10 10 
17 17 
72 72 
44 44 
75 75 
20 20 
76 76 
42 42 
19 19 
74 74 
43 43 
1 1 
32 32 
47 47 
78 78 
24 24 
52 52 
30 30 
26 26 
53 53 
69 69 
2 2 
16 16 
51 51 
4 4 
68 68 
25 25 
40 40 
81 81 
21 21 
56 56 
77 77 
11 11 
15 15 
59 59 
36 36 
71 71 
