86 3741
55 55 
64 64 
82 82 
24 24 
68 68 
83 83 
14 14 
8 8 
23 23 
45 45 
15 15 
18 18 
80 80 
22 22 
48 48 
72 72 
39 39 
44 44 
75 75 
11 11 
66 66 
53 53 
43 43 
37 37 
76 76 
29 29 
52 52 
26 26 
9 9 
35 35 
62 62 
7 7 
34 34 
40 40 
25 25 
31 31 
51 51 
36 36 
10 10 
27 27 
13 13 
77 77 
4 4 
21 21 
28 28 
63 63 
46 46 
85 85 
70 70 
54 54 
84 84 
78 78 
6 6 
57 57 
79 79 
16 16 
71 71 
60 60 
32 32 
41 41 
49 49 
2 2 
81 81 
12 12 
61 61 
38 38 
5 5 
69 69 
86 86 
58 58 
47 47 
17 17 
59 59 
56 56 
30 30 
73 73 
3 3 
20 20 
50 50 
19 19 
74 74 
33 33 
1 1 
42 42 
65 65 
67 67 
