87 3828
54 54 
11 11 
61 61 
87 87 
53 53 
51 51 
75 75 
69 69 
70 70 
58 58 
29 29 
62 62 
36 36 
80 80 
25 25 
8 8 
4 4 
22 22 
37 37 
15 15 
35 35 
85 85 
45 45 
76 76 
57 57 
41 41 
12 12 
67 67 
44 44 
59 59 
83 83 
10 10 
78 78 
18 18 
52 52 
39 39 
21 21 
47 47 
2 2 
68 68 
33 33 
77 77 
34 34 
82 82 
38 38 
60 60 
6 6 
63 63 
49 49 
46 46 
55 55 
13 13 
5 5 
1 1 
65 65 
31 31 
3 3 
86 86 
26 26 
32 32 
16 16 
73 73 
84 84 
27 27 
64 64 
19 19 
7 7 
9 9 
30 30 
23 23 
72 72 
71 71 
28 28 
50 50 
14 14 
20 20 
79 79 
24 24 
17 17 
81 81 
74 74 
48 48 
40 40 
56 56 
66 66 
42 42 
43 43 
