85 3655
30 30 
32 32 
84 84 
76 76 
43 43 
16 16 
50 50 
8 8 
63 63 
70 70 
23 23 
73 73 
3 3 
78 78 
14 14 
20 20 
13 13 
85 85 
29 29 
15 15 
54 54 
17 17 
45 45 
75 75 
36 36 
12 12 
44 44 
74 74 
49 49 
24 24 
1 1 
59 59 
77 77 
38 38 
37 37 
79 79 
64 64 
34 34 
83 83 
58 58 
35 35 
53 53 
33 33 
26 26 
9 9 
25 25 
6 6 
68 68 
61 61 
82 82 
69 69 
21 21 
7 7 
19 19 
10 10 
72 72 
5 5 
40 40 
81 81 
27 27 
52 52 
80 80 
51 51 
4 4 
42 42 
2 2 
57 57 
48 48 
18 18 
41 41 
71 71 
28 28 
31 31 
47 47 
67 67 
66 66 
22 22 
60 60 
39 39 
65 65 
11 11 
56 56 
55 55 
46 46 
62 62 
