84 3570
32 32 
3 3 
79 79 
40 40 
51 51 
56 56 
65 65 
14 14 
84 84 
55 55 
63 63 
64 64 
38 38 
48 48 
49 49 
67 67 
9 9 
26 26 
59 59 
12 12 
6 6 
45 45 
50 50 
25 25 
60 60 
29 29 
73 73 
42 42 
24 24 
74 74 
68 68 
58 58 
27 27 
4 4 
77 77 
75 75 
36 36 
18 18 
37 37 
83 83 
30 30 
76 76 
28 28 
17 17 
22 22 
66 66 
70 70 
35 35 
41 41 
31 31 
46 46 
81 81 
5 5 
62 62 
61 61 
47 47 
11 11 
7 7 
57 57 
54 54 
16 16 
13 13 
10 10 
23 23 
80 80 
34 34 
2 2 
20 20 
82 82 
78 78 
33 33 
44 44 
52 52 
19 19 
8 8 
53 53 
21 21 
43 43 
71 71 
15 15 
72 72 
1 1 
39 39 
69 69 
