93 4371
65 65 
31 31 
16 16 
56 56 
74 74 
82 82 
89 89 
60 60 
21 21 
88 88 
19 19 
12 12 
8 8 
84 84 
85 85 
75 75 
52 52 
39 39 
83 83 
59 59 
79 79 
40 40 
26 26 
51 51 
17 17 
30 30 
66 66 
87 87 
76 76 
55 55 
90 90 
81 81 
4 4 
2 2 
71 71 
63 63 
78 78 
35 35 
93 93 
23 23 
46 46 
36 36 
57 57 
18 18 
43 43 
24 24 
62 62 
70 70 
13 13 
48 48 
54 54 
49 49 
1 1 
11 11 
42 42 
61 61 
34 34 
53 53 
29 29 
86 86 
91 91 
72 72 
41 41 
44 44 
15 15 
9 9 
25 25 
14 14 
68 68 
50 50 
64 64 
28 28 
33 33 
22 22 
92 92 
77 77 
37 37 
73 73 
67 67 
10 10 
38 38 
5 5 
20 20 
6 6 
69 69 
7 7 
32 32 
80 80 
47 47 
45 45 
27 27 
58 58 
3 3 
