91 4186
71 71 
54 54 
39 39 
63 63 
65 65 
43 43 
32 32 
79 79 
80 80 
33 33 
91 91 
35 35 
28 28 
74 74 
1 1 
48 48 
40 40 
51 51 
42 42 
72 72 
66 66 
81 81 
31 31 
46 46 
38 38 
3 3 
15 15 
27 27 
70 70 
29 29 
75 75 
57 57 
78 78 
41 41 
36 36 
24 24 
10 10 
26 26 
73 73 
13 13 
5 5 
9 9 
62 62 
69 69 
84 84 
52 52 
55 55 
30 30 
7 7 
68 68 
45 45 
77 77 
4 4 
47 47 
2 2 
82 82 
83 83 
16 16 
87 87 
53 53 
11 11 
67 67 
50 50 
58 58 
56 56 
19 19 
76 76 
23 23 
17 17 
88 88 
60 60 
25 25 
89 89 
37 37 
34 34 
12 12 
61 61 
21 21 
22 22 
14 14 
18 18 
86 86 
59 59 
85 85 
44 44 
6 6 
49 49 
8 8 
90 90 
64 64 
20 20 
