90 4095
89 89 
40 40 
15 15 
43 43 
80 80 
19 19 
46 46 
7 7 
58 58 
35 35 
84 84 
39 39 
53 53 
1 1 
86 86 
63 63 
23 23 
78 78 
25 25 
34 34 
49 49 
82 82 
38 38 
87 87 
75 75 
12 12 
36 36 
67 67 
69 69 
6 6 
27 27 
79 79 
65 65 
24 24 
37 37 
41 41 
8 8 
28 28 
59 59 
77 77 
81 81 
42 42 
2 2 
62 62 
51 51 
50 50 
21 21 
70 70 
88 88 
71 71 
3 3 
64 64 
20 20 
13 13 
32 32 
9 9 
76 76 
29 29 
74 74 
73 73 
66 66 
4 4 
56 56 
68 68 
30 30 
33 33 
22 22 
57 57 
61 61 
54 54 
26 26 
52 52 
11 11 
47 47 
18 18 
72 72 
31 31 
14 14 
60 60 
17 17 
48 48 
45 45 
90 90 
44 44 
10 10 
16 16 
55 55 
83 83 
5 5 
85 85 
