96 4656
70 70 
52 52 
69 69 
3 3 
54 54 
20 20 
44 44 
87 87 
84 84 
75 75 
30 30 
21 21 
23 23 
51 51 
86 86 
29 29 
94 94 
73 73 
41 41 
15 15 
18 18 
37 37 
11 11 
34 34 
14 14 
96 96 
16 16 
45 45 
9 9 
57 57 
63 63 
65 65 
6 6 
27 27 
24 24 
90 90 
13 13 
78 78 
64 64 
91 91 
38 38 
60 60 
49 49 
35 35 
80 80 
71 71 
55 55 
8 8 
66 66 
17 17 
2 2 
62 62 
36 36 
28 28 
85 85 
61 61 
33 33 
43 43 
82 82 
42 42 
48 48 
76 76 
5 5 
4 4 
77 77 
95 95 
47 47 
67 67 
22 22 
12 12 
83 83 
81 81 
74 74 
92 92 
10 10 
50 50 
88 88 
7 7 
79 79 
56 56 
25 25 
39 39 
68 68 
53 53 
46 46 
89 89 
58 58 
40 40 
31 31 
59 59 
32 32 
93 93 
1 1 
72 72 
26 26 
19 19 
