94 4465
13 13 
69 69 
24 24 
28 28 
50 50 
86 86 
91 91 
68 68 
38 38 
15 15 
75 75 
93 93 
88 88 
20 20 
56 56 
63 63 
29 29 
47 47 
33 33 
57 57 
14 14 
25 25 
1 1 
2 2 
90 90 
22 22 
36 36 
30 30 
62 62 
11 11 
35 35 
44 44 
54 54 
43 43 
40 40 
12 12 
32 32 
74 74 
65 65 
84 84 
80 80 
19 19 
87 87 
94 94 
64 64 
51 51 
4 4 
39 39 
85 85 
37 37 
72 72 
55 55 
49 49 
10 10 
66 66 
21 21 
60 60 
58 58 
70 70 
45 45 
23 23 
67 67 
5 5 
6 6 
48 48 
61 61 
8 8 
71 71 
53 53 
42 42 
78 78 
92 92 
83 83 
3 3 
81 81 
9 9 
7 7 
73 73 
46 46 
41 41 
77 77 
82 82 
76 76 
89 89 
79 79 
18 18 
59 59 
34 34 
26 26 
17 17 
31 31 
27 27 
16 16 
52 52 
