92 4278
92 92 
67 67 
51 51 
90 90 
91 91 
5 5 
69 69 
13 13 
55 55 
6 6 
29 29 
24 24 
3 3 
62 62 
60 60 
7 7 
61 61 
77 77 
9 9 
47 47 
66 66 
16 16 
87 87 
84 84 
43 43 
10 10 
74 74 
35 35 
4 4 
19 19 
50 50 
68 68 
32 32 
75 75 
41 41 
79 79 
33 33 
34 34 
45 45 
78 78 
11 11 
15 15 
25 25 
2 2 
70 70 
28 28 
83 83 
76 76 
58 58 
26 26 
20 20 
57 57 
88 88 
38 38 
12 12 
52 52 
44 44 
81 81 
40 40 
54 54 
31 31 
56 56 
37 37 
14 14 
39 39 
48 48 
85 85 
49 49 
18 18 
1 1 
46 46 
63 63 
27 27 
86 86 
64 64 
71 71 
23 23 
8 8 
22 22 
65 65 
21 21 
59 59 
72 72 
53 53 
80 80 
89 89 
17 17 
36 36 
42 42 
30 30 
73 73 
82 82 
