99 4950
87 87 
64 64 
73 73 
18 18 
35 35 
58 58 
86 86 
29 29 
93 93 
6 6 
8 8 
99 99 
54 54 
65 65 
89 89 
66 66 
37 37 
69 69 
22 22 
71 71 
36 36 
15 15 
20 20 
26 26 
45 45 
78 78 
30 30 
85 85 
27 27 
60 60 
91 91 
49 49 
92 92 
67 67 
9 9 
95 95 
14 14 
56 56 
68 68 
76 76 
4 4 
12 12 
39 39 
62 62 
17 17 
75 75 
3 3 
13 13 
41 41 
79 79 
52 52 
28 28 
21 21 
77 77 
33 33 
11 11 
1 1 
70 70 
88 88 
44 44 
51 51 
32 32 
24 24 
19 19 
61 61 
7 7 
50 50 
53 53 
90 90 
84 84 
10 10 
82 82 
48 48 
97 97 
83 83 
42 42 
47 47 
38 38 
55 55 
96 96 
46 46 
25 25 
2 2 
80 80 
63 63 
23 23 
16 16 
59 59 
74 74 
81 81 
57 57 
31 31 
5 5 
34 34 
98 98 
43 43 
94 94 
40 40 
72 72 
