95 4560
49 49 
75 75 
16 16 
8 8 
95 95 
3 3 
9 9 
64 64 
46 46 
28 28 
18 18 
87 87 
6 6 
58 58 
81 81 
52 52 
80 80 
12 12 
7 7 
94 94 
47 47 
84 84 
54 54 
15 15 
4 4 
88 88 
45 45 
43 43 
86 86 
62 62 
53 53 
50 50 
72 72 
41 41 
85 85 
78 78 
67 67 
71 71 
69 69 
55 55 
33 33 
31 31 
14 14 
48 48 
92 92 
89 89 
2 2 
40 40 
10 10 
82 82 
83 83 
37 37 
77 77 
24 24 
59 59 
23 23 
1 1 
42 42 
34 34 
56 56 
70 70 
79 79 
5 5 
60 60 
61 61 
17 17 
20 20 
44 44 
66 66 
30 30 
32 32 
21 21 
63 63 
22 22 
73 73 
35 35 
57 57 
29 29 
26 26 
51 51 
91 91 
11 11 
74 74 
13 13 
25 25 
27 27 
68 68 
39 39 
65 65 
38 38 
90 90 
93 93 
76 76 
36 36 
19 19 
