98 4851
94 94 
44 44 
52 52 
47 47 
49 49 
76 76 
82 82 
67 67 
59 59 
10 10 
29 29 
65 65 
41 41 
74 74 
28 28 
7 7 
93 93 
88 88 
95 95 
40 40 
27 27 
4 4 
86 86 
72 72 
81 81 
78 78 
12 12 
14 14 
57 57 
31 31 
43 43 
8 8 
50 50 
90 90 
69 69 
97 97 
63 63 
96 96 
22 22 
23 23 
92 92 
33 33 
62 62 
15 15 
68 68 
53 53 
80 80 
71 71 
37 37 
19 19 
64 64 
83 83 
45 45 
98 98 
3 3 
87 87 
32 32 
85 85 
38 38 
26 26 
91 91 
34 34 
13 13 
46 46 
39 39 
2 2 
89 89 
24 24 
21 21 
17 17 
1 1 
11 11 
58 58 
9 9 
30 30 
35 35 
75 75 
6 6 
20 20 
5 5 
18 18 
54 54 
84 84 
51 51 
55 55 
16 16 
77 77 
25 25 
70 70 
79 79 
56 56 
36 36 
48 48 
42 42 
66 66 
61 61 
73 73 
60 60 
