97 4753
53 53 
73 73 
54 54 
7 7 
31 31 
4 4 
48 48 
49 49 
19 19 
76 76 
93 93 
65 65 
3 3 
64 64 
74 74 
1 1 
84 84 
97 97 
78 78 
40 40 
88 88 
35 35 
71 71 
60 60 
14 14 
79 79 
87 87 
86 86 
34 34 
57 57 
9 9 
29 29 
69 69 
42 42 
61 61 
68 68 
5 5 
25 25 
92 92 
15 15 
23 23 
80 80 
85 85 
11 11 
43 43 
55 55 
59 59 
50 50 
10 10 
6 6 
95 95 
33 33 
41 41 
12 12 
75 75 
51 51 
67 67 
56 56 
77 77 
44 44 
2 2 
39 39 
82 82 
24 24 
18 18 
58 58 
17 17 
96 96 
27 27 
46 46 
21 21 
38 38 
90 90 
47 47 
20 20 
26 26 
45 45 
63 63 
89 89 
72 72 
91 91 
16 16 
83 83 
13 13 
28 28 
70 70 
30 30 
36 36 
94 94 
62 62 
37 37 
22 22 
32 32 
66 66 
81 81 
8 8 
52 52 
